0.00188e-03 0.28086e-09
0.00198e-03 0.32695e-09
0.00197e-03 0.33040e-09
0.00158e-03 0.30547e-09
0.00012e-03 0.14057e-09
0.00015e-03 0.14355e-09
0.00022e-03 0.14940e-09
0.00035e-03 0.15297e-09
0.00054e-03 0.16506e-09
0.00083e-03 0.19493e-09
0.00150e-03 0.27991e-09
0.00192e-03 0.34848e-09
0.00195e-03 0.35333e-09
0.00194e-03 0.35282e-09
0.00016e-03 0.13993e-09
0.00018e-03 0.14197e-09
0.00023e-03 0.14480e-09
0.00027e-03 0.14606e-09
0.00038e-03 0.15903e-09
0.00058e-03 0.17194e-09
0.00081e-03 0.20372e-09
0.00115e-03 0.24744e-09
0.00170e-03 0.32268e-09
0.00193e-03 0.37194e-09
0.00198e-03 0.37605e-09
0.00199e-03 0.36906e-09
0.00072e-03 0.22651e-09
0.00016e-03 0.13831e-09
0.00019e-03 0.14097e-09
0.00025e-03 0.14356e-09
0.00032e-03 0.14947e-09
0.00047e-03 0.15997e-09
0.00077e-03 0.19200e-09
0.00139e-03 0.26995e-09
0.00032e-03 0.16337e-09
0.00034e-03 0.16122e-09
0.00047e-03 0.16495e-09
0.00084e-03 0.19222e-09
0.00145e-03 0.25815e-09
0.00187e-03 0.31100e-09
0.00198e-03 0.33288e-09
0.00201e-03 0.32863e-09
0.00019e-03 0.15977e-09
0.00018e-03 0.15590e-09
0.00022e-03 0.15817e-09
0.00027e-03 0.16383e-09
