0.00822e-03 59.443e-09
0.01049e-03 79.232e-09
0.01561e-03 117.590e-09
0.02159e-03 156.470e-09
0.02758e-03 202.585e-09
0.03374e-03 0.23969e-06
0.03258e-03 0.23288e-06
0.03268e-03 0.23288e-06
0.03241e-03 0.23442e-06
0.03432e-03 0.24328e-06
0.03280e-03 0.23598e-06
0.03308e-03 0.23384e-06
0.03378e-03 0.23658e-06
0.02793e-03 158.220e-09
0.00630e-03 42.556e-09
0.00098e-03 8.2840e-09
0.00118e-03 9.2432e-09
0.00138e-03 11.1095e-09
0.00173e-03 13.3834e-09
0.00224e-03 17.2088e-09
0.00288e-03 21.908e-09
0.00350e-03 25.566e-09
0.00430e-03 33.288e-09
0.00589e-03 44.988e-09
0.00868e-03 64.854e-09

