0.001e-03   4.4306e-09
10e-03  4.3759e-09
20e-03  4.3393e-09
30e-03  4.3338e-09
40e-03  4.2831e-09
50e-03  4.2600e-09
60e-03  4.6419e-09
70e-03  4.3609e-09
80e-03  4.4274e-09
90e-03  4.5303e-09
100e-03 5.5885e-09
110e-03 5.3423e-09
120e-03 9.2760e-09
130e-03 18.0808e-09
140e-03 26.927e-09
150e-03 28.887e-09
160e-03 36.602e-09
170e-03 40.982e-09
180e-03 45.376e-09
190e-03 87.288e-09
200e-03 148.200e-09
210e-03 0.20429e-06
220e-03 0.27328e-06
230e-03 0.34979e-06
240e-03 0.39493e-06
250e-03 0.56015e-06
260e-03 0.65365e-06
270e-03 0.82461e-06
280e-03 1.00928e-06
290e-03 1.21098e-06
300e-03 1.44265e-06
310e-03 1.68606e-06
320e-03 1.90211e-06
330e-03 2.1722e-06
340e-03 2.3338e-06
350e-03 2.5683e-06
360e-03 2.7728e-06
370e-03 3.0327e-06
380e-03 3.2486e-06
390e-03 3.4539e-06
400e-03 3.7103e-06
410e-03 3.8981e-06
420e-03 4.2136e-06
430e-03 4.5445e-06
440e-03 4.8425e-06
450e-03 5.0346e-06
460e-03 5.2609e-06
470e-03 5.4463e-06