466.02	1099.55
466.24	1099.55
466.45	1099.55
466.67	1089.31
466.89	1138.26
467.10	1127.41
467.32	1101.19
467.53	1130.07
467.75	1105.90
467.96	1123.52
468.18	1121.88
468.40	1098.12
468.61	1125.56
468.83	1102.01
469.04	1128.23
469.26	1099.35
469.47	1118.81
469.69	1106.52
469.90	1123.52
470.12	1106.31
470.34	1123.93
470.55	1115.94
470.77	1117.17
470.98	1096.07
471.20	1117.37
471.41	1109.59
471.63	1114.10
471.84	1107.54
472.06	1120.24
472.27	1091.98
472.49	1112.66
472.70	1105.08
472.92	1125.77
473.14	1108.16
473.35	1111.84
473.57	1108.77
473.78	1125.77
474.00	1097.71
474.21	1093.41
474.43	1092.18
474.64	1115.53
474.86	1094.84
475.07	1129.05
475.29	1119.21
475.50	1089.52
475.72	1119.62
475.93	1120.24
476.15	1105.90
476.36	1127.82
476.58	1090.75
476.79	1119.01
477.01	1109.18
477.22	1121.88
477.44	1112.05
477.65	1127.82
477.87	1121.26
478.08	1112.25
478.30	1097.71
478.51	1138.06
478.73	1117.99
478.94	1119.42
479.16	1121.88
479.37	1130.27
479.59	1092.18
479.80	1116.96
480.02	1093.41
480.23	1129.05
480.45	1101.81
480.66	1118.19
480.88	1103.45
481.09	1115.73
481.30	1097.10
481.52	1136.42
481.73	1080.92
481.95	1114.10
482.16	1110.41
482.38	1124.13
482.59	1137.85
482.81	1134.98
483.02	1123.11
483.24	1135.19
483.45	1108.98
483.66	1125.56
483.88	1113.69
484.09	1126.18
484.31	1119.01
484.52	1115.94
484.74	1099.55
484.95	1112.66
485.17	1106.52
485.38	1102.63
485.59	1113.48
485.81	1139.69
486.02	1139.69
486.24	1117.37
486.45	1109.59
486.67	1116.14
486.88	1100.17
487.09	1102.01
487.31	1121.88
487.52	1130.68
487.74	1115.94
487.95	1110.41
488.17	1116.55
488.38	1130.07
488.59	1099.76
488.81	1105.29
489.02	1113.89
489.24	1115.53
489.45	1104.06
489.66	1126.59
489.88	1132.32
490.09	1123.31
490.31	1094.43
490.52	1127.41
490.73	1125.77
490.95	1127.82
491.16	1110.82
491.37	1120.44
491.59	1118.81
491.80	1140.92
492.02	1088.70
492.23	1111.64
492.44	1102.22
492.66	1126.38
492.87	1121.47
493.09	1110.61
493.30	1120.65
493.51	1132.94
493.73	1111.64
493.94	1132.94
494.15	1099.55
494.37	1141.33
494.58	1095.87
494.79	1103.86
495.01	1109.18
495.22	1142.77
495.44	1104.06
495.65	1116.55
495.86	1100.99
496.08	1123.72
496.29	1100.17
496.50	1107.95
496.72	1126.38
496.93	1109.18
497.14	1097.71
497.36	1118.19
497.57	1089.93
497.78	1111.23
498.00	1113.28
498.21	1106.31
498.42	1122.08
498.64	1101.81
498.85	1119.62
499.06	1124.74
499.28	1119.42
499.49	1135.39
499.70	1122.49
499.92	1131.91
500.13	1132.32
500.34	1128.02
500.56	1112.25
500.77	1129.45
500.98	1122.70
501.20	1119.62
501.41	1120.85
501.62	1126.18
501.83	1100.37
502.05	1122.29
502.26	1106.72
502.47	1115.53
502.69	1111.02
502.90	1129.66
503.11	1098.74
503.33	1114.09
503.54	1084.60
503.75	1106.52
503.96	1094.43
504.18	1131.30
504.39	1094.23
504.60	1132.94
504.82	1088.09
505.03	1138.67
505.24	1104.47
505.45	1163.66
505.67	1119.21
505.88	1138.06
506.09	1140.10
506.31	1142.15
506.52	1120.24
506.73	1129.86
506.94	1098.74
507.16	1126.18
507.37	1105.08
507.58	1112.05
507.79	1115.12
508.01	1131.91
508.22	1096.48
508.43	1137.44
508.64	1129.86
508.86	1116.55
509.07	1118.81
509.28	1121.26
509.49	1121.06
509.71	1125.56
509.92	1106.72
510.13	1101.19
510.34	1116.76
510.56	1133.14
510.77	1108.77
510.98	1129.05
511.19	1115.53
511.41	1132.73
511.62	1107.13
511.83	1122.08
512.04	1081.53
512.25	1117.37
512.47	1107.34
512.68	1131.50
512.89	1115.32
513.10	1103.04
513.32	1112.66
513.53	1122.70
513.74	1104.88
513.95	1113.48
514.16	1117.37
514.38	1135.80
514.59	1130.89
514.80	1106.72
515.01	1115.32
515.22	1119.42
515.44	1109.79
515.65	1152.19
515.86	1102.42
516.07	1132.73
516.28	1107.34
516.50	1128.43
516.71	1106.52
516.92	1127.41
517.13	1130.48
517.34	1150.34
517.56	1104.26
517.77	1109.79
517.98	1097.92
518.19	1127.61
518.40	1113.28
518.61	1134.17
518.83	1123.72
519.04	1129.25
519.25	1127.61
519.46	1117.58
519.67	1113.48
519.88	1107.34
520.10	1111.02
520.31	1125.77
520.52	1106.11
520.73	1131.09
520.94	1119.42
521.15	1130.89
521.37	1119.83
521.58	1131.30
521.79	1107.34
522.00	1102.22
522.21	1122.70
522.42	1129.25
522.63	1111.02
522.85	1129.66
523.06	1094.23
523.27	1109.18
523.48	1094.02
523.69	1126.18
523.90	1109.18
524.11	1141.33
524.32	1121.06
524.54	1107.34
524.75	1135.60
524.96	1113.69
525.17	1141.74
525.38	1130.48
525.59	1090.75
525.80	1122.08
526.01	1107.13
526.23	1146.45
526.44	1096.48
526.65	1126.59
526.86	1105.90
527.07	1125.15
527.28	1096.28
527.49	1139.29
527.70	1110.82
527.91	1104.88
528.13	1109.38
528.34	1108.36
528.55	1116.55
528.76	1130.89
528.97	1110.00
529.18	1124.13
529.39	1115.53
529.60	1153.01
529.81	1120.65
530.02	1136.83
530.23	1128.02
530.45	1113.07
530.66	1116.14
530.87	1112.05
531.08	1084.60
531.29	1120.85
531.50	1108.16
531.71	1102.01
531.92	1135.60
532.13	1120.85
532.34	1117.78
532.55	1127.82
532.76	1124.33
532.97	1106.93
533.18	1103.45
533.39	1120.85
533.61	1111.02
533.82	1125.36
534.03	1113.48
534.24	1136.01
534.45	1095.46
534.66	1125.56
534.87	1106.93
535.08	1132.32
535.29	1101.19
535.50	1139.69
535.71	1092.18
535.92	1108.16
536.13	1099.35
536.34	1138.06
536.55	1127.41
536.76	1095.66
536.97	1108.98
537.18	1102.63
537.39	1086.04
537.60	1130.89
537.81	1089.31
538.02	1128.64
538.23	1114.71
538.44	1116.55
538.65	1123.72
538.86	1122.90
539.07	1108.36
539.28	1125.77
539.49	1125.97
539.70	1098.94
539.91	1102.01
540.12	1123.93
540.33	1102.01
540.54	1119.62
540.75	1110.00
540.96	1103.04
541.17	1101.81
541.38	1126.79
541.59	1105.29
541.80	1107.34
542.01	1095.66
542.22	1113.07
542.43	1114.50
542.64	1110.20
542.85	1114.50
543.06	1126.38
543.27	1118.19
543.48	1122.90
543.69	1089.93
543.90	1111.64
544.11	1128.64
544.32	1121.67
544.53	1112.05
544.74	1122.90
544.95	1091.57
545.16	1127.61
545.37	1117.99
545.58	1125.15
545.79	1100.58
546.00	1118.60
546.21	1111.23
546.42	1102.63
546.63	1125.97
546.84	1151.16
547.05	1107.95
547.26	1125.15
547.47	1097.30
547.68	1129.66
547.88	1123.72
548.09	1143.38
548.30	1125.15
548.51	1115.73
548.72	1079.48
548.93	1112.25
549.14	1084.81
549.35	1108.77
549.56	1099.55
549.77	1138.06
549.98	1112.87
550.19	1111.23
550.40	1117.37
550.61	1156.08
550.81	1109.18
551.02	1125.56
551.23	1107.95
551.44	1139.49
551.65	1121.88
551.86	1147.27
552.07	1132.94
552.28	1142.77
552.49	1117.78
552.70	1111.23
552.91	1114.30
553.11	1109.38
553.32	1115.94
553.53	1119.83
553.74	1100.37
553.95	1116.76
554.16	1116.96
554.37	1095.66
554.58	1117.17
554.79	1094.43
555.00	1122.29
555.20	1138.47
555.41	1111.23
555.62	1122.49
555.83	1092.80
556.04	1134.17
556.25	1097.71
556.46	1118.19
556.67	1116.14
556.87	1108.57
557.08	1126.18
557.29	1127.00
557.50	1138.47
557.71	1126.38
557.92	1142.56
558.13	1121.26
558.33	1119.01
558.54	1106.52
558.75	1100.17
558.96	1140.51
559.17	1098.53
559.38	1128.84
559.59	1119.21
559.79	1134.17
560.00	1110.00
560.21	1111.23
560.42	1100.58
560.63	1130.27
560.84	1109.18
561.04	1109.38
561.25	1114.10
561.46	1129.25
561.67	1099.55
561.88	1116.14
562.09	1104.06
562.29	1125.56
562.50	1146.45
562.71	1133.96
562.92	1106.11
563.13	1102.22
563.34	1109.59
563.54	1140.72
563.75	1116.35
563.96	1150.96
564.17	1112.25
564.38	1150.96
564.58	1127.61
564.79	1097.71
565.00	1120.24
565.21	1126.59
565.42	1102.42
565.62	1110.82
565.83	1110.20
566.04	1137.03
566.25	1120.65
566.46	1138.26
566.66	1104.26
566.87	1131.09
567.08	1117.17
567.29	1117.78
567.50	1090.54
567.70	1120.85
567.91	1125.36
568.12	1107.95
568.33	1114.50
568.54	1123.31
568.74	1109.79
568.95	1104.06
569.16	1104.26
569.37	1103.65
569.57	1115.94
569.78	1132.53
569.99	1121.26
570.20	1131.30
570.40	1113.07
570.61	1102.22
570.82	1102.63
571.03	1131.50
571.23	1106.31
571.44	1129.86
571.65	1088.09
571.86	1118.81
572.07	1115.32
572.27	1135.39
572.48	1123.31
572.69	1088.70
572.89	1090.34
573.10	1115.32
573.31	1118.60
573.52	1139.08
573.72	1123.93
573.93	1123.11
574.14	1102.42
574.35	1116.76
574.55	1115.53
574.76	1110.00
574.97	1106.72
575.18	1108.16
575.38	1106.31
575.59	1121.26
575.80	1109.38
576.00	1138.67
576.21	1128.02
576.42	1120.24
576.63	1117.78
576.83	1130.27
577.04	1105.70
577.25	1120.65
577.45	1127.61
577.66	1119.83
577.87	1118.40
578.08	1123.31
578.28	1094.43
578.49	1119.62
578.70	1091.77
578.90	1139.49
579.11	1112.87
579.32	1116.96
579.52	1115.73
579.73	1126.59
579.94	1118.19
580.14	1131.71
580.35	1113.48
580.56	1127.00
580.76	1109.79
580.97	1130.89
581.18	1101.19
581.39	1119.83
581.59	1106.93
581.80	1123.31
582.01	1118.60
582.21	1133.76
582.42	1106.52
582.63	1139.29
582.83	1093.00
583.04	1136.62
583.24	1113.48
583.45	1116.76
583.66	1125.56
583.86	1111.64
584.07	1114.71
584.28	1133.14
584.48	1118.81
584.69	1105.49
584.90	1103.04
585.10	1133.55
585.31	1112.25
585.52	1130.48
585.72	1121.47
585.93	1115.53
586.14	1128.23
586.34	1136.83
586.55	1127.82
586.75	1110.82
586.96	1110.00
587.17	1129.86
587.37	1108.98
587.58	1097.51
587.79	1131.91
587.99	1131.91
588.20	1110.41
588.40	1115.94
588.61	1125.15
588.82	1112.05
589.02	1110.41
589.23	1134.57
589.43	1103.65
589.64	1109.59
589.85	1082.15
590.05	1133.76
590.26	1128.64
590.47	1129.45
590.67	1119.21
590.88	1113.89
591.08	1108.77
591.29	1130.48
591.50	1128.84
591.70	1117.78
591.91	1096.89
592.11	1135.60
592.32	1113.89
592.52	1140.72
592.73	1120.85
592.94	1112.66
593.14	1122.29
593.35	1091.57
593.55	1127.41
593.76	1103.45
593.96	1113.07
594.17	1128.43
594.38	1117.37
594.58	1118.60
594.79	1115.94
594.99	1108.16
595.20	1100.17
595.40	1129.05
595.61	1109.79
595.82	1128.64
596.02	1107.34
596.23	1124.54
596.43	1105.08
596.64	1125.36
596.84	1112.87
597.05	1142.77
597.25	1107.13
597.46	1116.14
597.67	1098.33
597.87	1130.68
598.08	1101.40
598.28	1113.48
598.49	1095.25
598.69	1121.67
598.90	1109.38
599.10	1118.19
599.31	1090.34
599.51	1148.50
599.72	1095.05
599.92	1139.90
600.13	1115.32
600.33	1120.65
600.54	1124.54
600.74	1117.78
600.95	1105.08
601.15	1121.26
601.36	1124.95
601.56	1125.15
601.77	1105.49
601.98	1115.94
602.18	1120.24
602.39	1134.57
602.59	1103.65
602.80	1109.18
603.00	1118.19
603.21	1115.94
603.41	1128.23
603.62	1121.67
603.82	1100.99
604.02	1102.63
604.23	1125.97
604.43	1129.25
604.64	1123.11
604.84	1118.60
605.05	1126.38
605.25	1110.61
605.46	1110.82
605.66	1106.72
605.87	1111.23
606.07	1123.31
606.28	1122.29
606.48	1115.32
606.69	1107.34
606.89	1119.42
607.10	1113.48
607.30	1120.24
607.51	1105.90
607.71	1128.23
607.92	1115.94
608.12	1129.86
608.32	1124.74
608.53	1122.08
608.73	1105.90
608.94	1144.00
609.14	1087.68
609.35	1123.72
609.55	1132.53
609.76	1108.77
609.96	1108.98
610.16	1126.38
610.37	1115.12
610.57	1115.94
610.78	1087.88
610.98	1111.64
611.19	1129.25
611.39	1123.52
611.59	1114.30
611.80	1108.98
612.00	1108.77
612.21	1134.78
612.41	1102.42
612.62	1134.78
612.82	1108.98
613.02	1132.73
613.23	1120.44
613.43	1124.54
613.64	1108.77
613.84	1137.24
614.05	1116.96
614.25	1132.32
614.45	1117.37
614.66	1128.23
614.86	1112.05
615.07	1130.48
615.27	1116.14
615.47	1132.53
615.68	1112.46
615.88	1102.01
616.09	1140.31
616.29	1116.55
616.49	1108.57
616.70	1131.09
616.90	1115.32
617.10	1125.56
617.31	1096.89
617.51	1126.38
617.72	1103.45
617.92	1121.88
618.12	1136.83
618.33	1122.08
618.53	1114.10
618.73	1122.29
618.94	1109.38
619.14	1130.89
619.35	1131.50
619.55	1118.19
619.75	1128.84
619.96	1130.48
620.16	1127.00
620.36	1121.26
620.57	1105.29
620.77	1107.13
620.97	1102.83
621.18	1136.62
621.38	1113.48
621.58	1115.12
621.79	1096.89
621.99	1151.16
622.20	1121.06
622.40	1140.92
622.60	1123.31
622.81	1119.01
623.01	1105.49
623.21	1127.82
623.42	1115.12
623.62	1132.94
623.82	1113.69
624.03	1123.52
624.23	1127.61
624.43	1114.50
624.63	1098.94
624.84	1129.05
625.04	1132.12
625.24	1120.85
625.45	1086.04
625.65	1124.95
625.85	1120.24
626.06	1120.24
626.26	1133.35
626.46	1124.13
626.67	1105.08
626.87	1131.30
627.07	1115.73
627.28	1121.26
627.48	1131.09
627.68	1130.48
627.88	1106.72
628.09	1112.25
628.29	1098.94
628.49	1135.19
628.70	1097.71
628.90	1120.03
629.10	1112.87
629.30	1123.93
629.51	1124.33
629.71	1127.20
629.91	1107.34
630.12	1103.24
630.32	1102.01
630.52	1122.70
630.72	1113.28
630.93	1127.82
631.13	1116.96
631.33	1130.27
631.53	1097.10
631.74	1144.61
631.94	1107.95
632.14	1105.90
632.35	1115.32
632.55	1115.94
632.75	1100.58
632.95	1100.78
633.16	1132.94
633.36	1129.25
633.56	1104.67
633.76	1143.79
633.97	1097.71
634.17	1139.08
634.37	1098.94
634.57	1112.66
634.77	1096.48
634.98	1124.74
635.18	1116.55
635.38	1125.77
635.58	1091.98
635.79	1128.84
635.99	1118.19
636.19	1126.59
636.39	1105.08
636.60	1129.25
636.80	1137.24
637.00	1127.61
637.20	1111.43
637.40	1119.42
637.61	1096.28
637.81	1129.45
638.01	1112.25
638.21	1093.41
638.42	1103.45
638.62	1132.12
638.82	1117.78
639.02	1133.96
639.22	1112.46
639.43	1130.27
639.63	1126.59
639.83	1123.31
640.03	1108.98
640.23	1106.31
640.44	1088.70
640.64	1110.82
640.84	1112.46
641.04	1127.20
641.24	1107.54
641.44	1131.71
641.65	1095.66
641.85	1129.25
642.05	1118.81
642.25	1127.00
642.45	1106.31
642.66	1125.77
642.86	1122.49
643.06	1120.65
643.26	1116.96
643.46	1134.78
643.66	1105.29
643.87	1106.52
644.07	1124.54
644.27	1124.95
644.47	1103.24
644.67	1145.02
644.87	1095.66
645.07	1141.33
645.28	1088.29
645.48	1119.21
645.68	1115.94
645.88	1125.97
646.08	1123.31
646.28	1128.84
646.49	1131.30
646.69	1129.66
646.89	1122.08
647.09	1143.38
647.29	1121.26
647.49	1116.96
647.69	1104.06
647.89	1147.48
648.10	1124.74
648.30	1108.36
648.50	1114.91
648.70	1120.85
648.90	1113.07
649.10	1121.67
649.30	1093.41
649.50	1150.96
649.71	1117.78
649.91	1116.76
650.11	1113.07
650.31	1107.75
650.51	1121.26
650.71	1111.43
650.91	1125.56
651.11	1118.40
651.31	1105.29
651.52	1126.38
651.72	1109.38
651.92	1128.64
652.12	1105.49
652.32	1128.64
652.52	1110.20
652.72	1128.43
652.92	1108.36
653.12	1126.79
653.32	1113.48
653.52	1108.98
653.73	1107.75
653.93	1117.17
654.13	1120.65
654.33	1125.56
654.53	1128.64
654.73	1121.88
654.93	1112.87
655.13	1121.06
655.33	1105.49
655.53	1124.95
655.73	1090.54
655.93	1124.13
656.13	1105.29
656.33	1142.56
656.54	1107.75
656.74	1119.21
656.94	1134.57
657.14	1138.26
657.34	1116.76
657.54	1132.53
657.74	1114.50
657.94	1127.20
658.14	1116.35
658.34	1123.31
658.54	1121.47
658.74	1127.41
658.94	1102.01
659.14	1099.76
659.34	1137.85
659.54	1121.88
659.74	1116.55
659.94	1112.05
660.14	1104.47
660.34	1124.13
660.54	1117.99
660.74	1129.45
660.94	1127.61
661.14	1147.27
661.34	1114.30
661.54	1128.84
661.74	1113.48
661.94	1127.61
662.14	1113.48
662.34	1091.36
662.55	1105.90
662.75	1111.43
662.95	1120.65
663.15	1138.06
663.35	1098.12
663.55	1121.88
663.75	1126.79
663.95	1113.69
664.15	1117.17
664.35	1109.38
664.54	1107.34
664.74	1137.85
664.94	1137.03
665.14	1132.94
665.34	1109.79
665.54	1106.31
665.74	1096.07
665.94	1126.59
666.14	1114.71
666.34	1114.30
666.54	1113.48
666.74	1125.36
666.94	1104.26
667.14	1125.97
667.34	1114.91
667.54	1126.79
667.74	1093.21
667.94	1131.09
668.14	1117.78
668.34	1125.77
668.54	1118.19
668.74	1097.51
668.94	1107.75
669.14	1131.50
669.34	1117.58
669.54	1122.70
669.74	1107.75
669.94	1119.01
670.14	1120.03
670.34	1113.28
670.53	1107.34
670.73	1128.64
670.93	1114.50
671.13	1131.91
671.33	1103.65
671.53	1154.44
671.73	1142.36
671.93	1131.71
672.13	1132.73
672.33	1129.86
672.53	1102.22
672.73	1114.71
672.93	1109.59
673.13	1125.97
673.33	1117.58
673.52	1135.19
673.72	1117.37
673.92	1126.79
674.12	1110.00
674.32	1128.84
674.52	1102.63
674.72	1126.18
674.92	1128.02
675.12	1108.16
675.32	1117.58
675.52	1127.00
675.71	1120.85
675.91	1099.55
676.11	1125.15
676.31	1114.30
676.51	1122.90
676.71	1133.76
676.91	1106.31
677.11	1125.56
677.31	1112.66
677.50	1113.48
677.70	1107.75
677.90	1121.88
678.10	1108.16
678.30	1106.31
678.50	1125.77
678.70	1126.59
678.90	1097.10
679.09	1131.50
679.29	1103.65
679.49	1139.49
679.69	1118.60
679.89	1128.23
680.09	1114.71
680.29	1113.28
680.48	1127.20
680.68	1123.93
680.88	1098.12
681.08	1122.08
681.28	1119.01
681.48	1129.66
681.68	1099.96
681.87	1121.88
682.07	1108.98
682.27	1113.89
682.47	1114.09
682.67	1134.78
682.87	1103.45
683.06	1130.89
683.26	1103.24
683.46	1127.00
683.66	1113.28
683.86	1112.87
684.06	1127.20
684.25	1133.14
684.45	1098.94
684.65	1125.36
684.85	1107.95
685.05	1127.82
685.25	1118.19
685.44	1104.26
685.64	1122.08
685.84	1131.30
686.04	1115.53
686.24	1135.60
686.43	1121.06
686.63	1136.83
686.83	1105.70
687.03	1116.35
687.23	1110.61
687.42	1130.89
687.62	1129.66
687.82	1125.56
688.02	1111.43
688.22	1143.79
688.41	1126.38
688.61	1118.40
688.81	1108.57
689.01	1145.84
689.21	1127.00
689.40	1104.47
689.60	1131.71
689.80	1119.62
690.00	1121.06
690.20	1117.58
690.39	1100.17
690.59	1125.15
690.79	1116.76
690.99	1137.44
691.18	1096.28
691.38	1105.70
691.58	1120.65
691.78	1130.27
691.97	1128.64
692.17	1112.46
692.37	1119.83
692.57	1146.86
692.76	1115.94
692.96	1134.98
693.16	1101.40
693.36	1135.60
693.55	1110.41
693.75	1104.47
693.95	1115.32
694.15	1098.74
694.34	1088.50
694.54	1120.03
694.74	1105.70
694.94	1111.84
695.13	1112.25
695.33	1132.12
695.53	1116.35
695.73	1125.56
695.92	1112.05
696.12	1115.12
696.32	1101.81
696.52	1129.25
696.71	1109.79
696.91	1098.33
697.11	1103.45
697.30	1129.05
697.50	1112.05
697.70	1131.50
697.90	1104.67
698.09	1134.98
698.29	1116.96
698.49	1111.02
698.68	1113.48
698.88	1143.18
699.08	1119.01
699.27	1117.17
699.47	1120.65
699.67	1116.96
699.87	1108.98
700.06	1128.02
700.26	1104.67
700.46	1128.84
700.65	1111.02
700.85	1105.08
701.05	1112.25
701.24	1145.22
701.44	1095.46
701.64	1119.42
701.83	1112.25
702.03	1135.39
702.23	1117.99
702.42	1124.95
702.62	1114.10
702.82	1098.94
703.01	1102.83
703.21	1130.89
703.41	1132.12
703.60	1134.78
703.80	1100.37
704.00	1134.57
704.19	1094.23
704.39	1115.32
704.59	1113.07
704.78	1142.15
704.98	1102.63
705.18	1134.17
705.37	1097.92
705.57	1121.88
705.77	1098.74
705.96	1117.37
706.16	1113.48
706.36	1119.01
706.55	1124.33
706.75	1114.91
706.94	1114.09
707.14	1152.39
707.34	1101.19
707.53	1117.17
707.73	1089.72
707.93	1122.08
708.12	1100.37
708.32	1114.50
708.52	1124.95
708.71	1111.02
708.91	1125.15
709.10	1126.79
709.30	1130.48
709.50	1124.33
709.69	1130.48
709.89	1124.54
710.08	1120.03
710.28	1116.55
710.48	1122.08
710.67	1122.49
710.87	1136.62
711.06	1115.12
711.26	1120.44
711.46	1121.88
711.65	1131.09
711.85	1117.17
712.04	1097.71
712.24	1118.81
712.44	1109.59
712.63	1117.37
712.83	1104.47
713.02	1126.38
713.22	1130.48
713.42	1128.64
713.61	1097.30
713.81	1128.23
714.00	1120.03
714.20	1113.07
714.39	1108.77
714.59	1119.21
714.79	1105.70
714.98	1112.05
715.18	1110.61
715.37	1128.02
715.57	1136.83
715.76	1128.02
715.96	1115.32
716.15	1119.83
716.35	1127.00
716.55	1119.42
716.74	1118.19
716.94	1122.70
717.13	1129.45
717.33	1107.54
717.52	1099.55
717.72	1125.77
717.91	1111.84
718.11	1119.83
718.31	1139.08
718.50	1116.55
718.70	1119.83
718.89	1122.29
719.09	1114.71
719.28	1145.84
719.48	1090.95
719.67	1119.62
719.87	1107.54
720.06	1124.95
720.26	1117.58
720.45	1134.78
720.65	1122.29
720.84	1119.42
721.04	1125.97
721.23	1127.20
721.43	1109.38
721.62	1136.01
721.82	1107.95
722.01	1127.82
722.21	1120.44
722.40	1108.16
722.60	1115.12
722.79	1132.53
722.99	1102.01
723.18	1124.95
723.38	1110.00
723.57	1110.82
723.77	1107.54
723.96	1114.30
724.16	1107.54
724.35	1135.60
724.55	1120.65
724.74	1135.19
724.94	1119.21
725.13	1114.71
725.33	1111.43
725.52	1116.35
725.72	1075.18
725.91	1130.48
726.11	1130.27
726.30	1143.79
726.50	1113.28
726.69	1125.97
726.89	1118.19
727.08	1136.01
727.27	1127.20
727.47	1103.04
727.66	1098.53
727.86	1115.32
728.05	1114.91
728.25	1139.29
728.44	1113.07
728.64	1131.30
728.83	1100.17
729.03	1121.26
729.22	1116.55
729.41	1120.85
729.61	1130.89
729.80	1145.84
730.00	1121.47
730.19	1131.91
730.39	1103.45
730.58	1115.12
730.78	1095.05
730.97	1120.03
731.16	1096.07
731.36	1127.41
731.55	1114.71
731.75	1127.61
731.94	1112.66
732.13	1125.36
732.33	1119.42
732.52	1119.42
732.72	1110.82
732.91	1123.31
733.11	1127.61
733.30	1125.56
733.49	1117.78
733.69	1118.40
733.88	1106.72
734.08	1129.66
734.27	1118.60
734.46	1134.78
734.66	1106.11
734.85	1090.13
735.05	1103.04
735.24	1117.99
735.43	1116.14
735.63	1129.25
735.82	1102.63
736.02	1122.08
736.21	1091.98
736.40	1102.83
736.60	1106.52
736.79	1126.38
736.98	1097.10
737.18	1115.53
737.37	1106.11
737.57	1114.71
737.76	1133.55
737.95	1119.62
738.15	1122.49
738.34	1126.38
738.53	1109.59
738.73	1119.42
738.92	1121.67
739.12	1136.01
739.31	1101.19
739.50	1148.71
739.70	1117.58
739.89	1131.30
740.08	1098.33
740.28	1121.47
740.47	1120.85
740.66	1106.31
740.86	1100.17
741.05	1117.78
741.24	1110.41
741.44	1108.98
741.63	1108.98
741.82	1137.44
742.02	1125.15
742.21	1119.62
742.40	1116.55
742.60	1107.75
742.79	1105.29
742.98	1124.54
743.18	1110.82
743.37	1111.64
743.56	1113.28
743.76	1112.25
743.95	1098.74
744.14	1122.90
744.34	1097.71
744.53	1132.73
744.72	1116.35
744.92	1124.13
745.11	1107.13
745.30	1127.41
745.49	1111.84
745.69	1116.55
745.88	1101.81
746.07	1118.40
746.27	1128.23
746.46	1100.58
746.65	1101.19
746.85	1119.83
747.04	1140.31
747.23	1117.17
747.42	1099.35
747.62	1142.36
747.81	1138.47
748.00	1132.32
748.20	1108.98
748.39	1125.56
748.58	1122.49
748.77	1137.03
748.97	1114.30
749.16	1121.06
749.35	1131.71
749.55	1125.77
749.74	1137.65
749.93	1119.21
750.12	1108.77
750.32	1104.26
750.51	1124.33
750.70	1117.99
750.89	1097.10
751.09	1121.06
751.28	1127.00
751.47	1101.19
751.66	1106.11
751.86	1131.71
752.05	1119.01
752.24	1122.08
752.43	1131.71
752.63	1123.52
752.82	1124.74
753.01	1147.68
753.20	1091.77
753.40	1119.21
753.59	1101.81
753.78	1128.02
753.97	1120.44
754.16	1131.71
754.36	1118.19
754.55	1122.29
754.74	1112.25
754.93	1121.26
755.13	1127.41
755.32	1143.38
755.51	1113.48
755.70	1115.12
755.89	1113.89
756.09	1116.35
756.28	1119.21
756.47	1129.25
756.66	1106.52
756.86	1123.72
757.05	1113.07
757.24	1115.32
757.43	1125.97
757.62	1138.06
757.82	1097.30
758.01	1142.77
758.20	1121.06
758.39	1124.95
758.58	1120.85
758.78	1132.94
758.97	1111.64
759.16	1131.71
759.35	1105.49
759.54	1121.88
759.73	1086.45
759.93	1109.59
760.12	1105.70
760.31	1123.52
760.50	1111.43
760.69	1127.61
760.88	1134.17
761.08	1120.44
761.27	1095.46
761.46	1121.06
761.65	1095.46
761.84	1127.00
762.03	1118.81
762.23	1138.06
762.42	1118.40
762.61	1128.02
762.80	1088.29
762.99	1124.33
763.18	1106.11
763.38	1108.16
763.57	1123.11
763.76	1146.45
763.95	1138.06
764.14	1137.85
764.33	1124.74
764.52	1119.01
764.72	1111.23
764.91	1128.43
765.10	1119.62
765.29	1164.88
765.48	1129.05
765.67	1132.12
765.86	1133.76
766.06	1131.50
766.25	1121.47
766.44	1119.62
766.63	1123.31
766.82	1128.43
767.01	1134.17
767.20	1132.12
767.39	1110.20
767.58	1130.68
767.78	1121.67
767.97	1110.20
768.16	1117.17
768.35	1143.18
768.54	1124.33
768.73	1131.09
768.92	1129.45
769.11	1138.88
769.30	1139.08
769.50	1123.52
769.69	1138.88
769.88	1164.07
770.07	1136.01
770.26	1130.89
770.45	1138.47
770.64	1140.92
770.83	1144.40
771.02	1138.67
771.21	1138.47
771.40	1118.60
771.59	1123.72
771.79	1151.16
771.98	1123.93
772.17	1140.92
772.36	1122.49
772.55	1144.40
772.74	1121.06
772.93	1140.92
773.12	1127.00
773.31	1148.30
773.50	1122.70
773.69	1124.13
773.88	1134.98
774.07	1147.27
774.26	1128.84
774.45	1123.93
774.64	1124.74
774.84	1150.75
775.03	1119.01
775.22	1135.39
775.41	1144.00
775.60	1146.86
775.79	1137.03
775.98	1134.17
776.17	1115.53
776.36	1148.91
776.55	1136.62
776.74	1144.00
776.93	1137.03
777.12	1138.88
777.31	1137.44
777.50	1146.45
777.69	1121.67
777.88	1163.25
778.07	1125.97
778.26	1151.57
778.45	1173.69
778.64	1160.58
778.83	1153.01
779.02	1129.86
779.21	1130.68
779.40	1156.08
779.59	1150.75
779.78	1139.08
779.97	1180.65
780.16	1169.80
780.35	1142.97
780.54	1160.58
780.73	1150.55
780.92	1171.44
781.11	1144.00
781.30	1140.10
781.49	1165.29
781.68	1131.91
781.87	1147.27
782.06	1163.86
782.25	1147.68
782.44	1164.68
782.63	1150.96
782.82	1153.21
783.01	1147.68
783.20	1157.10
783.39	1156.90
783.58	1163.86
783.77	1172.87
783.96	1172.87
784.15	1169.39
784.34	1184.34
784.53	1176.35
784.72	1197.04
784.91	1177.17
785.10	1160.99
785.29	1177.99
785.48	1192.94
785.67	1156.08
785.86	1163.25
786.05	1187.82
786.24	1203.80
786.42	1166.32
786.61	1190.69
786.80	1191.30
786.99	1195.40
787.18	1197.04
787.37	1206.05
787.56	1190.28
787.75	1200.31
787.94	1208.51
788.13	1215.06
788.32	1215.88
788.51	1219.16
788.70	1225.71
788.89	1235.74
789.08	1235.54
789.26	1240.66
789.45	1245.98
789.64	1273.02
789.83	1241.48
790.02	1228.37
790.21	1288.38
790.40	1272.40
790.59	1291.04
790.78	1285.92
790.97	1274.45
791.16	1311.31
791.35	1295.55
791.53	1324.42
791.72	1301.07
791.91	1305.99
792.10	1284.28
792.29	1288.99
792.48	1321.35
792.67	1310.09
792.86	1350.84
793.05	1395.69
793.23	1356.78
793.42	1368.86
793.61	1361.90
793.80	1397.53
793.99	1376.44
794.18	1410.44
794.37	1419.24
794.56	1397.12
794.75	1421.70
794.93	1465.94
795.12	1515.50
795.31	1623.83
795.50	1640.63
795.69	1661.52
795.88	1617.28
796.07	1583.08
796.25	1511.81
796.44	1601.31
796.63	1615.23
796.82	1662.13
797.01	1602.13
797.20	1627.11
797.39	1625.06
797.57	1660.08
797.76	1646.16
797.95	1703.71
798.14	1661.31
798.33	1681.38
798.52	1694.90
798.71	1734.83
798.89	1770.47
799.08	1811.02
799.27	1810.61
799.46	1780.71
799.65	1818.19
799.84	1842.15
800.02	1837.03
800.21	1871.02
800.40	1867.13
800.59	1862.63
800.78	1838.67
800.96	1831.70
801.15	1844.81
801.34	1869.39
801.53	1851.57
801.72	1888.64
801.91	1877.17
802.09	1878.81
802.28	1876.96
802.47	1889.05
802.66	1964.62
802.85	2088.93
803.03	2129.07
803.22	2289.01
803.41	2506.30
803.60	2709.67
803.79	3273.88
803.97	4715.04
804.16	8814.25
804.35	15702.39
804.54	23696.64
804.73	35218.92
804.91	48339.23
805.10	58162.52
805.29	65519.85
805.48	65523.74
805.66	62000.00
805.85	52599.01
806.04	46807.14
806.23	36436.85
806.42	23261.44
806.60	16697.50
806.79	10115.53
806.98	6359.35
807.17	4290.70
807.35	3271.83
807.54	2723.59
807.73	2340.83
807.92	2080.12
808.10	1874.10
808.29	1700.43
808.48	1576.12
808.67	1469.83
808.85	1394.05
809.04	1309.27
809.23	1306.81
809.42	1238.00
809.60	1231.44
809.79	1226.53
809.98	1210.76
810.17	1209.53
810.35	1188.23
810.54	1207.07
810.73	1216.29
810.92	1216.90
811.10	1185.57
811.29	1194.38
811.48	1230.62
811.66	1194.58
811.85	1190.07
812.04	1195.60
812.23	1264.21
812.41	1218.54
812.60	1235.95
812.79	1226.53
812.97	1250.28
813.16	1223.46
813.35	1218.75
813.54	1212.81
813.72	1190.89
813.91	1191.10
814.10	1199.70
814.28	1202.77
814.47	1207.07
814.66	1183.93
814.85	1215.67
815.03	1204.62
815.22	1224.69
815.41	1207.69
815.59	1231.24
815.78	1217.93
815.97	1232.88
816.15	1232.06
816.34	1236.77
816.53	1209.12
816.71	1241.27
816.90	1213.22
817.09	1240.05
817.27	1200.52
817.46	1226.32
817.65	1203.59
817.83	1218.54
818.02	1245.78
818.21	1210.55
818.39	1188.03
818.58	1220.38
818.77	1214.86
818.95	1203.18
819.14	1220.59
819.33	1206.87
819.51	1188.03
819.70	1152.80
819.89	1173.49
820.07	1185.98
820.26	1154.64
820.45	1195.40
820.63	1157.10
820.82	1168.16
821.01	1150.55
821.19	1161.20
821.38	1169.19
821.57	1174.92
821.75	1160.79
821.94	1145.63
822.12	1142.15
822.31	1143.59
822.50	1149.52
822.68	1174.71
822.87	1149.52
823.06	1174.51
823.24	1160.58
823.43	1173.49
823.61	1156.69
823.80	1192.94
823.99	1155.46
824.17	1156.90
824.36	1153.21
824.54	1160.58
824.73	1140.51
824.92	1155.05
825.10	1134.17
825.29	1162.02
825.47	1124.95
825.66	1134.98
825.85	1130.68
826.03	1157.31
826.22	1144.00
826.40	1157.31
826.59	1145.43
826.78	1118.81
826.96	1125.36
827.15	1139.29
827.33	1117.17
827.52	1139.90
827.71	1163.86
827.89	1151.98
828.08	1138.88
828.26	1151.57
828.45	1148.50
828.63	1148.50
828.82	1126.38
829.01	1148.71
829.19	1118.81
829.38	1138.06
829.56	1127.82
829.75	1127.41
829.93	1116.35
830.12	1155.05
830.31	1154.64
830.49	1158.54
830.68	1151.16
830.86	1149.32
831.05	1122.49
831.23	1140.31
831.42	1146.66
831.60	1137.24
831.79	1116.14
831.97	1138.67
832.16	1118.81
832.35	1142.77
832.53	1133.14
832.72	1146.66
832.90	1119.21
833.09	1140.51
833.27	1109.59
833.46	1146.25
833.64	1132.73
833.83	1131.09
834.01	1140.51
834.20	1144.61
834.38	1118.60
834.57	1113.89
834.75	1139.90
834.94	1132.73
835.12	1115.32
835.31	1116.35
835.49	1131.30
835.68	1138.67
835.87	1113.48
836.05	1135.19
836.24	1150.14
836.42	1131.91
836.61	1120.65
836.79	1142.77
836.98	1114.91
837.16	1123.52
837.35	1125.77
837.53	1138.67
837.72	1097.71
837.90	1133.14
838.08	1101.60
838.27	1104.26
838.45	1119.21
838.64	1125.36
838.82	1108.16
839.01	1131.30
839.19	1142.36
839.38	1138.06
839.56	1115.53
839.75	1130.89
839.93	1118.19
840.12	1134.98
840.30	1121.47
840.49	1112.25
840.67	1127.61
840.86	1132.53
841.04	1106.11
841.23	1127.82
841.41	1110.41
841.59	1125.15
841.78	1132.73
841.96	1125.15
842.15	1131.09
842.33	1127.41
842.52	1118.81
842.70	1111.64
842.89	1110.61
843.07	1124.54
843.25	1120.65
843.44	1130.27
843.62	1107.34
843.81	1120.65
843.99	1107.34
844.18	1140.51
844.36	1125.77
844.55	1123.52
844.73	1121.47
844.91	1114.91
845.10	1130.68
845.28	1125.15
845.47	1118.60
845.65	1131.50
845.83	1142.56
846.02	1119.21
846.20	1092.39
846.39	1112.46
846.57	1097.71
846.76	1131.50
846.94	1127.41
847.12	1128.23
847.31	1116.76
847.49	1114.30
847.68	1124.54
847.86	1125.77
848.04	1122.49
848.23	1121.06
848.41	1126.59
848.60	1124.74
848.78	1114.30
848.96	1133.35
849.15	1109.18
849.33	1122.08
849.51	1137.03
849.70	1128.43
849.88	1112.05
850.07	1109.59
850.25	1118.81
850.43	1133.35
850.62	1138.06
850.80	1111.43
850.99	1110.20
851.17	1121.26
851.35	1131.30
851.54	1112.66
851.72	1098.33
851.90	1134.57
852.09	1098.12
852.27	1123.52
852.45	1114.71
852.64	1122.29
852.82	1146.66
853.00	1154.03
853.19	1103.86
853.37	1109.18
853.56	1132.73
853.74	1124.74
853.92	1104.67
854.11	1140.10
854.29	1114.91
854.47	1141.13
854.66	1112.25
854.84	1117.17
855.02	1116.76
855.21	1114.09
855.39	1112.25
855.57	1146.45
855.76	1133.76
855.94	1126.38
856.12	1123.11
856.31	1115.53
856.49	1104.26
856.67	1142.15
856.86	1112.25
857.04	1133.76
857.22	1122.70
857.40	1141.95
857.59	1103.86
857.77	1131.71
857.95	1118.19
858.14	1122.90
858.32	1120.44
858.50	1121.26
858.69	1120.03
858.87	1112.05
859.05	1115.94
859.24	1144.20
859.42	1101.81
859.60	1126.59
859.78	1096.28
859.97	1127.00
860.15	1121.67
860.33	1141.33
860.52	1105.29
860.70	1149.12
860.88	1114.30
861.06	1150.34
861.25	1113.28
861.43	1122.90
861.61	1107.95
861.79	1130.48
861.98	1135.80
862.16	1139.08
862.34	1130.89
862.53	1136.42
862.71	1100.37
862.89	1129.25
863.07	1099.76
863.26	1120.44
863.44	1111.43
863.62	1113.28
863.80	1121.47
863.99	1120.24
864.17	1115.12
864.35	1126.18
864.53	1117.58
864.72	1131.30
864.90	1133.76
865.08	1137.24
865.26	1101.60
865.45	1129.86
865.63	1108.98
865.81	1133.14
865.99	1136.83
866.18	1119.21
866.36	1114.50
866.54	1122.29
866.72	1116.55
866.90	1138.06
867.09	1116.14
867.27	1132.73
867.45	1145.22
867.63	1142.56
867.82	1123.93
868.00	1112.25
868.18	1141.13
868.36	1125.56
868.54	1119.42
868.73	1126.38
868.91	1104.88
869.09	1110.20
869.27	1108.98
869.45	1123.72
869.64	1105.49
869.82	1126.79
870.00	1112.87
870.18	1143.18
870.36	1146.25
870.55	1111.43
870.73	1093.00
870.91	1123.31
871.09	1093.21
871.27	1125.97
871.46	1100.58
871.64	1098.94
871.82	1114.91
872.00	1154.85
872.18	1098.74
872.36	1159.76
872.55	1098.53
872.73	1109.18
872.91	1126.38
873.09	1108.57
873.27	1114.10
873.45	1144.61
873.64	1114.50
873.82	1122.70
874.00	1148.09
874.18	1134.17
874.36	1124.54
874.54	1124.33
874.73	1155.67
874.91	1133.55
875.09	1126.18
875.27	1123.11
875.45	1145.84
875.63	1127.82
875.82	1121.26
876.00	1119.62
876.18	1120.65
876.36	1146.66
876.54	1099.96
876.72	1121.67
876.90	1092.59
877.08	1122.08
877.27	1132.73
877.45	1149.12
877.63	1142.77
877.81	1151.78
877.99	1148.09
878.17	1156.69
878.35	1164.68
878.53	1162.84
878.72	1167.34
878.90	1146.86
879.08	1177.38
879.26	1185.57
879.44	1164.88
879.62	1167.75
879.80	1164.27
879.98	1176.15
880.16	1163.86
880.35	1187.82
880.53	1158.33
880.71	1153.21
880.89	1155.87
881.07	1167.96
881.25	1159.36
881.43	1180.24
881.61	1162.02
881.79	1185.16
881.97	1170.41
882.16	1155.46
882.34	1154.44
882.52	1167.55
882.70	1176.15
882.88	1175.12
883.06	1141.33
883.24	1161.40
883.42	1148.71
883.60	1171.64
883.78	1156.69
883.96	1156.49
884.14	1131.50
884.32	1155.05
884.50	1131.91
884.69	1153.42
884.87	1179.02
885.05	1149.32
885.23	1140.31
885.41	1148.91
885.59	1146.04
885.77	1136.62
885.95	1130.07
886.13	1149.32
886.31	1118.19
886.49	1131.71
886.67	1139.29
886.85	1153.83
887.03	1124.13
887.21	1155.46
887.39	1144.61
887.57	1137.24
887.75	1160.58
887.93	1177.17
888.11	1153.01
888.29	1176.97
888.47	1155.67
888.66	1162.43
888.84	1143.59
889.02	1163.86
889.20	1167.34
889.38	1156.69
889.56	1149.12
889.74	1166.93
889.92	1152.39
890.10	1190.89
890.28	1151.78
890.46	1141.33
890.64	1159.76
890.82	1170.62
891.00	1144.61
891.18	1170.62
891.36	1167.34
891.54	1160.99
891.72	1128.43
891.90	1148.50
892.08	1152.19
892.26	1152.39
892.44	1158.13
892.62	1133.55
892.80	1132.32
892.98	1133.55
893.16	1164.27
893.34	1163.25
893.52	1127.82
893.70	1153.83
893.88	1150.96
894.06	1138.06
894.24	1121.06
894.41	1143.38
894.59	1134.57
894.77	1161.40
894.95	1147.27
895.13	1164.27
895.31	1121.67
895.49	1130.07
895.67	1116.96
895.85	1124.54
896.03	1140.10
896.21	1138.67
896.39	1123.52
896.57	1149.73
896.75	1133.14
896.93	1140.10
897.11	1107.13
897.29	1133.14
897.47	1124.74
897.65	1130.27
897.83	1125.97
898.01	1149.52
898.19	1127.61
898.36	1117.78
898.54	1128.23
898.72	1148.09
898.90	1137.24
899.08	1132.73
899.26	1112.25
899.44	1131.09
899.62	1121.06
899.80	1143.59
899.98	1127.20
900.16	1127.20
900.34	1134.37
900.52	1158.54
900.69	1097.71
900.87	1134.78
901.05	1125.97
901.23	1123.31
901.41	1131.91
901.59	1115.32
901.77	1123.72
901.95	1149.12
902.13	1119.21
902.31	1150.96
902.49	1111.02
902.66	1133.14
902.84	1108.57
903.02	1122.29
903.20	1113.07
903.38	1102.63
903.56	1104.06
903.74	1147.48
903.92	1111.43
904.10	1135.19
904.27	1114.71
904.45	1139.90
904.63	1116.55
904.81	1104.67
904.99	1114.50
905.17	1122.08
905.35	1111.02
905.53	1125.97
905.70	1109.59
905.88	1122.70
906.06	1123.52
906.24	1132.32
906.42	1120.85
906.60	1129.66
906.78	1122.29
906.95	1115.32
907.13	1118.60
907.31	1113.07
907.49	1113.69
907.67	1127.82
907.85	1107.95
908.03	1127.20
908.20	1134.57
908.38	1133.96
908.56	1128.43
908.74	1133.14
908.92	1101.60
909.10	1117.17
909.27	1092.18
909.45	1141.95
909.63	1125.15
909.81	1094.43
909.99	1093.41
910.17	1146.86
910.34	1115.53
910.52	1127.20
910.70	1122.90
910.88	1143.79
911.06	1122.49
911.23	1152.80
911.41	1097.92
911.59	1137.85
911.77	1104.67
911.95	1129.05
912.13	1115.53
912.30	1121.47
912.48	1105.90
912.66	1141.13
912.84	1119.83
913.02	1147.07
913.19	1101.19
913.37	1140.10
913.55	1118.40
913.73	1145.84
913.91	1121.47
914.08	1130.48
914.26	1140.10
914.44	1137.44
914.62	1111.23
914.79	1135.39
914.97	1124.13
915.15	1127.20
915.33	1103.04
915.51	1129.66
915.68	1099.14
915.86	1132.73
916.04	1098.12
916.22	1144.40
916.39	1117.78
916.57	1133.35
916.75	1108.98
916.93	1126.59
917.10	1103.04
917.28	1150.75
917.46	1131.50
917.64	1137.24
917.82	1092.80
917.99	1143.38
918.17	1121.47
918.35	1137.24
918.53	1100.78
918.70	1124.74
918.88	1094.43
919.06	1137.44
919.23	1122.49
919.41	1124.13
919.59	1120.44
919.77	1123.52
919.94	1097.10
920.12	1123.72
920.30	1123.52
920.48	1135.19
920.65	1117.78
920.83	1132.53
921.01	1100.58
921.19	1120.65
921.36	1119.01
921.54	1132.94
921.72	1109.59
921.89	1114.91
922.07	1124.74
922.25	1124.54
922.43	1123.93
922.60	1123.11
922.78	1118.60
922.96	1094.43
923.13	1118.19
923.31	1124.74
923.49	1127.41
923.66	1137.03
923.84	1123.72
924.02	1119.21
924.20	1124.74
924.37	1153.62
924.55	1118.81
924.73	1111.02
924.90	1123.72
925.08	1130.68
925.26	1106.93
925.43	1134.98
925.61	1117.78
925.79	1096.07
925.96	1123.31
926.14	1151.98
926.32	1109.79
926.49	1115.73
926.67	1106.72
926.85	1147.48
927.02	1101.19
927.20	1107.95
927.38	1120.24
927.55	1127.61
927.73	1125.97
927.91	1120.65
928.08	1102.01
928.26	1118.81
928.44	1120.65
928.61	1146.45
928.79	1106.31
928.97	1113.89
929.14	1106.31
929.32	1128.84
929.50	1123.31
929.67	1123.31
929.85	1117.58
930.03	1127.20
930.20	1116.76
930.38	1116.35
930.55	1115.32
930.73	1110.82
930.91	1114.30
931.08	1132.12
931.26	1118.40
931.44	1125.36
931.61	1131.71
931.79	1125.97
931.96	1107.54
932.14	1101.19
932.32	1106.52
932.49	1138.67
932.67	1110.20
932.85	1122.49
933.02	1112.25
933.20	1132.53
933.37	1121.88
933.55	1129.86
933.73	1095.25
933.90	1121.88
934.08	1109.18
934.25	1116.76
934.43	1102.42
934.61	1127.41
934.78	1108.16
934.96	1155.87
935.13	1113.07
935.31	1106.52
935.49	1133.96
935.66	1141.13
935.84	1113.28
936.01	1125.56
936.19	1104.06
936.36	1112.25
936.54	1093.00
936.72	1141.54
936.89	1097.30
937.07	1115.94
937.24	1114.50
937.42	1121.67
937.59	1093.41
937.77	1128.02
937.95	1099.76
938.12	1128.02
938.30	1119.83
938.47	1123.52
938.65	1099.96
938.82	1110.20
939.00	1119.83
939.18	1127.20
939.35	1128.02
939.53	1122.90
939.70	1092.59
939.88	1137.65
940.05	1112.05
940.23	1124.13
940.40	1080.51
940.58	1128.23
940.75	1117.78
940.93	1108.77
941.10	1089.31
941.28	1134.78
941.46	1087.68
941.63	1128.23
941.81	1091.16
941.98	1128.23
942.16	1116.35
942.33	1111.23
942.51	1112.46
942.68	1133.55
942.86	1113.89
943.03	1146.25
943.21	1109.18
943.38	1130.07
943.56	1104.88
943.73	1103.86
943.91	1111.23
944.08	1131.50
944.26	1105.90
944.43	1120.03
944.61	1113.69
944.78	1155.26
944.96	1090.13
945.13	1121.88
945.31	1101.60
945.48	1124.74
945.66	1103.65
945.83	1127.00
946.01	1105.08
946.18	1113.69
946.36	1114.91
946.53	1126.38
946.71	1116.96
946.88	1115.94
947.06	1142.15
947.23	1130.07
947.41	1096.89
947.58	1117.17
947.76	1107.95
947.93	1106.11
948.10	1118.19
948.28	1121.88
948.45	1118.19
948.63	1117.37
948.80	1107.34
948.98	1130.89
949.15	1099.35
949.33	1103.04
949.50	1109.18
949.68	1111.23
949.85	1098.12
950.03	1129.05
950.20	1106.72
950.37	1103.86
950.55	1127.41
950.72	1119.01
950.90	1106.52
951.07	1127.41
951.25	1115.73
951.42	1123.93
951.59	1101.19
951.77	1140.92
951.94	1109.79
952.12	1139.49
952.29	1131.50
952.47	1121.88
952.64	1128.43
952.81	1133.55
952.99	1120.44
953.16	1118.40
953.34	1118.19
953.51	1136.62
953.69	1098.53
953.86	1115.12
954.03	1113.07
954.21	1132.12
954.38	1104.06
954.56	1110.20
954.73	1116.35
954.90	1126.79
955.08	1116.35
955.25	1101.19
955.43	1117.17
955.60	1135.39
955.77	1110.41
955.95	1112.05
956.12	1102.22
956.30	1114.71
956.47	1112.25
956.64	1122.49
956.82	1118.19
956.99	1101.81
957.17	1124.54
957.34	1106.93
957.51	1113.89
957.69	1111.23
957.86	1113.69
958.03	1133.35
958.21	1110.00
958.38	1111.23
958.55	1102.01
958.73	1105.49
958.90	1108.98
959.08	1111.02
959.25	1102.83
959.42	1129.25
959.60	1111.23
959.77	1132.12
959.94	1120.65
960.12	1121.47
960.29	1122.08
960.46	1122.90
960.64	1105.08
960.81	1117.78
960.98	1105.49
961.16	1118.19
961.33	1099.76
961.50	1142.77
961.68	1091.57
961.85	1117.17
962.02	1111.23
962.20	1127.20
962.37	1098.12
962.54	1119.62
962.72	1114.71
962.89	1117.17
963.06	1107.95
963.24	1130.27
963.41	1121.06
963.58	1134.78
963.76	1106.93
963.93	1114.50
964.10	1103.86
964.28	1098.33
964.45	1114.10
964.62	1115.12
964.80	1123.72
964.97	1115.53
965.14	1121.47
965.32	1120.65
965.49	1109.59
965.66	1120.44
965.83	1098.53
966.01	1126.38
966.18	1115.53
966.35	1113.69
966.53	1100.58
966.70	1150.14
966.87	1110.82
967.04	1101.19
967.22	1125.97
967.39	1106.11
967.56	1099.35
967.74	1112.25
967.91	1106.52
968.08	1130.68
968.25	1099.76
968.43	1114.50
968.60	1094.84
968.77	1112.46
968.95	1108.36
969.12	1136.42
969.29	1101.81
969.46	1145.84
969.64	1116.35
969.81	1110.61
969.98	1098.94
970.15	1137.03
970.33	1103.45
970.50	1126.38
970.67	1116.14
970.84	1115.53
971.02	1105.90
971.19	1120.24
971.36	1133.76
971.53	1129.86
971.71	1118.40
971.88	1112.25
972.05	1103.86
972.22	1125.77
972.40	1098.53
972.57	1128.02
972.74	1110.41
972.91	1131.91
973.08	1111.64
973.26	1101.60
973.43	1123.52
973.60	1129.45
973.77	1107.54
973.95	1130.27
974.12	1114.30
974.29	1144.00
974.46	1120.44
974.63	1129.45
974.81	1105.70
974.98	1140.10
975.15	1109.79
975.32	1138.88
975.49	1097.71
975.67	1148.09
975.84	1132.94
976.01	1119.21
976.18	1100.37
976.35	1125.56
976.53	1113.07
976.70	1147.48
976.87	1117.37
977.04	1145.43
977.21	1093.21
977.39	1135.60
977.56	1120.44
977.73	1145.43
977.90	1112.05
978.07	1152.39
978.24	1114.71
978.42	1126.79
978.59	1123.31
978.76	1121.06
978.93	1111.43
979.10	1115.73
979.28	1106.52
979.45	1125.77
979.62	1098.94
979.79	1127.00
979.96	1122.90
980.13	1131.30
980.30	1140.72
980.48	1136.21
980.65	1127.61
980.82	1117.58
980.99	1106.11
981.16	1131.50
981.33	1118.19
981.51	1126.59
981.68	1105.29
981.85	1114.71
982.02	1134.78
982.19	1127.41
982.36	1127.61
982.53	1110.00
982.71	1095.25
982.88	1127.82
983.05	1094.23
983.22	1116.55
983.39	1121.67
983.56	1143.18
983.73	1103.86
983.90	1107.34
984.08	1107.95
984.25	1130.48
984.42	1113.69
984.59	1121.67
984.76	1124.33
984.93	1128.84
985.10	1091.16
985.27	1105.90
985.44	1098.53
985.62	1121.88
985.79	1117.37
985.96	1122.49
986.13	1098.53
986.30	1145.02
986.47	1101.81
986.64	1154.44
986.81	1111.23
986.98	1116.96
987.15	1127.61
987.33	1113.89
987.50	1110.61
987.67	1119.21
987.84	1103.24
988.01	1132.73
988.18	1105.49
988.35	1124.74
988.52	1099.14
988.69	1133.35
988.86	1117.78
989.03	1127.00
989.20	1106.11
989.37	1106.31
989.55	1089.52
989.72	1134.78
989.89	1114.30
990.06	1129.25
990.23	1103.65
990.40	1146.25
990.57	1115.94
990.74	1120.44
990.91	1105.29
991.08	1110.61
991.25	1111.64
991.42	1123.93
991.59	1114.91
991.76	1107.34
991.93	1100.78
992.10	1103.24
992.27	1110.20
992.44	1109.18
992.61	1114.71
992.78	1126.38
992.96	1110.82
993.13	1134.78
993.30	1114.91
993.47	1141.13
993.64	1122.29
993.81	1122.49
993.98	1105.90
994.15	1124.54
994.32	1110.00
994.49	1118.81
994.66	1096.89
994.83	1108.98
995.00	1088.70
995.17	1130.89
995.34	1084.81
995.51	1117.99
995.68	1115.12
995.85	1142.77
996.02	1104.88
996.19	1119.62
996.36	1107.34
996.53	1119.21
996.70	1117.17
996.87	1113.89
997.04	1105.08
997.21	1110.20
997.38	1121.06
997.55	1126.38
997.72	1125.15
997.89	1136.42
998.06	1111.64
998.23	1128.02
998.40	1114.71
998.57	1137.65
998.74	1102.83
998.91	1123.93
999.08	1123.72
999.25	1107.13
999.42	1105.90
999.59	1129.05
999.76	1107.54
999.92	1101.19
1000.09	1140.72
1000.26	1129.45
1000.43	1133.76
1000.60	1136.21
1000.77	1115.32
1000.94	1128.84
1001.11	1118.40
1001.28	1113.48
1001.45	1100.78
1001.62	1132.12
1001.79	1122.08
1001.96	1126.38
1002.13	1107.95
1002.30	1149.52
1002.47	1115.94
1002.64	1124.95
1002.81	1090.54
1002.98	1132.94
1003.15	1113.69
1003.31	1108.16
1003.48	1109.38
1003.65	1112.66
1003.82	1111.23
1003.99	1126.18
1004.16	1120.03
1004.33	1123.11
1004.50	1108.98
1004.67	1103.24
1004.84	1114.71
1005.01	1121.06
1005.18	1099.35
1005.34	1107.75
1005.51	1108.16
1005.68	1118.40
1005.85	1123.93
1006.02	1130.07
1006.19	1126.59
1006.36	1127.41
1006.53	1107.95
1006.70	1128.64
1006.87	1110.82
1007.04	1120.65
1007.20	1119.62
1007.37	1112.25
1007.54	1102.63
1007.71	1111.64
1007.88	1118.40
1008.05	1130.68
1008.22	1123.11
1008.39	1120.65
1008.56	1122.29
1008.72	1096.28
1008.89	1108.36
1009.06	1141.54
1009.23	1110.61
1009.40	1138.26
1009.57	1104.26
1009.74	1126.59
1009.91	1114.71
1010.07	1122.29
1010.24	1106.52
1010.41	1125.97
1010.58	1090.54
1010.75	1138.47
1010.92	1102.22
1011.09	1111.84
1011.25	1108.36
1011.42	1130.68
1011.59	1114.71
1011.76	1128.02
1011.93	1117.37
1012.10	1135.19
1012.26	1093.41
1012.43	1112.25
1012.60	1122.70
1012.77	1117.78
1012.94	1120.85
1013.11	1128.64
1013.27	1099.35
1013.44	1130.07
1013.61	1108.77
1013.78	1129.05
1013.95	1121.06
1014.12	1123.31
1014.28	1142.15
1014.45	1152.19
1014.62	1128.64
1014.79	1130.07
1014.96	1135.80
1015.13	1127.00
1015.29	1096.48
1015.46	1131.71
1015.63	1137.65
1015.80	1140.31
1015.97	1106.11
1016.13	1124.74
1016.30	1107.13
1016.47	1120.03
1016.64	1106.11
1016.81	1125.36
1016.97	1111.02
1017.14	1120.44
1017.31	1118.40
1017.48	1116.76
1017.65	1124.95
1017.81	1134.17
1017.98	1127.41
1018.15	1139.08
1018.32	1105.70
1018.49	1105.49
1018.65	1109.18
1018.82	1134.37
1018.99	1095.25
1019.16	1135.80
1019.32	1095.66
1019.49	1125.15
1019.66	1115.73
1019.83	1117.99
1019.99	1124.33
1020.16	1132.32
1020.33	1098.94
1020.50	1114.30
1020.67	1134.37
1020.83	1121.67
1021.00	1125.36
1021.17	1113.89
1021.34	1103.65
1021.50	1111.43
1021.67	1102.22
1021.84	1120.24
1022.01	1103.86
1022.17	1134.78
1022.34	1116.14
1022.51	1127.41
1022.68	1119.83
1022.84	1140.92
1023.01	1124.13
1023.18	1165.91
1023.34	1104.26
1023.51	1127.41
1023.68	1087.88
1023.85	1122.70
1024.01	1111.84
1024.18	1105.90
1024.35	1101.81
1024.52	1101.60
1024.68	1130.68
1024.85	1134.57
1025.02	1097.71
1025.18	1131.91
1025.35	1108.98
1025.52	1108.57
1025.69	1114.71
1025.85	1123.11
1026.02	1112.25
1026.19	1121.26
1026.35	1127.00
1026.52	1138.47
1026.69	1118.81
1026.86	1124.54
1027.02	1114.30
1027.19	1113.89
1027.36	1128.64
1027.52	1149.93
1027.69	1113.89
1027.86	1118.81
1028.02	1123.11
1028.19	1133.55
1028.36	1112.46
1028.52	1125.97
1028.69	1107.13
1028.86	1124.54
1029.02	1098.33
1029.19	1096.28
1029.36	1102.01
1029.52	1134.57
1029.69	1096.07
1029.86	1126.18
1030.02	1112.66
1030.19	1115.32
1030.36	1109.59
1030.52	1116.35
1030.69	1110.20
1030.86	1113.69
1031.02	1098.94
1031.19	1132.94
1031.36	1109.38
1031.52	1131.50
1031.69	1116.14
1031.86	1101.40
1032.02	1107.54
1032.19	1107.13
1032.36	1130.48
1032.52	1117.37
1032.69	1110.82
1032.86	1137.03
1033.02	1114.30
1033.19	1125.97
1033.35	1104.06
1033.52	1120.44
1033.69	1126.79
1033.85	1108.16
1034.02	1103.04
1034.19	1117.58
1034.35	1108.98
1034.52	1128.23
1034.68	1119.42
1034.85	1115.94
1035.02	1106.11
1035.18	1137.65
1035.35	1111.43
1035.52	1119.21
1035.68	1109.79
1035.85	1113.28
1036.01	1113.07
1036.18	1128.23
1036.35	1097.10
1036.51	1127.82
1036.68	1090.54
1036.84	1132.73
1037.01	1138.06
1037.18	1110.61
1037.34	1140.51
1037.51	1124.33
1037.67	1106.11
1037.84	1122.29
1038.01	1095.25
1038.17	1122.70
1038.34	1123.11
1038.50	1103.04
1038.67	1147.48
1038.83	1134.17
1039.00	1113.48
1039.17	1148.71
1039.33	1131.50
1039.50	1140.31
1039.66	1097.51
1039.83	1130.48
1039.99	1114.91
1040.16	1121.06
1040.33	1109.18
1040.49	1136.62
1040.66	1128.02
1040.82	1128.02
1040.99	1135.39
1041.15	1113.89
1041.32	1092.59
1041.48	1098.12
1041.65	1111.43
1041.82	1134.37
1041.98	1097.71
1042.15	1146.66
1042.31	1098.12
1042.48	1121.26
1042.64	1101.81
1042.81	1130.07
1042.97	1131.09
1043.14	1131.91
1043.30	1111.23
1043.47	1147.27
1043.64	1116.14
1043.80	1112.25
1043.97	1112.66
1044.13	1114.30
1044.30	1105.90
1044.46	1136.01
1044.63	1119.62
1044.79	1154.64
1044.96	1115.12
1045.12	1141.95
1045.29	1127.20
1045.45	1125.36
1045.62	1098.94
1045.78	1134.37
1045.95	1107.95
1046.11	1131.71
1046.28	1103.24
1046.44	1143.38
1046.61	1133.55
1046.77	1125.77
1046.94	1124.13
1047.10	1137.85
1047.27	1124.13
1047.43	1159.15
1047.60	1117.58
1047.76	1116.76
1047.93	1125.15
1048.09	1139.49
1048.26	1127.61
1048.42	1145.63
1048.59	1111.02
1048.75	1135.80
1048.92	1132.53
1049.08	1103.45
1049.25	1111.23
1049.41	1137.85
1049.58	1125.56
1049.74	1136.21
1049.90	1100.58
1050.07	1157.92
1050.23	1116.96
1050.40	1142.56
1050.56	1100.58
1050.73	1153.83
1050.89	1123.31
1051.06	1135.19
1051.22	1115.73
1051.39	1133.96
1051.55	1139.49
1051.71	1133.55
1051.88	1145.02
1052.04	1113.89
1052.21	1133.14
1052.37	1133.14
1052.54	1129.66
1052.70	1163.25
1052.87	1127.20
1053.03	1146.45
1053.19	1146.25
1053.36	1136.62
1053.52	1137.44
1053.69	1144.81
1053.85	1130.48
1054.02	1135.60
1054.18	1149.32
1054.34	1147.89
1054.51	1157.92
1054.67	1145.84
1054.84	1127.00
1055.00	1174.92
1055.17	1162.63
1055.33	1166.11
1055.49	1174.31
1055.66	1167.14
1055.82	1167.34
1055.99	1184.55
1056.15	1161.81
1056.31	1190.69
1056.48	1188.03
1056.64	1200.93
1056.81	1216.90
1056.97	1206.05
1057.13	1188.23
1057.30	1235.13
1057.46	1203.39
1057.63	1234.31
1057.79	1223.87
1057.95	1238.61
1058.12	1243.32
1058.28	1251.31
1058.44	1263.19
1058.61	1281.41
1058.77	1281.41
1058.94	1327.08
1059.10	1297.39
1059.26	1348.18
1059.43	1327.90
1059.59	1339.58
1059.75	1362.72
1059.92	1376.44
1060.08	1364.56
1060.25	1398.15
1060.41	1402.45
1060.57	1396.31
1060.74	1403.27
1060.90	1409.82
1061.06	1438.90
1061.23	1429.89
1061.39	1458.36
1061.55	1450.78
1061.72	1451.81
1061.88	1458.56
1062.04	1461.43
1062.21	1511.61
1062.37	1560.14
1062.53	1532.09
1062.70	1565.47
1062.86	1554.82
1063.02	1637.35
1063.19	1664.59
1063.35	1746.30
1063.51	1854.85
1063.68	2058.00
1063.84	2326.90
1064.00	2932.28
1064.17	3945.82
1064.33	5432.44
1064.49	8144.16
1064.66	11641.47
1064.82	14440.02
1064.98	16854.37
1065.15	19413.72
1065.31	23309.78
1065.47	24064.25
1065.64	19667.05
1065.80	11408.82
1065.96	4867.41
1066.12	2588.22
1066.29	2561.19
1066.45	2524.94
1066.61	1992.26
1066.78	1720.70
1066.94	1717.84
1067.10	1686.71
1067.27	1585.74
1067.43	1569.15
1067.59	1555.64
1067.75	1546.22
1067.92	1491.95
1068.08	1494.20
1068.24	1491.54
1068.40	1461.43
1068.57	1443.00
1068.73	1432.96
1068.89	1437.06
1069.06	1415.15
1069.22	1378.90
1069.38	1412.89
1069.54	1382.17
1069.71	1380.95
1069.87	1367.22
1070.03	1357.39
1070.19	1356.98
1070.36	1372.75
1070.52	1307.22
1070.68	1315.62
1070.84	1288.17
1071.01	1285.31
1071.17	1286.94
1071.33	1292.68
1071.49	1249.67
1071.66	1279.37
1071.82	1279.37
1071.98	1250.08
1072.14	1243.12
1072.31	1249.67
1072.47	1216.08
1072.63	1232.88
1072.79	1207.69
1072.96	1215.06
1073.12	1179.02
1073.28	1198.06
1073.44	1183.73
1073.61	1183.32
1073.77	1190.28
1073.93	1194.99
1074.09	1162.22
1074.25	1192.53
1074.42	1186.18
1074.58	1198.06
1074.74	1160.58
1074.90	1164.48
1075.06	1147.89
1075.23	1156.28
1075.39	1162.22
1075.55	1160.99
1075.71	1127.82
1075.88	1184.75
1076.04	1161.40
1076.20	1172.05
1076.36	1133.14
1076.52	1159.15
1076.69	1130.68
1076.85	1148.09
1077.01	1137.24
1077.17	1153.42
1077.33	1120.85
1077.49	1177.38
1077.66	1127.00
1077.82	1149.93
1077.98	1142.56
1078.14	1134.37
1078.30	1134.78
1078.47	1166.32
1078.63	1103.04
1078.79	1136.42
1078.95	1141.33
1079.11	1134.37
1079.27	1141.33
1079.44	1137.44
1079.60	1127.41
1079.76	1137.85
1079.92	1118.40
1080.08	1116.55
1080.24	1128.84
1080.40	1142.97
1080.57	1136.01
1080.73	1144.61
1080.89	1129.86
1081.05	1147.48
1081.21	1124.33
1081.37	1120.24
1081.54	1122.08
1081.70	1147.48
1081.86	1108.98
1082.02	1121.88
1082.18	1135.60
1082.34	1111.23
1082.50	1109.38
1082.66	1118.40
1082.83	1124.13
1082.99	1126.79
1083.15	1112.87
1083.31	1117.37
1083.47	1101.81
1083.63	1125.56
1083.79	1123.31
1083.95	1109.79
1084.12	1128.84
1084.28	1115.73
1084.44	1097.92
1084.60	1133.55
1084.76	1110.82
1084.92	1116.76
1085.08	1137.85
1085.24	1140.92
1085.40	1141.33
1085.57	1115.12
1085.73	1129.25
1085.89	1154.64
1086.05	1117.78
1086.21	1146.86
1086.37	1122.49
1086.53	1129.86
1086.69	1108.77
1086.85	1121.47
1087.01	1125.36
1087.18	1135.19
1087.34	1100.78
1087.50	1130.89
1087.66	1124.13
1087.82	1117.99
1087.98	1098.74
1088.14	1124.13
1088.30	1123.11
1088.46	1126.38
1088.62	1094.43
1088.78	1139.90
1088.94	1121.67
1089.10	1110.00
1089.26	1108.98
1089.43	1127.41
1089.59	1116.96
1089.75	1149.73
1089.91	1099.96
1090.07	1141.95
1090.23	1108.57
1090.39	1127.41
1090.55	1102.63
1090.71	1121.26
1090.87	1112.05
1091.03	1141.33
1091.19	1108.36
1091.35	1128.02
1091.51	1093.62
1091.67	1124.95
1091.83	1106.11
1091.99	1124.54
1092.15	1126.59
1092.31	1147.89
1092.47	1119.42
1092.63	1128.23
1092.79	1106.31
1092.95	1128.84
1093.12	1123.11
1093.28	1147.07
1093.44	1107.13
1093.60	1120.65
1093.76	1100.78
1093.92	1121.26
1094.08	1095.46
1094.24	1108.77
1094.40	1103.04
1094.56	1141.54
1094.72	1108.98
1094.88	1108.16
1095.04	1109.18
1095.20	1104.88
1095.36	1130.89
1095.52	1116.96
1095.68	1113.48
1095.84	1140.92
1096.00	1092.80
1096.16	1114.71
1096.32	1106.31
1096.48	1112.87
1096.64	1130.48
1096.80	1125.36
1096.96	1103.45
1097.12	1127.00
1097.28	1100.17
1097.44	1136.42
1097.59	1118.60
1097.75	1120.85
1097.91	1113.69
1098.07	1124.95
1098.23	1115.53
1098.39	1109.79
1098.55	1119.62
1098.71	1125.97
1098.87	1104.06
1099.03	1136.83
1099.19	1117.78
1099.35	1141.95
1099.51	1118.40
1099.67	1136.01
1099.83	1114.30
1099.99	1138.06
1100.15	1120.03
1100.31	1132.12
1100.47	1086.45
1100.63	1119.42
1100.79	1109.18
1100.95	1125.15
1101.11	1115.32
1101.26	1108.98
1101.42	1122.49
1101.58	1102.01
1101.74	1106.31
1101.90	1102.01
1102.06	1098.94
1102.22	1118.19
1102.38	1096.48
1102.54	1131.09
1102.70	1098.74
1102.86	1125.97
1103.02	1090.95
1103.18	1130.68
1103.34	1125.77
1103.49	1150.14
1103.65	1104.26
1103.81	1116.14
1103.97	1133.35
1104.13	1140.10
1104.29	1111.02
1104.45	1134.57
1104.61	1110.20
1104.77	1133.55
1104.93	1101.81
1105.09	1128.84
1105.24	1132.12
1105.40	1134.17
1105.56	1122.70
1105.72	1111.84
1105.88	1118.81
1106.04	1136.21
1106.20	1111.43
1106.36	1133.76
1106.52	1107.95
1106.67	1098.74
1106.83	1102.42
1106.99	1148.30
1107.15	1126.18
1107.31	1116.76
1107.47	1094.84
1107.63	1116.14
1107.79	1115.94
1107.94	1113.07
1108.10	1108.16
1108.26	1090.13
1108.42	1106.11
1108.58	1117.17
1108.74	1106.11
1108.90	1138.88
1109.05	1101.19
1109.21	1124.95
1109.37	1079.89
1109.53	1126.38
1109.69	1115.94
1109.85	1142.77
1110.01	1115.94
1110.16	1130.27
1110.32	1138.47
1110.48	1110.41
1110.64	1087.88
1110.80	1104.88
1110.96	1110.20
1111.11	1099.14
1111.27	1091.16
1111.43	1135.39
1111.59	1108.57
1111.75	1104.47
1111.91	1106.52
1112.06	1134.57
1112.22	1111.23
1112.38	1141.33
1112.54	1109.59
1112.70	1123.11
1112.86	1085.83
1113.01	1115.32
1113.17	1110.00
1113.33	1109.59
1113.49	1087.88
1113.65	1130.48
1113.80	1116.35
1113.96	1122.29
1114.12	1112.25
1114.28	1139.49
1114.44	1091.77
1114.59	1123.72
1114.75	1113.89
1114.91	1110.82
1115.07	1112.25
1115.23	1133.14
1115.38	1093.21
1115.54	1100.37
1115.70	1126.38
1115.86	1134.98
1116.01	1117.78
1116.17	1112.25
1116.33	1147.68
1116.49	1103.65
1116.65	1113.89
1116.80	1125.36
1116.96	1116.76
1117.12	1121.47
1117.28	1103.24
1117.43	1132.73
1117.59	1111.43
1117.75	1105.49
1117.91	1109.79
1118.07	1108.16
1118.22	1106.72
1118.38	1104.26
1118.54	1118.19
1118.70	1120.03
1118.85	1098.94
1119.01	1127.41
1119.17	1096.28
1119.33	1135.80
1119.48	1116.96
1119.64	1121.67
1119.80	1120.24
1119.96	1112.46
1120.11	1110.82
1120.27	1104.06
1120.43	1108.98
1120.58	1133.14
1120.74	1121.26
1120.90	1115.73
1121.06	1120.65
1121.21	1116.55
1121.37	1121.67
1121.53	1107.95
1121.69	1113.07
1121.84	1089.11
1122.00	1122.08
1122.16	1131.50
1122.31	1110.00
1122.47	1136.83
1122.63	1126.79
1122.79	1137.24
1122.94	1091.57
1123.10	1096.28
1123.26	1118.40
1123.41	1147.68
1123.57	1129.25
1123.73	1131.71
1123.89	1109.59
1124.04	1105.70
1124.20	1126.38
1124.36	1132.94
1124.51	1120.65
1124.67	1132.53
1124.83	1102.01
1124.98	1109.59
1125.14	1126.59
1125.30	1137.03
1125.45	1091.98
1125.61	1107.95
1125.77	1100.17
1125.92	1118.19
1126.08	1087.47
1126.24	1122.90
1126.40	1108.77
1126.55	1138.88
1126.71	1103.45
1126.87	1129.66
1127.02	1098.12
1127.18	1130.89
1127.34	1098.53
1127.49	1115.94
1127.65	1120.24
1127.81	1119.01
1127.96	1119.42
1128.12	1129.86
1128.27	1097.71
1128.43	1122.49
1128.59	1116.55
1128.74	1114.30
1128.90	1102.22
1129.06	1126.18
1129.21	1120.24
1129.37	1126.18
1129.53	1111.43
1129.68	1117.99
1129.84	1111.23
1130.00	1115.12
1130.15	1098.12
1130.31	1121.06
1130.46	1102.63
1130.62	1123.11
1130.78	1104.26
1130.93	1132.32
1131.09	1107.13
1131.25	1121.47
1131.40	1118.60
1131.56	1123.11
1131.71	1122.29
1131.87	1122.90
1132.03	1130.89
1132.18	1127.61
1132.34	1108.98
1132.49	1128.02
1132.65	1107.95
1132.81	1114.91
1132.96	1104.26
1133.12	1133.14
1133.27	1116.96
1133.43	1135.39
1133.59	1096.28
1133.74	1124.74
1133.90	1111.43
1134.05	1137.85
1134.21	1100.78
1134.37	1138.47
1134.52	1106.52
1134.68	1132.12
1134.83	1107.13
1134.99	1130.48
1135.15	1103.65
1135.30	1138.26
1135.46	1118.19
1135.61	1136.83
1135.77	1115.73
1135.92	1155.87
1136.08	1094.02
1136.24	1113.28
1136.39	1100.37
1136.55	1115.32
1136.70	1105.29
1136.86	1125.56
1137.01	1119.21
1137.17	1121.26
1137.33	1122.70
1137.48	1144.00
1137.64	1107.34
1137.79	1141.95
1137.95	1108.98
1138.10	1119.83
1138.26	1112.66
1138.41	1108.16
1138.57	1106.31
1138.72	1114.91
1138.88	1093.62
1139.04	1114.91
1139.19	1094.84
1139.35	1137.44
1139.50	1109.38
1139.66	1108.57
1139.81	1112.46
1139.97	1122.49
1140.12	1105.29
1140.28	1129.25
1140.43	1091.36
1140.59	1136.83
1140.74	1105.70
1140.90	1134.78
1141.05	1111.02
1141.21	1097.51
1141.36	1101.19
1141.52	1120.85
1141.67	1120.85
1141.83	1120.85
1141.98	1120.85
1142.14	1120.85
1142.29	1120.85
