0   0.23274e-06
5   0.22343e-06
10  0.21470e-06
15  0.20390e-06
20  201.722e-09
25  200.008e-09
30  201.385e-09
35  208.319e-09
40  0.21628e-06
45  0.22748e-06
50  0.23806e-06
55  0.25020e-06
60  0.26183e-06
65  0.26803e-06
70  0.27038e-06
75  0.26887e-06
80  0.26296e-06
85  0.25435e-06
90  0.24500e-06
95  0.23265e-06
100 0.22187e-06
105 0.21177e-06
110 0.20581e-06
115 0.20310e-06
120 0.20508e-06
125 0.21295e-06
130 0.22084e-06
135 0.22888e-06
140 0.24253e-06
145 0.25330e-06
150 0.26064e-06
155 0.26654e-06
160 0.26993e-06
165 0.26905e-06
170 0.26449e-06
175 0.25502e-06
180 0.24428e-06