   7.0000291e+03	   1.5088530e-09	
   7.0100279e+03	   1.5051180e-09	
   7.0200267e+03	   1.5071270e-09	
   7.0300255e+03	   1.5048780e-09	
   7.0400243e+03	   1.5099630e-09	
   7.0500236e+03	   1.5032860e-09	
   7.0600224e+03	   1.4979280e-09	
   7.0700212e+03	   1.4997240e-09	
   7.0800200e+03	   1.4958250e-09	
   7.0900187e+03	   1.4902160e-09	
   7.1000175e+03	   1.4945740e-09	
   7.1100163e+03	   1.4883670e-09	
   7.1200151e+03	   1.4902240e-09	
   7.1300430e+03	   1.4893600e-09	
   7.1400418e+03	   1.4910960e-09	
   7.1500406e+03	   1.4916790e-09	
   7.1600394e+03	   1.4885550e-09	
   7.1700387e+03	   1.4894910e-09	
   7.1800375e+03	   1.4851180e-09	
   7.1900363e+03	   1.4862000e-09	
   7.2000351e+03	   1.4887110e-09	
   7.2100339e+03	   1.4896010e-09	
   7.2200327e+03	   1.4906530e-09	
   7.2300315e+03	   1.4868870e-09	
   7.2400303e+03	   1.4845800e-09	
   7.2500291e+03	   1.4863130e-09	
   7.2600279e+03	   1.4850640e-09	
   7.2700267e+03	   1.4871330e-09	
   7.2800255e+03	   1.4866510e-09	
   7.2900243e+03	   1.4828790e-09	
   7.3000236e+03	   1.4852680e-09	
   7.3100224e+03	   1.4838870e-09	
   7.3200212e+03	   1.4835560e-09	
   7.3300200e+03	   1.4844520e-09	
   7.3400187e+03	   1.4825970e-09	
   7.3500175e+03	   1.4828380e-09	
   7.3600163e+03	   1.4843060e-09	
   7.3700151e+03	   1.4823880e-09	
   7.3800430e+03	   1.4850420e-09	
   7.3900418e+03	   1.4850170e-09	
   7.4000406e+03	   1.4857590e-09	
   7.4100394e+03	   1.4773950e-09	
   7.4200387e+03	   1.4795370e-09	
   7.4300375e+03	   1.4783410e-09	
   7.4400363e+03	   1.4807180e-09	
   7.4500351e+03	   1.4836160e-09	
   7.4600339e+03	   1.4809690e-09	
   7.4700327e+03	   1.4761670e-09	
   7.4800315e+03	   1.4774430e-09	
   7.4900303e+03	   1.4815910e-09	
   7.5000291e+03	   1.4815680e-09	
   7.5100279e+03	   1.4810820e-09	
   7.5200267e+03	   1.4761210e-09	
   7.5300255e+03	   1.4782550e-09	
   7.5400243e+03	   1.4763180e-09	
   7.5499940e+03	   1.4782720e-09	
   7.5600224e+03	   1.4764230e-09	
   7.5699921e+03	   1.4757040e-09	
   7.5800200e+03	   1.4787050e-09	
   7.5900187e+03	   1.4780500e-09	
   7.6000175e+03	   1.4777620e-09	
   7.6100163e+03	   1.4784020e-09	
   7.6200151e+03	   1.4761010e-09	
   7.6300139e+03	   1.4774650e-09	
   7.6400418e+03	   1.4768070e-09	
   7.6500406e+03	   1.4776210e-09	
   7.6600394e+03	   1.4764000e-09	
   7.6700387e+03	   1.4759040e-09	
   7.6800375e+03	   1.4764900e-09	
   7.6900363e+03	   1.4731850e-09	
   7.7000060e+03	   1.4790400e-09	
   7.7100339e+03	   1.4755100e-09	
   7.7200327e+03	   1.4760270e-09	
   7.7300315e+03	   1.4769210e-09	
   7.7400303e+03	   1.4721560e-09	
   7.7500291e+03	   1.4739280e-09	
   7.7600279e+03	   1.4758270e-09	
   7.7699976e+03	   1.4762940e-09	
   7.7800546e+03	   1.4934110e-09	
   7.7900243e+03	   1.5014780e-09	
   7.8000236e+03	   1.4909530e-09	
   7.8100224e+03	   1.4851360e-09	
   7.8200212e+03	   1.4864750e-09	
   7.8300200e+03	   1.4907710e-09	
   7.8400187e+03	   1.4904080e-09	
   7.8500175e+03	   1.4992490e-09	
   7.8600163e+03	   1.4977660e-09	
   7.8700151e+03	   1.4958090e-09	
   7.8800430e+03	   1.4983620e-09	
   7.8900418e+03	   1.4977890e-09	
   7.9000406e+03	   1.5024070e-09	
   7.9100394e+03	   1.5032940e-09	
   7.9200387e+03	   1.4943280e-09	
   7.9300375e+03	   1.4880760e-09	
   7.9400363e+03	   1.4925200e-09	
   7.9500351e+03	   1.4931310e-09	
   7.9600339e+03	   1.4949030e-09	
   7.9700327e+03	   1.4978820e-09	
   7.9800315e+03	   1.4980810e-09	
   7.9900303e+03	   1.4956950e-09	
   8.0000296e+03	   1.4964860e-09	
   8.0100279e+03	   1.4966960e-09	
   8.0200272e+03	   1.4968830e-09	
   8.0300255e+03	   1.4933720e-09	
   8.0400534e+03	   1.4940320e-09	
   8.0500231e+03	   1.4911600e-09	
   8.0600224e+03	   1.4945860e-09	
   8.0699921e+03	   1.4938130e-09	
   8.0800486e+03	   1.4934940e-09	
   8.0900183e+03	   1.4873140e-09	
   8.1000175e+03	   1.4941470e-09	
   8.1100159e+03	   1.4920220e-09	
   8.1200151e+03	   1.4911140e-09	
   8.1300430e+03	   1.5059830e-09	
   8.1400423e+03	   1.5010520e-09	
   8.1500406e+03	   1.4897160e-09	
   8.1600399e+03	   1.4914090e-09	
   8.1700382e+03	   1.5215110e-09	
   8.1800375e+03	   1.4976400e-09	
   8.1900358e+03	   1.4917260e-09	
   8.2000351e+03	   1.4719050e-09	
   8.2100334e+03	   1.4613620e-09	
   8.2200327e+03	   1.4654170e-09	
   8.2300310e+03	   1.4671850e-09	
   8.2400303e+03	   1.4689700e-09	
   8.2500296e+03	   1.4807400e-09	
   8.2600279e+03	   1.4897110e-09	
   8.2700272e+03	   1.5012370e-09	
   8.2800255e+03	   1.4893340e-09	
   8.2900248e+03	   1.4788540e-09	
   8.3000231e+03	   1.4840140e-09	
   8.3100224e+03	   1.4829610e-09	
   8.3200207e+03	   1.4857220e-09	
   8.3300200e+03	   1.4897080e-09	
   8.3400183e+03	   1.4774250e-09	
   8.3500175e+03	   1.4769330e-09	
   8.3600159e+03	   1.4738840e-09	
   8.3700151e+03	   1.4775160e-09	
   8.3800430e+03	   1.4790460e-09	
   8.3900423e+03	   1.4840270e-09	
   8.4000406e+03	   1.4822180e-09	
   8.4100399e+03	   1.4861030e-09	
   8.4200382e+03	   1.4802600e-09	
   8.4300375e+03	   1.4871520e-09	
   8.4400358e+03	   1.4754130e-09	
   8.4500351e+03	   1.4838410e-09	
   8.4600334e+03	   1.4803920e-09	
   8.4700327e+03	   1.4795940e-09	
   8.4800310e+03	   1.4799250e-09	
   8.4900303e+03	   1.4796340e-09	
   8.5000296e+03	   1.4769100e-09	
   8.5100279e+03	   1.4768260e-09	
   8.5200272e+03	   1.4773030e-09	
   8.5300255e+03	   1.4741130e-09	
   8.5400534e+03	   1.4752140e-09	
   8.5500231e+03	   1.4746530e-09	
   8.5600224e+03	   1.4771050e-09	
   8.5700207e+03	   1.4778530e-09	
   8.5800200e+03	   1.4719850e-09	
   8.5899897e+03	   1.4762150e-09	
   8.6000471e+03	   1.4788470e-09	
   8.6100159e+03	   1.4772900e-09	
   8.6200151e+03	   1.4768050e-09	
   8.6300430e+03	   1.4734980e-09	
   8.6400127e+03	   1.4780160e-09	
   8.6500406e+03	   1.4744030e-09	
   8.6600399e+03	   1.4786560e-09	
   8.6700382e+03	   1.4753830e-09	
   8.6800375e+03	   1.4735140e-09	
   8.6900358e+03	   1.4757290e-09	
   8.7000351e+03	   1.4751550e-09	
   8.7100334e+03	   1.4761270e-09	
   8.7200327e+03	   1.4731110e-09	
   8.7300310e+03	   1.4729260e-09	
   8.7400303e+03	   1.4738510e-09	
   8.7500582e+03	   1.4734690e-09	
   8.7600279e+03	   1.4706550e-09	
   8.7700272e+03	   1.4722920e-09	
   8.7800255e+03	   1.4730660e-09	
   8.7900248e+03	   1.4689080e-09	
   8.7999945e+03	   1.4715690e-09	
   8.8100224e+03	   1.4662980e-09	
   8.8200207e+03	   1.4723650e-09	
   8.8300200e+03	   1.4733280e-09	
   8.8400183e+03	   1.4682080e-09	
   8.8500175e+03	   1.4710810e-09	
   8.8600159e+03	   1.4707300e-09	
   8.8700151e+03	   1.4707300e-09	
   8.8800430e+03	   1.4703200e-09	
   8.8900423e+03	   1.4683510e-09	
   8.9000406e+03	   1.4693850e-09	
   8.9100399e+03	   1.4657210e-09	
   8.9200382e+03	   1.4687080e-09	
   8.9300375e+03	   1.4683050e-09	
   8.9400358e+03	   1.4694040e-09	
   8.9500637e+03	   1.4693430e-09	
   8.9600334e+03	   1.4678080e-09	
   8.9700327e+03	   1.4639990e-09	
   8.9800024e+03	   1.4693660e-09	
   8.9900599e+03	   1.4678060e-09	
   9.0000296e+03	   1.4691260e-09	
   9.0100279e+03	   1.4646200e-09	
   9.0200272e+03	   1.4699560e-09	
   9.0300255e+03	   1.4640570e-09	
   9.0400534e+03	   1.4657430e-09	
   9.0500231e+03	   1.4634960e-09	
   9.0600224e+03	   1.4618660e-09	
   9.0700207e+03	   1.4645050e-09	
   9.0800200e+03	   1.4642170e-09	
   9.0900478e+03	   1.4641390e-09	
   9.0999880e+03	   1.4658620e-09	
   9.1100454e+03	   1.4646070e-09	
   9.1200151e+03	   1.4656300e-09	
   9.1300430e+03	   1.4637770e-09	
   9.1400423e+03	   1.4601640e-09	
   9.1500406e+03	   1.4636260e-09	
   9.1600399e+03	   1.4572220e-09	
   9.1700382e+03	   1.4626870e-09	
   9.1800375e+03	   1.4624430e-09	
   9.1900358e+03	   1.4565490e-09	
   9.2000351e+03	   1.4631310e-09	
   9.2100334e+03	   1.4621150e-09	
   9.2200327e+03	   1.4616320e-09	
   9.2300310e+03	   1.4625080e-09	
   9.2400007e+03	   1.4587410e-09	
   9.2500582e+03	   1.4589600e-09	
   9.2600279e+03	   1.4611670e-09	
   9.2700272e+03	   1.4595930e-09	
   9.2800255e+03	   1.4575720e-09	
   9.2900248e+03	   1.4558080e-09	
   9.3000231e+03	   1.4577840e-09	
   9.3100224e+03	   1.4576030e-09	
   9.3200502e+03	   1.4594840e-09	
   9.3299904e+03	   1.4581130e-09	
   9.3400183e+03	   1.4579460e-09	
   9.3500175e+03	   1.4602470e-09	
   9.3599873e+03	   1.4581440e-09	
   9.3700151e+03	   1.4626010e-09	
   9.3800430e+03	   1.4605580e-09	
   9.3900127e+03	   1.4585940e-09	
   9.4000406e+03	   1.4567090e-09	
   9.4100399e+03	   1.4559900e-09	
   9.4200382e+03	   1.4544520e-09	
   9.4300079e+03	   1.4556000e-09	
   9.4400358e+03	   1.4562420e-09	
   9.4500351e+03	   1.4554030e-09	
   9.4600334e+03	   1.4566910e-09	
   9.4700327e+03	   1.4568870e-09	
   9.4800024e+03	   1.4598190e-09	
   9.4900303e+03	   1.4608200e-09	
   9.5000296e+03	   1.4583080e-09	
