6.4300E+2	5.3564E+3
6.4302E+2	5.1739E+3
6.4304E+2	5.3872E+3
6.4306E+2	5.1581E+3
6.4308E+2	4.8854E+3
6.4310E+2	5.3374E+3
6.4312E+2	5.1105E+3
6.4314E+2	4.9147E+3
6.4316E+2	4.9369E+3
6.4318E+2	5.0802E+3
6.4320E+2	4.6515E+3
6.4322E+2	4.6236E+3
6.4324E+2	4.8152E+3
6.4326E+2	4.8504E+3
6.4328E+2	4.6834E+3
6.4330E+2	4.7497E+3
6.4332E+2	4.2709E+3
6.4334E+2	5.0712E+3
6.4336E+2	4.8325E+3
6.4338E+2	4.5081E+3
6.4340E+2	4.4936E+3
6.4342E+2	3.9617E+3
6.4344E+2	4.3458E+3
6.4346E+2	4.2852E+3
6.4348E+2	4.3999E+3
6.4350E+2	3.6636E+3
6.4352E+2	4.2740E+3
6.4354E+2	3.8787E+3
6.4356E+2	3.7072E+3
6.4358E+2	3.8578E+3
6.4360E+2	4.2800E+3
6.4362E+2	4.4110E+3
6.4364E+2	4.3161E+3
6.4366E+2	3.5452E+3
6.4368E+2	3.6664E+3
6.4370E+2	3.5489E+3
6.4372E+2	4.0955E+3
6.4374E+2	3.7443E+3
6.4376E+2	3.8021E+3
6.4378E+2	3.5005E+3
6.4380E+2	3.4634E+3
6.4382E+2	3.1208E+3
6.4384E+2	3.5514E+3
6.4386E+2	3.1034E+3
6.4388E+2	3.9330E+3
6.4390E+2	3.5236E+3
6.4392E+2	3.4439E+3
6.4394E+2	3.5755E+3
6.4396E+2	3.1633E+3
6.4398E+2	3.3584E+3
6.4400E+2	3.4842E+3
6.4402E+2	3.2825E+3
6.4404E+2	3.1556E+3
6.4406E+2	3.0210E+3
6.4408E+2	2.8609E+3
6.4410E+2	3.0989E+3
6.4412E+2	2.7605E+3
6.4414E+2	2.9956E+3
6.4416E+2	2.8644E+3
6.4418E+2	2.8188E+3
6.4420E+2	3.2660E+3
6.4422E+2	2.8072E+3
6.4424E+2	2.6949E+3
6.4426E+2	3.0155E+3
6.4428E+2	2.7633E+3
6.4430E+2	2.8358E+3
6.4432E+2	2.7200E+3
6.4434E+2	3.2043E+3
6.4436E+2	3.0304E+3
6.4438E+2	2.6904E+3
6.4440E+2	2.6050E+3
6.4442E+2	2.9511E+3
6.4444E+2	2.4463E+3
6.4446E+2	2.3636E+3
6.4448E+2	2.7770E+3
6.4450E+2	2.2103E+3
6.4452E+2	2.6279E+3
6.4454E+2	2.2493E+3
6.4456E+2	3.0668E+3
6.4458E+2	2.6940E+3
6.4460E+2	2.3504E+3
6.4462E+2	2.6046E+3
6.4464E+2	2.3036E+3
6.4466E+2	2.3859E+3
6.4468E+2	2.5667E+3
6.4470E+2	2.4059E+3
6.4472E+2	2.1885E+3
6.4474E+2	2.5688E+3
6.4476E+2	2.1669E+3
6.4478E+2	2.6791E+3
6.4480E+2	2.5277E+3
6.4482E+2	2.1719E+3
6.4484E+2	2.2842E+3
6.4486E+2	2.0667E+3
6.4488E+2	1.9738E+3
6.4490E+2	2.1634E+3
6.4492E+2	2.1652E+3
6.4494E+2	2.2532E+3
6.4496E+2	2.2953E+3
6.4498E+2	2.3700E+3
6.4500E+2	1.9661E+3
6.4502E+2	1.9078E+3
6.4504E+2	2.3068E+3
6.4506E+2	1.9720E+3
6.4508E+2	1.8471E+3
6.4510E+2	2.0836E+3
6.4512E+2	1.7859E+3
6.4514E+2	1.8104E+3
6.4516E+2	1.9295E+3
6.4518E+2	1.7615E+3
6.4520E+2	2.1494E+3
6.4522E+2	1.6591E+3
6.4524E+2	1.8589E+3
6.4526E+2	2.0872E+3
6.4528E+2	1.8778E+3
6.4530E+2	1.5978E+3
6.4532E+2	1.7376E+3
6.4534E+2	2.2172E+3
6.4536E+2	2.1263E+3
6.4538E+2	1.8185E+3
6.4540E+2	2.0496E+3
6.4542E+2	1.8657E+3
6.4544E+2	1.3933E+3
6.4546E+2	1.4703E+3
6.4548E+2	1.9624E+3
6.4550E+2	1.7446E+3
6.4552E+2	1.6652E+3
6.4554E+2	1.6166E+3
6.4556E+2	1.6718E+3
6.4558E+2	1.7318E+3
6.4560E+2	1.4943E+3
6.4562E+2	1.9302E+3
6.4564E+2	1.7452E+3
6.4566E+2	1.9147E+3
6.4568E+2	1.3869E+3
6.4570E+2	1.9391E+3
6.4572E+2	1.7480E+3
6.4574E+2	1.6475E+3
6.4576E+2	1.7160E+3
6.4578E+2	1.3026E+3
6.4580E+2	1.5495E+3
6.4582E+2	1.7949E+3
6.4584E+2	1.6713E+3
6.4586E+2	1.8097E+3
6.4588E+2	1.5182E+3
6.4590E+2	1.3727E+3
6.4592E+2	1.2239E+3
6.4594E+2	1.5303E+3
6.4596E+2	1.8785E+3
6.4598E+2	1.5617E+3
6.4600E+2	1.6135E+3
6.4602E+2	1.3820E+3
6.4604E+2	1.6385E+3
6.4606E+2	1.2973E+3
6.4608E+2	1.6019E+3
6.4610E+2	1.3705E+3
6.4612E+2	1.4343E+3
6.4614E+2	1.4340E+3
6.4616E+2	1.3371E+3
6.4618E+2	1.2668E+3
6.4620E+2	1.1132E+3
6.4622E+2	1.1712E+3
6.4624E+2	1.1483E+3
6.4626E+2	1.2685E+3
6.4628E+2	1.4046E+3
6.4630E+2	1.7390E+3
6.4632E+2	1.5257E+3
6.4634E+2	1.1417E+3
6.4636E+2	1.4500E+3
6.4638E+2	1.0745E+3
6.4640E+2	1.4872E+3
6.4642E+2	1.2451E+3
6.4644E+2	1.3470E+3
6.4646E+2	1.6101E+3
6.4648E+2	1.3279E+3
6.4650E+2	1.3342E+3
6.4652E+2	1.2306E+3
6.4654E+2	1.2738E+3
6.4656E+2	1.1514E+3
6.4658E+2	1.2383E+3
6.4660E+2	8.7136E+2
6.4662E+2	1.3473E+3
6.4664E+2	1.2031E+3
6.4666E+2	9.6342E+2
6.4668E+2	1.6118E+3
6.4670E+2	1.1480E+3
6.4672E+2	1.4547E+3
6.4674E+2	1.2971E+3
6.4676E+2	1.1872E+3
6.4678E+2	1.0775E+3
6.4680E+2	1.0857E+3
6.4682E+2	1.3495E+3
6.4684E+2	9.4549E+2
6.4686E+2	1.1743E+3
6.4688E+2	1.1708E+3
6.4690E+2	1.0080E+3
6.4692E+2	1.2436E+3
6.4694E+2	1.1564E+3
6.4696E+2	1.0518E+3
6.4698E+2	1.0070E+3
6.4700E+2	1.1235E+3
6.4702E+2	1.0917E+3
6.4704E+2	9.4812E+2
6.4706E+2	1.0295E+3
6.4708E+2	1.1866E+3
6.4710E+2	1.1833E+3
6.4712E+2	1.2945E+3
6.4714E+2	1.0839E+3
6.4716E+2	9.3070E+2
6.4718E+2	1.2444E+3
6.4720E+2	1.1945E+3
6.4722E+2	1.0260E+3
6.4724E+2	9.3370E+2
6.4726E+2	8.8338E+2
6.4728E+2	1.1136E+3
6.4730E+2	1.0433E+3
6.4732E+2	8.6981E+2
6.4734E+2	9.1025E+2
6.4736E+2	9.7330E+2
6.4738E+2	1.0613E+3
6.4740E+2	6.7706E+2
6.4742E+2	1.0411E+3
6.4744E+2	9.5166E+2
6.4746E+2	1.0885E+3
6.4748E+2	1.1698E+3
6.4750E+2	6.4477E+2
6.4752E+2	1.0379E+3
6.4754E+2	8.5707E+2
6.4756E+2	7.4893E+2
6.4758E+2	1.3318E+3
6.4760E+2	8.5025E+2
6.4762E+2	1.0495E+3
6.4764E+2	9.4646E+2
6.4766E+2	7.7474E+2
6.4768E+2	8.5342E+2
6.4770E+2	8.4094E+2
6.4772E+2	6.4286E+2
6.4774E+2	9.0679E+2
6.4776E+2	8.2604E+2
6.4778E+2	8.4887E+2
6.4780E+2	9.6568E+2
6.4782E+2	7.3258E+2
6.4784E+2	9.2877E+2
6.4786E+2	9.1975E+2
6.4788E+2	8.8227E+2
6.4790E+2	8.1317E+2
6.4792E+2	8.3202E+2
6.4794E+2	7.7010E+2
6.4796E+2	7.9759E+2
6.4798E+2	8.2250E+2
6.4800E+2	1.0351E+3
