6.3700E+2	3.6127E+5
6.3702E+2	3.5119E+5
6.3704E+2	3.4022E+5
6.3706E+2	3.3052E+5
6.3708E+2	3.2642E+5
6.3710E+2	3.1841E+5
6.3712E+2	3.1065E+5
6.3714E+2	3.0559E+5
6.3716E+2	2.9463E+5
6.3718E+2	2.9002E+5
6.3720E+2	2.8882E+5
6.3722E+2	2.8962E+5
6.3724E+2	2.8979E+5
6.3726E+2	2.8577E+5
6.3728E+2	2.8064E+5
6.3730E+2	2.8389E+5
6.3732E+2	2.8226E+5
6.3734E+2	2.8303E+5
6.3736E+2	2.7936E+5
6.3738E+2	2.7489E+5
6.3740E+2	2.7020E+5
6.3742E+2	2.6722E+5
6.3744E+2	2.6738E+5
6.3746E+2	2.6614E+5
6.3748E+2	2.6250E+5
6.3750E+2	2.6259E+5
6.3752E+2	2.5657E+5
6.3754E+2	2.5441E+5
6.3756E+2	2.5398E+5
6.3758E+2	2.5384E+5
6.3760E+2	2.5159E+5
6.3762E+2	2.4904E+5
6.3764E+2	2.4923E+5
6.3766E+2	2.4994E+5
6.3768E+2	2.4324E+5
6.3770E+2	2.4261E+5
6.3772E+2	2.3752E+5
6.3774E+2	2.4026E+5
6.3776E+2	2.3805E+5
6.3778E+2	2.3278E+5
6.3780E+2	2.3407E+5
6.3782E+2	2.3074E+5
6.3784E+2	2.3099E+5
6.3786E+2	2.2569E+5
6.3788E+2	2.2471E+5
6.3790E+2	2.2516E+5
6.3792E+2	2.2331E+5
6.3794E+2	2.2116E+5
6.3796E+2	2.2062E+5
6.3798E+2	2.1621E+5
6.3800E+2	2.1470E+5
6.3802E+2	2.1290E+5
6.3804E+2	2.0979E+5
6.3806E+2	2.1114E+5
6.3808E+2	2.0967E+5
6.3810E+2	2.0788E+5
6.3812E+2	2.0150E+5
6.3814E+2	2.0049E+5
6.3816E+2	2.0115E+5
6.3818E+2	2.0412E+5
6.3820E+2	1.9531E+5
6.3822E+2	1.9308E+5
6.3824E+2	1.9389E+5
6.3826E+2	1.9299E+5
6.3828E+2	1.8805E+5
6.3830E+2	1.8998E+5
6.3832E+2	1.8685E+5
6.3834E+2	1.8063E+5
6.3836E+2	1.8374E+5
6.3838E+2	1.8154E+5
6.3840E+2	1.8130E+5
6.3842E+2	1.8064E+5
6.3844E+2	1.7619E+5
6.3846E+2	1.7344E+5
6.3848E+2	1.7753E+5
6.3850E+2	1.7219E+5
6.3852E+2	1.7265E+5
6.3854E+2	1.7014E+5
6.3856E+2	1.7074E+5
6.3858E+2	1.6758E+5
6.3860E+2	1.6629E+5
6.3862E+2	1.6474E+5
6.3864E+2	1.6335E+5
6.3866E+2	1.6012E+5
6.3868E+2	1.6001E+5
6.3870E+2	1.5795E+5
6.3872E+2	1.5886E+5
6.3874E+2	1.5717E+5
6.3876E+2	1.5527E+5
6.3878E+2	1.5082E+5
6.3880E+2	1.5037E+5
6.3882E+2	1.5257E+5
6.3884E+2	1.5066E+5
6.3886E+2	1.4983E+5
6.3888E+2	1.4776E+5
6.3890E+2	1.4612E+5
6.3892E+2	1.4668E+5
6.3894E+2	1.4420E+5
6.3896E+2	1.4517E+5
6.3898E+2	1.4046E+5
6.3900E+2	1.4080E+5
6.3902E+2	1.3949E+5
6.3904E+2	1.4079E+5
6.3906E+2	1.3932E+5
6.3908E+2	1.3845E+5
6.3910E+2	1.3989E+5
6.3912E+2	1.3859E+5
6.3914E+2	1.4124E+5
6.3916E+2	1.3418E+5
6.3918E+2	1.3609E+5
6.3920E+2	1.3678E+5
6.3922E+2	1.3679E+5
6.3924E+2	1.3343E+5
6.3926E+2	1.3544E+5
6.3928E+2	1.3503E+5
6.3930E+2	1.3420E+5
6.3932E+2	1.3608E+5
6.3934E+2	1.3894E+5
6.3936E+2	1.3856E+5
6.3938E+2	1.3945E+5
6.3940E+2	1.4123E+5
6.3942E+2	1.4133E+5
6.3944E+2	1.3902E+5
6.3946E+2	1.3971E+5
6.3948E+2	1.4171E+5
6.3950E+2	1.3671E+5
6.3952E+2	1.4013E+5
6.3954E+2	1.3792E+5
6.3956E+2	1.3922E+5
6.3958E+2	1.3727E+5
6.3960E+2	1.3546E+5
6.3962E+2	1.3216E+5
6.3964E+2	1.3102E+5
6.3966E+2	1.3101E+5
6.3968E+2	1.2841E+5
6.3970E+2	1.2601E+5
6.3972E+2	1.2274E+5
6.3974E+2	1.1818E+5
6.3976E+2	1.1606E+5
6.3978E+2	1.1511E+5
6.3980E+2	1.1110E+5
6.3982E+2	1.1223E+5
6.3984E+2	1.0682E+5
6.3986E+2	1.0304E+5
6.3988E+2	1.0246E+5
6.3990E+2	1.0079E+5
6.3992E+2	9.9038E+4
6.3994E+2	9.5860E+4
6.3996E+2	9.4137E+4
6.3998E+2	9.3007E+4
6.4000E+2	9.1805E+4
6.4002E+2	8.7215E+4
6.4004E+2	8.6994E+4
6.4006E+2	8.6324E+4
6.4008E+2	8.7091E+4
6.4010E+2	8.3890E+4
6.4012E+2	8.3516E+4
6.4014E+2	8.8536E+4
6.4016E+2	8.3753E+4
6.4018E+2	8.2572E+4
6.4020E+2	8.1198E+4
6.4022E+2	7.7293E+4
6.4024E+2	7.8279E+4
6.4026E+2	7.6847E+4
6.4028E+2	7.7338E+4
6.4030E+2	7.4379E+4
6.4032E+2	7.3139E+4
6.4034E+2	7.2204E+4
6.4036E+2	7.0926E+4
6.4038E+2	7.0496E+4
6.4040E+2	7.1290E+4
6.4042E+2	6.9742E+4
6.4044E+2	6.9116E+4
6.4046E+2	6.9933E+4
6.4048E+2	6.6500E+4
6.4050E+2	6.7554E+4
6.4052E+2	6.2756E+4
6.4054E+2	6.4682E+4
6.4056E+2	6.3096E+4
6.4058E+2	6.3718E+4
6.4060E+2	6.1817E+4
6.4062E+2	6.2083E+4
6.4064E+2	6.2030E+4
6.4066E+2	6.0644E+4
6.4068E+2	5.9584E+4
6.4070E+2	5.8257E+4
6.4072E+2	5.8358E+4
6.4074E+2	5.7561E+4
6.4076E+2	5.7402E+4
6.4078E+2	5.7348E+4
6.4080E+2	5.5212E+4
6.4082E+2	5.5373E+4
6.4084E+2	5.4029E+4
6.4086E+2	5.3023E+4
6.4088E+2	5.4744E+4
6.4090E+2	5.2660E+4
6.4092E+2	5.1372E+4
6.4094E+2	5.1248E+4
6.4096E+2	5.0316E+4
6.4098E+2	4.8773E+4
6.4100E+2	4.9008E+4
6.4102E+2	4.8110E+4
6.4104E+2	4.8143E+4
6.4106E+2	4.8407E+4
6.4108E+2	4.7050E+4
6.4110E+2	4.7377E+4
6.4112E+2	4.6814E+4
6.4114E+2	4.7797E+4
6.4116E+2	4.6385E+4
6.4118E+2	4.6888E+4
6.4120E+2	4.4909E+4
6.4122E+2	4.5257E+4
6.4124E+2	4.3948E+4
6.4126E+2	4.4736E+4
6.4128E+2	4.2886E+4
6.4130E+2	4.2682E+4
6.4132E+2	4.2836E+4
6.4134E+2	4.1799E+4
6.4136E+2	4.2752E+4
6.4138E+2	3.9392E+4
6.4140E+2	4.0277E+4
6.4142E+2	4.0373E+4
6.4144E+2	3.9158E+4
6.4146E+2	3.9908E+4
6.4148E+2	3.9052E+4
6.4150E+2	3.7758E+4
6.4152E+2	3.7723E+4
6.4154E+2	3.8782E+4
6.4156E+2	3.7757E+4
6.4158E+2	3.7640E+4
6.4160E+2	3.6368E+4
6.4162E+2	3.6325E+4
6.4164E+2	3.7468E+4
6.4166E+2	3.7903E+4
6.4168E+2	3.7456E+4
6.4170E+2	3.7876E+4
6.4172E+2	3.6848E+4
6.4174E+2	3.9299E+4
6.4176E+2	3.7602E+4
6.4178E+2	3.9200E+4
6.4180E+2	3.9853E+4
6.4182E+2	4.1467E+4
6.4184E+2	4.2699E+4
6.4186E+2	4.2904E+4
6.4188E+2	4.3383E+4
6.4190E+2	4.3327E+4
6.4192E+2	4.5164E+4
6.4194E+2	4.8494E+4
6.4196E+2	4.7869E+4
6.4198E+2	4.8040E+4
6.4200E+2	5.2019E+4
6.4202E+2	5.1597E+4
6.4204E+2	5.1698E+4
6.4206E+2	5.2610E+4
6.4208E+2	5.5719E+4
6.4210E+2	5.4740E+4
6.4212E+2	5.4410E+4
6.4214E+2	5.5198E+4
6.4216E+2	5.6184E+4
6.4218E+2	5.4292E+4
6.4220E+2	5.4151E+4
6.4222E+2	5.4859E+4
6.4224E+2	5.2742E+4
6.4226E+2	5.0982E+4
6.4228E+2	5.0447E+4
6.4230E+2	4.7707E+4
6.4232E+2	4.4836E+4
6.4234E+2	4.4035E+4
6.4236E+2	4.2684E+4
6.4238E+2	4.1712E+4
6.4240E+2	3.8560E+4
6.4242E+2	3.7410E+4
6.4244E+2	3.5314E+4
6.4246E+2	3.3645E+4
6.4248E+2	3.3764E+4
6.4250E+2	3.0970E+4
6.4252E+2	2.9500E+4
6.4254E+2	2.7130E+4
6.4256E+2	2.7220E+4
6.4258E+2	2.6790E+4
6.4260E+2	2.4307E+4
6.4262E+2	2.4396E+4
6.4264E+2	2.4118E+4
6.4266E+2	2.2129E+4
6.4268E+2	2.2568E+4
6.4270E+2	2.1205E+4
6.4272E+2	2.1934E+4
6.4274E+2	2.2100E+4
6.4276E+2	2.2154E+4
6.4278E+2	2.1083E+4
6.4280E+2	2.0561E+4
6.4282E+2	2.1048E+4
6.4284E+2	2.0555E+4
6.4286E+2	2.0496E+4
6.4288E+2	2.1505E+4
6.4290E+2	2.1083E+4
6.4292E+2	2.0263E+4
6.4294E+2	2.0395E+4
6.4296E+2	1.9960E+4
6.4298E+2	1.9800E+4
6.4300E+2	2.0412E+4
6.4302E+2	1.8792E+4
6.4304E+2	1.8842E+4
6.4306E+2	1.9793E+4
6.4308E+2	1.8600E+4
6.4310E+2	1.9014E+4
6.4312E+2	2.0110E+4
6.4314E+2	2.0370E+4
6.4316E+2	2.0553E+4
6.4318E+2	1.9767E+4
6.4320E+2	1.9279E+4
6.4322E+2	1.8676E+4
6.4324E+2	1.9232E+4
6.4326E+2	1.8583E+4
6.4328E+2	1.9835E+4
6.4330E+2	1.8226E+4
6.4332E+2	1.8928E+4
6.4334E+2	1.9163E+4
6.4336E+2	1.8940E+4
6.4338E+2	1.8111E+4
6.4340E+2	1.7848E+4
6.4342E+2	1.8114E+4
6.4344E+2	1.8026E+4
6.4346E+2	1.8563E+4
6.4348E+2	1.8005E+4
6.4350E+2	1.7023E+4
6.4352E+2	1.6251E+4
6.4354E+2	1.7405E+4
6.4356E+2	1.6609E+4
6.4358E+2	1.6993E+4
6.4360E+2	1.5961E+4
6.4362E+2	1.5323E+4
6.4364E+2	1.4791E+4
6.4366E+2	1.5656E+4
6.4368E+2	1.4015E+4
6.4370E+2	1.5200E+4
6.4372E+2	1.4054E+4
6.4374E+2	1.4446E+4
6.4376E+2	1.4457E+4
6.4378E+2	1.3792E+4
6.4380E+2	1.2906E+4
6.4382E+2	1.3642E+4
6.4384E+2	1.3359E+4
6.4386E+2	1.3191E+4
6.4388E+2	1.3158E+4
6.4390E+2	1.2174E+4
6.4392E+2	1.2204E+4
6.4394E+2	1.2544E+4
6.4396E+2	1.2566E+4
6.4398E+2	1.2616E+4
6.4400E+2	1.2695E+4
6.4402E+2	1.2559E+4
6.4404E+2	1.2604E+4
6.4406E+2	1.2405E+4
6.4408E+2	1.2302E+4
6.4410E+2	1.1301E+4
6.4412E+2	1.1435E+4
6.4414E+2	1.1407E+4
6.4416E+2	1.1543E+4
6.4418E+2	1.0633E+4
6.4420E+2	1.1881E+4
6.4422E+2	1.1645E+4
6.4424E+2	1.1580E+4
6.4426E+2	1.1652E+4
6.4428E+2	1.0850E+4
6.4430E+2	1.1025E+4
6.4432E+2	1.1866E+4
6.4434E+2	1.0896E+4
6.4436E+2	1.1306E+4
6.4438E+2	1.0741E+4
6.4440E+2	1.0500E+4
6.4442E+2	1.0683E+4
6.4444E+2	1.0859E+4
6.4446E+2	1.0468E+4
6.4448E+2	1.0290E+4
6.4450E+2	1.0578E+4
6.4452E+2	1.0008E+4
6.4454E+2	9.1761E+3
6.4456E+2	9.8302E+3
6.4458E+2	1.0187E+4
6.4460E+2	9.4942E+3
6.4462E+2	9.2209E+3
6.4464E+2	9.4468E+3
6.4466E+2	9.0991E+3
6.4468E+2	9.6331E+3
6.4470E+2	9.1117E+3
6.4472E+2	9.8173E+3
6.4474E+2	9.0283E+3
6.4476E+2	9.4827E+3
6.4478E+2	9.2969E+3
6.4480E+2	8.7260E+3
6.4482E+2	9.4777E+3
6.4484E+2	9.3967E+3
6.4486E+2	8.7020E+3
6.4488E+2	8.7188E+3
6.4490E+2	8.8117E+3
6.4492E+2	8.8433E+3
6.4494E+2	8.6101E+3
6.4496E+2	8.7478E+3
6.4498E+2	8.2636E+3
6.4500E+2	8.5290E+3
