6.5200E+2	9.5000E+1
6.5202E+2	1.0800E+2
6.5204E+2	9.8000E+1
6.5206E+2	1.0200E+2
6.5208E+2	1.0300E+2
6.5210E+2	1.0200E+2
6.5212E+2	1.1500E+2
6.5214E+2	1.0200E+2
6.5216E+2	1.0800E+2
6.5218E+2	1.1500E+2
6.5220E+2	8.9000E+1
6.5222E+2	1.0200E+2
6.5224E+2	1.0300E+2
6.5226E+2	1.1700E+2
6.5228E+2	8.7000E+1
6.5230E+2	7.4000E+1
6.5232E+2	9.3000E+1
6.5234E+2	9.7000E+1
6.5236E+2	1.0400E+2
6.5238E+2	8.9000E+1
6.5240E+2	1.0200E+2
6.5242E+2	1.0800E+2
6.5244E+2	8.8000E+1
6.5246E+2	9.0000E+1
6.5248E+2	1.0100E+2
6.5250E+2	7.5000E+1
6.5252E+2	9.4000E+1
6.5254E+2	9.6000E+1
6.5256E+2	1.0300E+2
6.5258E+2	9.3000E+1
6.5260E+2	1.1300E+2
6.5262E+2	9.2000E+1
6.5264E+2	1.0300E+2
6.5266E+2	9.9000E+1
6.5268E+2	9.0000E+1
6.5270E+2	9.4000E+1
6.5272E+2	1.0400E+2
6.5274E+2	1.0800E+2
6.5276E+2	8.0000E+1
6.5278E+2	1.0100E+2
6.5280E+2	7.8000E+1
6.5282E+2	8.0000E+1
6.5284E+2	8.4000E+1
6.5286E+2	9.7000E+1
6.5288E+2	9.2000E+1
6.5290E+2	7.6000E+1
6.5292E+2	9.8000E+1
6.5294E+2	1.0900E+2
6.5296E+2	1.2200E+2
6.5298E+2	1.0600E+2
6.5300E+2	8.2000E+1
6.5302E+2	1.1000E+2
6.5304E+2	8.4000E+1
6.5306E+2	8.8000E+1
6.5308E+2	8.2000E+1
6.5310E+2	8.2000E+1
6.5312E+2	9.1000E+1
6.5314E+2	7.7000E+1
6.5316E+2	9.2000E+1
6.5318E+2	8.0000E+1
6.5320E+2	8.3000E+1
6.5322E+2	8.6000E+1
6.5324E+2	9.9000E+1
6.5326E+2	9.2000E+1
6.5328E+2	1.0700E+2
6.5330E+2	1.0000E+2
6.5332E+2	8.1000E+1
6.5334E+2	7.8000E+1
6.5336E+2	8.2000E+1
6.5338E+2	7.1000E+1
6.5340E+2	8.8000E+1
6.5342E+2	7.6000E+1
6.5344E+2	9.1000E+1
6.5346E+2	8.1000E+1
6.5348E+2	6.2000E+1
6.5350E+2	8.2000E+1
6.5352E+2	8.9000E+1
6.5354E+2	8.5000E+1
6.5356E+2	1.0400E+2
6.5358E+2	8.9000E+1
6.5360E+2	8.8000E+1
6.5362E+2	9.6000E+1
6.5364E+2	7.8000E+1
6.5366E+2	7.4000E+1
6.5368E+2	8.7000E+1
6.5370E+2	7.3000E+1
6.5372E+2	9.4000E+1
6.5374E+2	8.2000E+1
6.5376E+2	9.3000E+1
6.5378E+2	7.8000E+1
6.5380E+2	8.0000E+1
6.5382E+2	9.4000E+1
6.5384E+2	7.1000E+1
6.5386E+2	7.5000E+1
6.5388E+2	8.7000E+1
6.5390E+2	7.1000E+1
6.5392E+2	7.2000E+1
6.5394E+2	7.3000E+1
6.5396E+2	6.6000E+1
6.5398E+2	9.2000E+1
6.5400E+2	7.9000E+1
6.5402E+2	7.7000E+1
6.5404E+2	7.1000E+1
6.5406E+2	7.6000E+1
6.5408E+2	7.6000E+1
6.5410E+2	8.4000E+1
6.5412E+2	8.5000E+1
6.5414E+2	6.4000E+1
6.5416E+2	6.7000E+1
6.5418E+2	6.6000E+1
6.5420E+2	7.1000E+1
6.5422E+2	7.3000E+1
6.5424E+2	7.9000E+1
6.5426E+2	9.5000E+1
6.5428E+2	7.6000E+1
6.5430E+2	8.0000E+1
6.5432E+2	5.6000E+1
6.5434E+2	1.1700E+2
6.5436E+2	7.5000E+1
6.5438E+2	7.1000E+1
6.5440E+2	1.0400E+2
6.5442E+2	8.4000E+1
6.5444E+2	5.8000E+1
6.5446E+2	8.0000E+1
6.5448E+2	7.1000E+1
6.5450E+2	8.0000E+1
6.5452E+2	7.2000E+1
6.5454E+2	6.4000E+1
6.5456E+2	6.6000E+1
6.5458E+2	7.6000E+1
6.5460E+2	8.6000E+1
6.5462E+2	8.2000E+1
6.5464E+2	6.9000E+1
6.5466E+2	7.8000E+1
6.5468E+2	7.0000E+1
6.5470E+2	5.9000E+1
6.5472E+2	7.0000E+1
6.5474E+2	6.6000E+1
6.5476E+2	6.8000E+1
6.5478E+2	7.9000E+1
6.5480E+2	8.2000E+1
6.5482E+2	6.5000E+1
6.5484E+2	7.6000E+1
6.5486E+2	7.7000E+1
6.5488E+2	6.3000E+1
6.5490E+2	9.8000E+1
6.5492E+2	7.1000E+1
6.5494E+2	8.9000E+1
6.5496E+2	6.4000E+1
6.5498E+2	7.4000E+1
6.5500E+2	7.8000E+1
6.5502E+2	1.0700E+2
6.5504E+2	9.3000E+1
6.5506E+2	7.9000E+1
6.5508E+2	7.3000E+1
6.5510E+2	7.8000E+1
6.5512E+2	6.4000E+1
6.5514E+2	5.2000E+1
6.5516E+2	6.3000E+1
6.5518E+2	6.6000E+1
6.5520E+2	8.5000E+1
6.5522E+2	8.5000E+1
6.5524E+2	7.0000E+1
6.5526E+2	8.3000E+1
6.5528E+2	7.7000E+1
6.5530E+2	8.1000E+1
6.5532E+2	6.9000E+1
6.5534E+2	7.2000E+1
6.5536E+2	6.2000E+1
6.5538E+2	7.5000E+1
6.5540E+2	8.3000E+1
6.5542E+2	7.8000E+1
6.5544E+2	7.4000E+1
6.5546E+2	7.6000E+1
6.5548E+2	5.9000E+1
6.5550E+2	8.0000E+1
6.5552E+2	6.6000E+1
6.5554E+2	6.6000E+1
6.5556E+2	7.8000E+1
6.5558E+2	6.4000E+1
6.5560E+2	7.7000E+1
6.5562E+2	6.1000E+1
6.5564E+2	5.5000E+1
6.5566E+2	6.6000E+1
6.5568E+2	8.4000E+1
6.5570E+2	6.7000E+1
6.5572E+2	8.0000E+1
6.5574E+2	6.2000E+1
6.5576E+2	4.9000E+1
6.5578E+2	6.1000E+1
6.5580E+2	6.5000E+1
6.5582E+2	5.0000E+1
6.5584E+2	6.8000E+1
6.5586E+2	6.4000E+1
6.5588E+2	7.2000E+1
6.5590E+2	6.2000E+1
6.5592E+2	6.5000E+1
6.5594E+2	7.5000E+1
6.5596E+2	4.5000E+1
6.5598E+2	6.5000E+1
6.5600E+2	4.5000E+1
6.5602E+2	6.3000E+1
6.5604E+2	5.0000E+1
6.5606E+2	8.6000E+1
6.5608E+2	6.8000E+1
6.5610E+2	6.5000E+1
6.5612E+2	7.4000E+1
6.5614E+2	6.2000E+1
6.5616E+2	6.6000E+1
6.5618E+2	5.9000E+1
6.5620E+2	6.8000E+1
6.5622E+2	5.1000E+1
6.5624E+2	6.2000E+1
6.5626E+2	5.0000E+1
6.5628E+2	5.5000E+1
6.5630E+2	7.6000E+1
6.5632E+2	5.3000E+1
6.5634E+2	6.3000E+1
6.5636E+2	6.9000E+1
6.5638E+2	6.4000E+1
6.5640E+2	6.1000E+1
6.5642E+2	5.8000E+1
6.5644E+2	6.3000E+1
6.5646E+2	5.5000E+1
6.5648E+2	7.0000E+1
6.5650E+2	7.5000E+1
6.5652E+2	6.0000E+1
6.5654E+2	6.0000E+1
6.5656E+2	5.3000E+1
6.5658E+2	6.6000E+1
6.5660E+2	7.5000E+1
6.5662E+2	4.5000E+1
6.5664E+2	6.2000E+1
6.5666E+2	5.5000E+1
6.5668E+2	3.7000E+1
6.5670E+2	5.7000E+1
6.5672E+2	6.2000E+1
6.5674E+2	6.2000E+1
6.5676E+2	7.8000E+1
6.5678E+2	6.8000E+1
6.5680E+2	5.0000E+1
6.5682E+2	5.4000E+1
6.5684E+2	7.9000E+1
6.5686E+2	6.3000E+1
6.5688E+2	6.1000E+1
6.5690E+2	6.8000E+1
6.5692E+2	7.1000E+1
6.5694E+2	5.3000E+1
6.5696E+2	6.5000E+1
6.5698E+2	5.3000E+1
6.5700E+2	5.4000E+1
6.5702E+2	5.4000E+1
6.5704E+2	6.2000E+1
6.5706E+2	7.5000E+1
6.5708E+2	6.8000E+1
6.5710E+2	5.1000E+1
6.5712E+2	5.7000E+1
6.5714E+2	6.8000E+1
6.5716E+2	7.2000E+1
6.5718E+2	6.3000E+1
6.5720E+2	5.8000E+1
6.5722E+2	5.5000E+1
6.5724E+2	7.0000E+1
6.5726E+2	5.8000E+1
6.5728E+2	5.0000E+1
6.5730E+2	5.2000E+1
6.5732E+2	7.8000E+1
6.5734E+2	5.2000E+1
6.5736E+2	5.1000E+1
6.5738E+2	4.1000E+1
6.5740E+2	4.8000E+1
6.5742E+2	5.6000E+1
6.5744E+2	5.7000E+1
6.5746E+2	6.9000E+1
6.5748E+2	7.0000E+1
6.5750E+2	5.4000E+1
6.5752E+2	6.5000E+1
6.5754E+2	5.4000E+1
6.5756E+2	7.1000E+1
6.5758E+2	5.4000E+1
6.5760E+2	6.1000E+1
6.5762E+2	5.3000E+1
6.5764E+2	6.5000E+1
6.5766E+2	5.7000E+1
6.5768E+2	4.7000E+1
6.5770E+2	4.2000E+1
6.5772E+2	5.0000E+1
6.5774E+2	5.6000E+1
6.5776E+2	4.5000E+1
6.5778E+2	4.9000E+1
6.5780E+2	5.6000E+1
6.5782E+2	6.3000E+1
6.5784E+2	5.6000E+1
6.5786E+2	5.2000E+1
6.5788E+2	4.7000E+1
6.5790E+2	3.8000E+1
6.5792E+2	4.4000E+1
6.5794E+2	4.1000E+1
6.5796E+2	4.6000E+1
6.5798E+2	6.1000E+1
6.5800E+2	4.9000E+1
