6.5000E+2	1.9800E+2
6.5010E+2	1.6000E+2
6.5020E+2	1.9300E+2
6.5030E+2	1.9000E+2
6.5040E+2	2.1300E+2
6.5050E+2	1.8200E+2
6.5060E+2	1.4800E+2
6.5070E+2	1.7000E+2
6.5080E+2	1.7800E+2
6.5090E+2	2.3200E+2
6.5100E+2	1.8800E+2
6.5110E+2	1.5200E+2
6.5120E+2	1.7200E+2
6.5130E+2	1.8200E+2
6.5140E+2	1.6200E+2
6.5150E+2	1.6100E+2
6.5160E+2	1.6700E+2
6.5170E+2	1.5900E+2
6.5180E+2	1.5900E+2
6.5190E+2	1.3600E+2
6.5200E+2	1.6200E+2
6.5210E+2	1.3100E+2
6.5220E+2	1.4300E+2
6.5230E+2	1.6500E+2
6.5240E+2	1.4700E+2
6.5250E+2	1.4500E+2
6.5260E+2	1.4600E+2
6.5270E+2	1.4000E+2
6.5280E+2	1.6400E+2
6.5290E+2	1.4300E+2
6.5300E+2	1.3600E+2
6.5310E+2	1.5200E+2
6.5320E+2	1.3300E+2
6.5330E+2	1.7700E+2
6.5340E+2	1.3000E+2
6.5350E+2	1.2700E+2
6.5360E+2	1.3400E+2
6.5370E+2	1.3200E+2
6.5380E+2	1.0400E+2
6.5390E+2	1.4900E+2
6.5400E+2	1.1700E+2
6.5410E+2	1.2200E+2
6.5420E+2	1.2600E+2
6.5430E+2	1.2800E+2
6.5440E+2	1.1100E+2
6.5450E+2	1.3900E+2
6.5460E+2	1.1700E+2
6.5470E+2	1.0300E+2
6.5480E+2	1.1100E+2
6.5490E+2	1.2000E+2
6.5500E+2	1.1800E+2
6.5510E+2	9.1000E+1
6.5520E+2	1.0600E+2
6.5530E+2	1.0800E+2
6.5540E+2	1.1000E+2
6.5550E+2	1.2800E+2
6.5560E+2	9.7000E+1
6.5570E+2	1.0900E+2
6.5580E+2	1.0300E+2
6.5590E+2	1.1600E+2
6.5600E+2	1.2100E+2
6.5610E+2	1.2800E+2
6.5620E+2	1.0100E+2
6.5630E+2	9.3000E+1
6.5640E+2	1.2000E+2
6.5650E+2	1.2500E+2
6.5660E+2	9.2000E+1
6.5670E+2	1.0400E+2
6.5680E+2	1.3700E+2
6.5690E+2	1.2500E+2
6.5700E+2	1.0100E+2
6.5710E+2	1.1200E+2
6.5720E+2	1.3300E+2
6.5730E+2	1.1900E+2
6.5740E+2	1.1900E+2
6.5750E+2	1.1300E+2
6.5760E+2	1.1300E+2
6.5770E+2	1.2000E+2
6.5780E+2	1.1300E+2
6.5790E+2	8.9000E+1
6.5800E+2	1.1100E+2
6.5810E+2	9.5000E+1
6.5820E+2	8.5000E+1
6.5830E+2	7.3000E+1
6.5840E+2	1.0500E+2
6.5850E+2	9.8000E+1
6.5860E+2	9.8000E+1
6.5870E+2	1.0500E+2
6.5880E+2	8.0000E+1
6.5890E+2	7.8000E+1
6.5900E+2	8.7000E+1
6.5910E+2	7.4000E+1
6.5920E+2	9.5000E+1
6.5930E+2	1.2900E+2
6.5940E+2	8.4000E+1
6.5950E+2	1.1100E+2
6.5960E+2	8.4000E+1
6.5970E+2	8.5000E+1
6.5980E+2	7.1000E+1
6.5990E+2	9.2000E+1
6.6000E+2	8.9000E+1
