6.5000E+2	3.3800E+2
6.5003E+2	3.0900E+2
6.5006E+2	2.7100E+2
6.5009E+2	2.7000E+2
6.5012E+2	2.6700E+2
6.5015E+2	2.8000E+2
6.5018E+2	2.6200E+2
6.5021E+2	2.4800E+2
6.5024E+2	2.6800E+2
6.5027E+2	2.5900E+2
6.5030E+2	2.7900E+2
6.5033E+2	2.5600E+2
6.5036E+2	3.1000E+2
6.5039E+2	2.4900E+2
6.5042E+2	2.3500E+2
6.5045E+2	2.5900E+2
6.5048E+2	2.6600E+2
6.5051E+2	2.1100E+2
6.5054E+2	2.2500E+2
6.5057E+2	2.4000E+2
6.5060E+2	2.5100E+2
6.5063E+2	1.9800E+2
6.5066E+2	2.3300E+2
6.5069E+2	2.2900E+2
6.5072E+2	2.1300E+2
6.5075E+2	2.3100E+2
6.5078E+2	2.7900E+2
6.5081E+2	2.7200E+2
6.5084E+2	2.5000E+2
6.5087E+2	2.2600E+2
6.5090E+2	2.4600E+2
6.5093E+2	2.4100E+2
6.5096E+2	2.4300E+2
6.5099E+2	2.4100E+2
6.5102E+2	2.0800E+2
6.5105E+2	2.3700E+2
6.5108E+2	2.1900E+2
6.5111E+2	2.2500E+2
6.5114E+2	2.3300E+2
6.5117E+2	2.4900E+2
6.5120E+2	2.0000E+2
6.5123E+2	2.1500E+2
6.5126E+2	2.2200E+2
6.5129E+2	2.2600E+2
6.5132E+2	2.4400E+2
6.5135E+2	2.1400E+2
6.5138E+2	2.1300E+2
6.5141E+2	2.1800E+2
6.5144E+2	2.0700E+2
6.5147E+2	1.8000E+2
6.5150E+2	2.0700E+2
6.5153E+2	2.0500E+2
6.5156E+2	2.2300E+2
6.5159E+2	2.4600E+2
6.5162E+2	1.8900E+2
6.5165E+2	2.1800E+2
6.5168E+2	2.0100E+2
6.5171E+2	2.1400E+2
6.5174E+2	2.0400E+2
6.5177E+2	1.9600E+2
6.5180E+2	2.1200E+2
6.5183E+2	1.8700E+2
6.5186E+2	2.0600E+2
6.5189E+2	2.2000E+2
6.5192E+2	1.9700E+2
6.5195E+2	1.8500E+2
6.5198E+2	1.8000E+2
6.5201E+2	1.8300E+2
6.5204E+2	2.1600E+2
6.5207E+2	1.9800E+2
6.5210E+2	1.9000E+2
6.5213E+2	2.1100E+2
6.5216E+2	1.9400E+2
6.5219E+2	2.0300E+2
6.5222E+2	2.0400E+2
6.5225E+2	1.9100E+2
6.5228E+2	1.9400E+2
6.5231E+2	2.3100E+2
6.5234E+2	1.8600E+2
6.5237E+2	1.8200E+2
6.5240E+2	1.8200E+2
6.5243E+2	1.8600E+2
6.5246E+2	2.1200E+2
6.5249E+2	1.9500E+2
6.5252E+2	1.9100E+2
6.5255E+2	1.9100E+2
6.5258E+2	1.7400E+2
6.5261E+2	1.8200E+2
6.5264E+2	1.8800E+2
6.5267E+2	2.0600E+2
6.5270E+2	1.7300E+2
6.5273E+2	1.8700E+2
6.5276E+2	1.8400E+2
6.5279E+2	1.8000E+2
6.5282E+2	1.8200E+2
6.5285E+2	1.9300E+2
6.5288E+2	1.9700E+2
6.5291E+2	2.1900E+2
6.5294E+2	1.6900E+2
6.5297E+2	1.9800E+2
6.5300E+2	1.8300E+2
6.5303E+2	1.8300E+2
6.5306E+2	1.5700E+2
6.5309E+2	1.8400E+2
6.5312E+2	1.8200E+2
6.5315E+2	1.5900E+2
6.5318E+2	1.7900E+2
6.5321E+2	1.5800E+2
6.5324E+2	1.7300E+2
6.5327E+2	1.5900E+2
6.5330E+2	1.7400E+2
6.5333E+2	1.6500E+2
6.5336E+2	1.4700E+2
6.5339E+2	1.5400E+2
6.5342E+2	1.5100E+2
6.5345E+2	1.6800E+2
6.5348E+2	1.9400E+2
6.5351E+2	1.7200E+2
6.5354E+2	1.5200E+2
6.5357E+2	1.8100E+2
6.5360E+2	1.6300E+2
6.5363E+2	1.8300E+2
6.5366E+2	1.7100E+2
6.5369E+2	1.8900E+2
6.5372E+2	1.8900E+2
6.5375E+2	1.9600E+2
6.5378E+2	1.7100E+2
6.5381E+2	1.4400E+2
6.5384E+2	1.5300E+2
6.5387E+2	1.6400E+2
6.5390E+2	1.4400E+2
6.5393E+2	1.8000E+2
6.5396E+2	1.6900E+2
6.5399E+2	1.6300E+2
6.5402E+2	1.8000E+2
6.5405E+2	1.7200E+2
6.5408E+2	1.5300E+2
6.5411E+2	1.5300E+2
6.5414E+2	1.6400E+2
6.5417E+2	1.5600E+2
6.5420E+2	1.8000E+2
6.5423E+2	1.6100E+2
6.5426E+2	1.5500E+2
6.5429E+2	1.4700E+2
6.5432E+2	1.6100E+2
6.5435E+2	1.5200E+2
6.5438E+2	1.2700E+2
6.5441E+2	1.6100E+2
6.5444E+2	1.1500E+2
6.5447E+2	2.2900E+2
6.5450E+2	1.8300E+2
6.5453E+2	1.8300E+2
6.5456E+2	1.7300E+2
6.5459E+2	1.3800E+2
6.5462E+2	1.6300E+2
6.5465E+2	1.7600E+2
6.5468E+2	1.4100E+2
6.5471E+2	1.7500E+2
6.5474E+2	1.3100E+2
6.5477E+2	1.5900E+2
6.5480E+2	1.5700E+2
6.5483E+2	1.4800E+2
6.5486E+2	1.5300E+2
6.5489E+2	1.3900E+2
6.5492E+2	1.7100E+2
6.5495E+2	1.4600E+2
6.5498E+2	1.6900E+2
6.5501E+2	1.5200E+2
6.5504E+2	1.7000E+2
6.5507E+2	1.6000E+2
6.5510E+2	1.3300E+2
6.5513E+2	1.6400E+2
6.5516E+2	1.5600E+2
6.5519E+2	1.5700E+2
6.5522E+2	1.5800E+2
6.5525E+2	1.3900E+2
6.5528E+2	1.4200E+2
6.5531E+2	1.5800E+2
6.5534E+2	1.3700E+2
6.5537E+2	1.7100E+2
6.5540E+2	1.6700E+2
6.5543E+2	1.3000E+2
6.5546E+2	1.4200E+2
6.5549E+2	1.4900E+2
6.5552E+2	1.2000E+2
6.5555E+2	1.5200E+2
6.5558E+2	1.7400E+2
6.5561E+2	1.4900E+2
6.5564E+2	1.5400E+2
6.5567E+2	1.3700E+2
6.5570E+2	1.5700E+2
6.5573E+2	1.1400E+2
6.5576E+2	1.4300E+2
6.5579E+2	1.0900E+2
6.5582E+2	1.1800E+2
6.5585E+2	1.3300E+2
6.5588E+2	1.4000E+2
6.5591E+2	1.2500E+2
6.5594E+2	1.3700E+2
6.5597E+2	1.4600E+2
6.5600E+2	1.5000E+2
6.5603E+2	1.3600E+2
6.5606E+2	1.6100E+2
6.5609E+2	1.1800E+2
6.5612E+2	1.3100E+2
6.5615E+2	1.2900E+2
6.5618E+2	1.4200E+2
6.5621E+2	1.3800E+2
6.5624E+2	1.1000E+2
6.5627E+2	1.3400E+2
6.5630E+2	1.1800E+2
6.5633E+2	1.2200E+2
6.5636E+2	1.5100E+2
6.5639E+2	1.6800E+2
6.5642E+2	1.3100E+2
6.5645E+2	1.1900E+2
6.5648E+2	1.1100E+2
6.5651E+2	1.6500E+2
6.5654E+2	1.1200E+2
6.5657E+2	1.2900E+2
6.5660E+2	1.2100E+2
6.5663E+2	1.3100E+2
6.5666E+2	1.3000E+2
6.5669E+2	1.3400E+2
6.5672E+2	1.2600E+2
6.5675E+2	1.4800E+2
6.5678E+2	1.2700E+2
6.5681E+2	1.1900E+2
6.5684E+2	1.3900E+2
6.5687E+2	1.1900E+2
6.5690E+2	1.1600E+2
6.5693E+2	1.0400E+2
6.5696E+2	1.3000E+2
6.5699E+2	1.1200E+2
