6.5500E+2	1.4300E+2
6.5507E+2	1.4100E+2
6.5514E+2	1.7300E+2
6.5521E+2	1.5000E+2
6.5528E+2	1.3500E+2
6.5535E+2	1.3700E+2
6.5542E+2	1.5800E+2
6.5549E+2	1.4000E+2
6.5556E+2	1.6100E+2
6.5563E+2	1.3500E+2
6.5570E+2	1.4400E+2
6.5577E+2	1.4100E+2
6.5584E+2	1.2100E+2
6.5591E+2	1.2600E+2
6.5598E+2	1.3400E+2
6.5605E+2	1.4600E+2
6.5612E+2	1.3500E+2
6.5619E+2	1.4500E+2
6.5626E+2	1.3600E+2
6.5633E+2	1.4800E+2
6.5640E+2	1.3400E+2
6.5647E+2	1.6800E+2
6.5654E+2	1.5900E+2
6.5661E+2	1.2800E+2
6.5668E+2	1.4500E+2
6.5675E+2	1.3400E+2
6.5682E+2	1.2600E+2
6.5689E+2	1.2100E+2
6.5696E+2	1.2300E+2
6.5703E+2	1.4600E+2
6.5710E+2	1.4700E+2
6.5717E+2	1.1700E+2
6.5724E+2	1.1200E+2
6.5731E+2	1.1100E+2
6.5738E+2	1.4200E+2
6.5745E+2	1.6100E+2
6.5752E+2	1.4700E+2
6.5759E+2	1.4700E+2
6.5766E+2	1.3600E+2
6.5773E+2	1.3600E+2
6.5780E+2	1.6300E+2
6.5787E+2	1.2400E+2
6.5794E+2	1.4000E+2
6.5801E+2	1.3100E+2
6.5808E+2	1.1800E+2
6.5815E+2	1.2300E+2
6.5822E+2	1.2500E+2
6.5829E+2	1.2700E+2
6.5836E+2	1.0300E+2
6.5843E+2	1.2600E+2
6.5850E+2	1.1300E+2
6.5857E+2	1.3400E+2
6.5864E+2	1.1800E+2
6.5871E+2	1.2800E+2
6.5878E+2	1.2200E+2
6.5885E+2	1.3400E+2
6.5892E+2	1.3500E+2
6.5899E+2	1.2500E+2
6.5906E+2	1.3600E+2
6.5913E+2	1.1300E+2
6.5920E+2	1.4300E+2
6.5927E+2	1.4400E+2
6.5934E+2	1.2400E+2
6.5941E+2	1.2900E+2
6.5948E+2	1.1200E+2
6.5955E+2	1.5000E+2
6.5962E+2	1.2300E+2
6.5969E+2	1.3900E+2
6.5976E+2	1.3700E+2
6.5983E+2	1.3800E+2
6.5990E+2	1.1900E+2
6.5997E+2	1.1900E+2
6.6004E+2	1.1700E+2
6.6011E+2	1.0700E+2
6.6018E+2	1.1500E+2
6.6025E+2	1.0100E+2
6.6032E+2	1.3400E+2
6.6039E+2	1.2900E+2
6.6046E+2	1.4000E+2
6.6053E+2	1.3600E+2
6.6060E+2	1.1800E+2
6.6067E+2	1.2000E+2
6.6074E+2	1.2700E+2
6.6081E+2	1.2700E+2
6.6088E+2	1.2400E+2
6.6095E+2	1.2000E+2
6.6102E+2	1.1800E+2
6.6109E+2	1.1800E+2
6.6116E+2	1.1700E+2
6.6123E+2	1.1900E+2
6.6130E+2	1.2500E+2
6.6137E+2	1.1200E+2
6.6144E+2	1.2400E+2
6.6151E+2	1.4600E+2
6.6158E+2	1.3100E+2
6.6165E+2	1.3600E+2
6.6172E+2	1.4000E+2
6.6179E+2	1.3400E+2
6.6186E+2	1.3300E+2
6.6193E+2	1.4300E+2
6.6200E+2	1.5200E+2
6.6207E+2	1.6000E+2
6.6214E+2	1.3500E+2
6.6221E+2	1.4900E+2
6.6228E+2	1.0900E+2
6.6235E+2	1.5200E+2
6.6242E+2	1.3400E+2
6.6249E+2	1.2400E+2
6.6256E+2	1.5100E+2
6.6263E+2	1.3600E+2
6.6270E+2	1.5300E+2
6.6277E+2	1.6200E+2
6.6284E+2	1.2400E+2
6.6291E+2	1.3800E+2
6.6298E+2	1.6200E+2
6.6305E+2	1.2200E+2
6.6312E+2	1.3200E+2
6.6319E+2	1.5900E+2
6.6326E+2	1.3800E+2
6.6333E+2	1.3900E+2
6.6340E+2	1.0300E+2
6.6347E+2	1.3800E+2
6.6354E+2	1.5700E+2
6.6361E+2	1.4600E+2
6.6368E+2	1.2700E+2
6.6375E+2	1.6700E+2
6.6382E+2	1.4600E+2
6.6389E+2	1.2800E+2
6.6396E+2	1.5500E+2
6.6403E+2	1.5000E+2
6.6410E+2	1.3600E+2
6.6417E+2	1.2900E+2
6.6424E+2	1.5800E+2
6.6431E+2	1.3700E+2
6.6438E+2	1.4000E+2
6.6445E+2	1.4000E+2
6.6452E+2	1.5400E+2
6.6459E+2	1.6000E+2
6.6466E+2	1.3100E+2
6.6473E+2	1.3000E+2
6.6480E+2	1.2800E+2
6.6487E+2	1.3600E+2
6.6494E+2	1.4900E+2
6.6501E+2	1.4700E+2
6.6508E+2	1.4900E+2
6.6515E+2	1.3400E+2
6.6522E+2	1.2700E+2
6.6529E+2	1.5100E+2
6.6536E+2	1.4000E+2
6.6543E+2	1.3600E+2
6.6550E+2	1.5700E+2
6.6557E+2	1.5500E+2
6.6564E+2	1.1800E+2
6.6571E+2	1.2800E+2
6.6578E+2	1.0100E+2
6.6585E+2	1.2700E+2
6.6592E+2	1.3200E+2
6.6599E+2	1.2600E+2
6.6606E+2	1.2800E+2
6.6613E+2	1.2600E+2
6.6620E+2	1.5100E+2
6.6627E+2	1.4500E+2
6.6634E+2	1.2200E+2
6.6641E+2	1.4000E+2
6.6648E+2	1.1800E+2
6.6655E+2	1.4900E+2
6.6662E+2	1.2400E+2
6.6669E+2	1.0600E+2
6.6676E+2	1.3400E+2
6.6683E+2	8.7000E+1
6.6690E+2	1.2400E+2
6.6697E+2	9.2000E+1
6.6704E+2	1.1600E+2
6.6711E+2	9.9000E+1
6.6718E+2	1.2000E+2
6.6725E+2	1.2700E+2
6.6732E+2	1.0900E+2
6.6739E+2	1.0500E+2
6.6746E+2	1.3400E+2
6.6753E+2	1.1200E+2
6.6760E+2	1.4700E+2
6.6767E+2	1.0900E+2
6.6774E+2	1.1700E+2
6.6781E+2	1.0900E+2
6.6788E+2	1.3700E+2
6.6795E+2	1.1800E+2
6.6802E+2	1.3200E+2
6.6809E+2	1.3700E+2
6.6816E+2	1.0700E+2
6.6823E+2	1.4200E+2
6.6830E+2	1.1400E+2
6.6837E+2	1.2200E+2
6.6844E+2	1.1000E+2
6.6851E+2	1.2400E+2
6.6858E+2	1.4500E+2
6.6865E+2	1.2900E+2
6.6872E+2	1.3100E+2
6.6879E+2	1.2500E+2
6.6886E+2	1.0300E+2
6.6893E+2	1.2300E+2
6.6900E+2	9.4000E+1
6.6907E+2	1.0800E+2
6.6914E+2	1.0000E+2
6.6921E+2	1.3700E+2
6.6928E+2	9.7000E+1
6.6935E+2	1.1000E+2
6.6942E+2	1.0000E+2
6.6949E+2	1.1500E+2
6.6956E+2	1.4900E+2
6.6963E+2	1.2500E+2
6.6970E+2	1.3600E+2
6.6977E+2	9.8000E+1
6.6984E+2	9.0000E+1
6.6991E+2	1.3100E+2
6.6998E+2	1.2300E+2
6.7005E+2	1.1100E+2
6.7012E+2	1.2600E+2
6.7019E+2	1.0200E+2
6.7026E+2	1.1500E+2
6.7033E+2	1.2400E+2
6.7040E+2	1.4200E+2
6.7047E+2	1.5500E+2
6.7054E+2	1.3600E+2
6.7061E+2	1.3600E+2
6.7068E+2	1.1100E+2
6.7075E+2	1.1600E+2
6.7082E+2	1.4600E+2
6.7089E+2	1.2400E+2
6.7096E+2	1.0000E+2
6.7103E+2	1.2900E+2
6.7110E+2	1.0000E+2
6.7117E+2	1.1300E+2
6.7124E+2	1.3800E+2
6.7131E+2	1.3200E+2
6.7138E+2	1.1700E+2
6.7145E+2	1.2700E+2
6.7152E+2	1.0200E+2
6.7159E+2	1.1500E+2
6.7166E+2	9.8000E+1
6.7173E+2	1.2200E+2
6.7180E+2	9.2000E+1
6.7187E+2	9.4000E+1
6.7194E+2	1.0600E+2
6.7201E+2	1.2900E+2
6.7208E+2	1.3400E+2
6.7215E+2	1.0600E+2
6.7222E+2	1.0400E+2
6.7229E+2	1.1500E+2
6.7236E+2	1.1900E+2
6.7243E+2	1.1500E+2
6.7250E+2	1.2500E+2
6.7257E+2	1.1200E+2
6.7264E+2	1.0800E+2
6.7271E+2	1.0900E+2
6.7278E+2	8.6000E+1
6.7285E+2	1.0600E+2
6.7292E+2	1.1200E+2
6.7299E+2	1.2200E+2
6.7306E+2	1.2900E+2
6.7313E+2	9.8000E+1
6.7320E+2	1.3000E+2
6.7327E+2	9.0000E+1
6.7334E+2	1.2800E+2
6.7341E+2	1.2500E+2
6.7348E+2	9.4000E+1
6.7355E+2	1.0100E+2
6.7362E+2	9.3000E+1
6.7369E+2	8.4000E+1
6.7376E+2	1.1100E+2
6.7383E+2	9.7000E+1
6.7390E+2	8.4000E+1
6.7397E+2	9.3000E+1
6.7404E+2	1.0300E+2
6.7411E+2	1.0000E+2
6.7418E+2	1.1000E+2
6.7425E+2	1.2000E+2
6.7432E+2	9.3000E+1
6.7439E+2	1.0600E+2
6.7446E+2	9.7000E+1
6.7453E+2	9.8000E+1
6.7460E+2	8.7000E+1
6.7467E+2	8.2000E+1
6.7474E+2	8.7000E+1
6.7481E+2	1.0500E+2
6.7488E+2	6.9000E+1
6.7495E+2	6.6000E+1
6.7502E+2	7.1000E+1
