6.5800E+2	1.7000E+2
6.5850E+2	1.5800E+2
6.5900E+2	1.5700E+2
6.5950E+2	1.8500E+2
6.6000E+2	1.8600E+2
6.6050E+2	1.6300E+2
6.6100E+2	1.8000E+2
6.6150E+2	1.6800E+2
6.6200E+2	1.7500E+2
6.6250E+2	1.5200E+2
6.6300E+2	1.9700E+2
6.6350E+2	1.5900E+2
6.6400E+2	1.8500E+2
6.6450E+2	1.7100E+2
6.6500E+2	1.8700E+2
6.6550E+2	1.4600E+2
6.6600E+2	1.9900E+2
6.6650E+2	1.7600E+2
6.6700E+2	1.6700E+2
6.6750E+2	1.8400E+2
6.6800E+2	1.5200E+2
6.6850E+2	1.5800E+2
6.6900E+2	1.8300E+2
6.6950E+2	1.5500E+2
6.7000E+2	1.4700E+2
6.7050E+2	1.5300E+2
6.7100E+2	1.6900E+2
6.7150E+2	1.4900E+2
6.7200E+2	1.5800E+2
6.7250E+2	1.5600E+2
6.7300E+2	1.6600E+2
6.7350E+2	1.6900E+2
6.7400E+2	1.5100E+2
6.7450E+2	1.3700E+2
6.7500E+2	1.1700E+2
