6.4100E+2	1.8490E+3
6.4102E+2	1.8530E+3
6.4104E+2	1.8650E+3
6.4106E+2	1.8710E+3
6.4108E+2	1.7150E+3
6.4110E+2	1.8020E+3
6.4112E+2	1.7790E+3
6.4114E+2	1.8040E+3
6.4116E+2	1.6880E+3
6.4118E+2	1.7210E+3
6.4120E+2	1.7820E+3
6.4122E+2	1.6930E+3
6.4124E+2	1.6760E+3
6.4126E+2	1.7480E+3
6.4128E+2	1.6620E+3
6.4130E+2	1.6390E+3
6.4132E+2	1.6240E+3
6.4134E+2	1.6850E+3
6.4136E+2	1.7550E+3
6.4138E+2	1.5740E+3
6.4140E+2	1.6230E+3
6.4142E+2	1.5550E+3
6.4144E+2	1.5900E+3
6.4146E+2	1.6300E+3
6.4148E+2	1.5930E+3
6.4150E+2	1.6040E+3
6.4152E+2	1.5780E+3
6.4154E+2	1.5290E+3
6.4156E+2	1.5090E+3
6.4158E+2	1.5420E+3
6.4160E+2	1.4800E+3
6.4162E+2	1.5420E+3
6.4164E+2	1.4430E+3
6.4166E+2	1.4480E+3
6.4168E+2	1.5270E+3
6.4170E+2	1.4170E+3
6.4172E+2	1.5070E+3
6.4174E+2	1.4340E+3
6.4176E+2	1.3830E+3
6.4178E+2	1.3770E+3
6.4180E+2	1.4400E+3
6.4182E+2	1.3640E+3
6.4184E+2	1.3840E+3
6.4186E+2	1.4030E+3
6.4188E+2	1.3140E+3
6.4190E+2	1.3360E+3
6.4192E+2	1.3260E+3
6.4194E+2	1.2320E+3
6.4196E+2	1.2970E+3
6.4198E+2	1.2340E+3
6.4200E+2	1.2860E+3
6.4202E+2	1.3070E+3
6.4204E+2	1.2800E+3
6.4206E+2	1.2570E+3
6.4208E+2	1.3070E+3
6.4210E+2	1.3850E+3
6.4212E+2	1.2730E+3
6.4214E+2	1.2950E+3
6.4216E+2	1.2570E+3
6.4218E+2	1.1720E+3
6.4220E+2	1.2900E+3
6.4222E+2	1.2250E+3
6.4224E+2	1.2140E+3
6.4226E+2	1.2270E+3
6.4228E+2	1.2120E+3
6.4230E+2	1.2530E+3
6.4232E+2	1.2110E+3
6.4234E+2	1.2000E+3
6.4236E+2	1.1350E+3
6.4238E+2	1.2010E+3
6.4240E+2	1.1770E+3
6.4242E+2	1.1560E+3
6.4244E+2	1.1060E+3
6.4246E+2	1.1720E+3
6.4248E+2	1.1560E+3
6.4250E+2	1.1810E+3
6.4252E+2	1.1930E+3
6.4254E+2	1.1010E+3
6.4256E+2	1.1150E+3
6.4258E+2	1.1600E+3
6.4260E+2	1.0470E+3
6.4262E+2	1.1070E+3
6.4264E+2	1.1140E+3
6.4266E+2	1.0880E+3
6.4268E+2	1.0800E+3
6.4270E+2	1.0900E+3
6.4272E+2	1.0940E+3
6.4274E+2	1.0530E+3
6.4276E+2	1.1140E+3
6.4278E+2	1.0850E+3
6.4280E+2	1.1010E+3
6.4282E+2	9.8700E+2
6.4284E+2	1.0980E+3
6.4286E+2	1.0490E+3
6.4288E+2	1.0060E+3
6.4290E+2	9.6400E+2
6.4292E+2	1.0270E+3
6.4294E+2	9.9700E+2
6.4296E+2	9.5200E+2
6.4298E+2	9.9800E+2
6.4300E+2	9.7200E+2
6.4302E+2	1.0190E+3
6.4304E+2	9.6800E+2
6.4306E+2	9.2300E+2
6.4308E+2	9.9800E+2
6.4310E+2	9.3600E+2
6.4312E+2	9.2700E+2
6.4314E+2	9.7400E+2
6.4316E+2	9.8800E+2
6.4318E+2	9.8400E+2
6.4320E+2	1.0130E+3
6.4322E+2	9.3400E+2
6.4324E+2	9.2900E+2
6.4326E+2	9.7400E+2
6.4328E+2	8.9200E+2
6.4330E+2	1.0280E+3
6.4332E+2	9.1700E+2
6.4334E+2	8.8700E+2
6.4336E+2	8.5100E+2
6.4338E+2	9.3800E+2
6.4340E+2	8.8500E+2
6.4342E+2	9.4300E+2
6.4344E+2	8.5800E+2
6.4346E+2	8.8700E+2
6.4348E+2	9.1400E+2
6.4350E+2	8.5000E+2
6.4352E+2	8.8200E+2
6.4354E+2	8.9200E+2
6.4356E+2	8.7900E+2
6.4358E+2	8.5200E+2
6.4360E+2	7.8400E+2
6.4362E+2	8.0300E+2
6.4364E+2	9.1900E+2
6.4366E+2	8.2700E+2
6.4368E+2	7.8900E+2
6.4370E+2	8.1900E+2
6.4372E+2	8.1000E+2
6.4374E+2	8.4300E+2
6.4376E+2	8.8800E+2
6.4378E+2	8.2500E+2
6.4380E+2	7.7100E+2
6.4382E+2	8.1500E+2
6.4384E+2	7.7300E+2
6.4386E+2	7.7100E+2
6.4388E+2	8.1500E+2
6.4390E+2	8.6900E+2
6.4392E+2	8.0700E+2
6.4394E+2	8.1000E+2
6.4396E+2	8.3200E+2
6.4398E+2	7.5300E+2
6.4400E+2	7.4300E+2
6.4402E+2	7.6800E+2
6.4404E+2	8.2800E+2
6.4406E+2	7.9500E+2
6.4408E+2	8.2900E+2
6.4410E+2	8.2900E+2
6.4412E+2	7.7100E+2
6.4414E+2	7.5700E+2
6.4416E+2	7.4800E+2
6.4418E+2	8.0400E+2
6.4420E+2	7.0100E+2
6.4422E+2	7.3900E+2
6.4424E+2	7.5000E+2
6.4426E+2	7.5600E+2
6.4428E+2	8.1000E+2
6.4430E+2	7.3000E+2
6.4432E+2	7.4300E+2
6.4434E+2	7.1800E+2
6.4436E+2	7.9500E+2
6.4438E+2	7.4100E+2
6.4440E+2	7.8000E+2
6.4442E+2	6.9500E+2
6.4444E+2	7.4100E+2
6.4446E+2	7.5400E+2
6.4448E+2	7.6600E+2
6.4450E+2	7.2700E+2
6.4452E+2	7.2900E+2
6.4454E+2	6.8000E+2
6.4456E+2	7.0100E+2
6.4458E+2	6.7800E+2
6.4460E+2	7.7200E+2
6.4462E+2	7.0900E+2
6.4464E+2	7.6300E+2
6.4466E+2	7.5900E+2
6.4468E+2	6.8700E+2
6.4470E+2	7.4200E+2
6.4472E+2	7.3500E+2
6.4474E+2	6.8900E+2
6.4476E+2	7.1000E+2
6.4478E+2	6.6600E+2
6.4480E+2	7.5100E+2
6.4482E+2	7.5400E+2
6.4484E+2	7.0800E+2
6.4486E+2	6.5500E+2
6.4488E+2	7.4700E+2
6.4490E+2	6.8300E+2
6.4492E+2	7.1200E+2
6.4494E+2	6.8200E+2
6.4496E+2	6.7400E+2
6.4498E+2	7.4400E+2
6.4500E+2	6.5700E+2
6.4502E+2	6.6900E+2
6.4504E+2	6.2700E+2
6.4506E+2	6.2300E+2
6.4508E+2	7.3600E+2
6.4510E+2	6.9300E+2
6.4512E+2	6.7600E+2
6.4514E+2	6.2200E+2
6.4516E+2	7.1600E+2
6.4518E+2	6.3900E+2
6.4520E+2	6.1000E+2
6.4522E+2	6.6300E+2
6.4524E+2	6.9700E+2
6.4526E+2	6.2600E+2
6.4528E+2	5.5200E+2
6.4530E+2	5.7700E+2
6.4532E+2	6.6400E+2
6.4534E+2	6.8600E+2
6.4536E+2	5.7300E+2
6.4538E+2	6.6700E+2
6.4540E+2	5.9800E+2
6.4542E+2	6.2400E+2
6.4544E+2	5.6800E+2
6.4546E+2	6.1700E+2
6.4548E+2	6.3100E+2
6.4550E+2	6.0400E+2
6.4552E+2	5.8700E+2
6.4554E+2	6.5400E+2
6.4556E+2	6.7000E+2
6.4558E+2	6.0400E+2
6.4560E+2	6.3800E+2
6.4562E+2	6.4400E+2
6.4564E+2	6.1500E+2
6.4566E+2	6.1200E+2
6.4568E+2	5.8800E+2
6.4570E+2	5.6400E+2
6.4572E+2	6.3200E+2
6.4574E+2	6.1800E+2
6.4576E+2	5.9600E+2
6.4578E+2	6.3100E+2
6.4580E+2	5.9500E+2
6.4582E+2	6.2900E+2
6.4584E+2	6.4300E+2
6.4586E+2	7.1400E+2
6.4588E+2	6.4200E+2
6.4590E+2	6.1200E+2
6.4592E+2	6.0200E+2
6.4594E+2	6.8400E+2
6.4596E+2	6.7600E+2
6.4598E+2	7.2400E+2
6.4600E+2	6.9800E+2
6.4602E+2	7.3200E+2
6.4604E+2	7.7500E+2
6.4606E+2	8.0700E+2
6.4608E+2	7.7700E+2
6.4610E+2	8.7500E+2
6.4612E+2	9.0600E+2
6.4614E+2	9.2200E+2
6.4616E+2	1.0320E+3
6.4618E+2	1.0110E+3
6.4620E+2	1.0680E+3
6.4622E+2	1.0830E+3
6.4624E+2	1.0990E+3
6.4626E+2	1.1190E+3
6.4628E+2	1.1590E+3
6.4630E+2	1.1670E+3
6.4632E+2	1.1860E+3
6.4634E+2	1.1690E+3
6.4636E+2	1.0970E+3
6.4638E+2	1.0580E+3
6.4640E+2	1.0240E+3
6.4642E+2	1.0810E+3
6.4644E+2	9.3100E+2
6.4646E+2	8.8900E+2
6.4648E+2	8.8700E+2
6.4650E+2	8.8500E+2
6.4652E+2	8.0900E+2
6.4654E+2	7.9700E+2
6.4656E+2	7.6600E+2
6.4658E+2	6.8100E+2
6.4660E+2	6.9900E+2
6.4662E+2	6.5600E+2
6.4664E+2	6.3800E+2
6.4666E+2	6.5000E+2
6.4668E+2	6.5500E+2
6.4670E+2	6.5500E+2
6.4672E+2	6.3300E+2
6.4674E+2	6.3200E+2
6.4676E+2	6.2600E+2
6.4678E+2	5.9900E+2
6.4680E+2	5.6100E+2
6.4682E+2	5.7900E+2
6.4684E+2	5.6600E+2
6.4686E+2	5.8800E+2
6.4688E+2	5.3300E+2
6.4690E+2	5.7000E+2
6.4692E+2	5.0500E+2
6.4694E+2	5.2400E+2
6.4696E+2	5.2900E+2
6.4698E+2	5.4700E+2
6.4700E+2	5.3800E+2
