6.3900E+2	1.6700E+2
6.3907E+2	1.6500E+2
6.3914E+2	2.0400E+2
6.3921E+2	1.7900E+2
6.3928E+2	1.8400E+2
6.3935E+2	1.7000E+2
6.3942E+2	1.9700E+2
6.3949E+2	1.9700E+2
6.3956E+2	1.9000E+2
6.3963E+2	1.7100E+2
6.3970E+2	1.6500E+2
6.3977E+2	2.0900E+2
6.3984E+2	1.7700E+2
6.3991E+2	1.9100E+2
6.3998E+2	1.8600E+2
6.4005E+2	1.9300E+2
6.4012E+2	1.6600E+2
6.4019E+2	1.8700E+2
6.4026E+2	1.8000E+2
6.4033E+2	2.1200E+2
6.4040E+2	1.7900E+2
6.4047E+2	1.8400E+2
6.4054E+2	1.8600E+2
6.4061E+2	1.5100E+2
6.4068E+2	1.6200E+2
6.4075E+2	1.5500E+2
6.4082E+2	1.4300E+2
6.4089E+2	1.6000E+2
6.4096E+2	1.6900E+2
6.4103E+2	1.3700E+2
6.4110E+2	1.3600E+2
6.4117E+2	1.1700E+2
6.4124E+2	1.2300E+2
6.4131E+2	1.2800E+2
6.4138E+2	1.2200E+2
6.4145E+2	1.2600E+2
6.4152E+2	1.2000E+2
6.4159E+2	1.2100E+2
6.4166E+2	1.2300E+2
6.4173E+2	1.1400E+2
6.4180E+2	9.7000E+1
6.4187E+2	1.0000E+2
6.4194E+2	9.3000E+1
6.4201E+2	1.1200E+2
6.4208E+2	9.9000E+1
6.4215E+2	7.0000E+1
6.4222E+2	7.0000E+1
6.4229E+2	9.5000E+1
6.4236E+2	1.0100E+2
6.4243E+2	9.6000E+1
6.4250E+2	9.3000E+1
6.4257E+2	8.5000E+1
6.4264E+2	7.5000E+1
6.4271E+2	1.1000E+2
6.4278E+2	6.7000E+1
6.4285E+2	7.5000E+1
6.4292E+2	6.9000E+1
6.4299E+2	8.8000E+1
6.4306E+2	7.2000E+1
6.4313E+2	7.3000E+1
6.4320E+2	7.8000E+1
6.4327E+2	8.1000E+1
6.4334E+2	7.8000E+1
6.4341E+2	9.4000E+1
6.4348E+2	8.7000E+1
6.4355E+2	5.6000E+1
6.4362E+2	5.0000E+1
6.4369E+2	7.6000E+1
6.4376E+2	6.6000E+1
6.4383E+2	6.6000E+1
6.4390E+2	7.7000E+1
6.4397E+2	7.7000E+1
6.4404E+2	8.3000E+1
6.4411E+2	7.5000E+1
6.4418E+2	6.6000E+1
6.4425E+2	6.9000E+1
6.4432E+2	7.0000E+1
6.4439E+2	6.8000E+1
6.4446E+2	5.5000E+1
6.4453E+2	9.4000E+1
6.4460E+2	6.0000E+1
6.4467E+2	7.3000E+1
6.4474E+2	6.6000E+1
6.4481E+2	5.9000E+1
6.4488E+2	6.3000E+1
6.4495E+2	6.9000E+1
6.4502E+2	6.9000E+1
6.4509E+2	7.0000E+1
6.4516E+2	6.2000E+1
6.4523E+2	6.4000E+1
6.4530E+2	5.1000E+1
6.4537E+2	6.8000E+1
6.4544E+2	5.9000E+1
6.4551E+2	5.6000E+1
6.4558E+2	4.5000E+1
6.4565E+2	6.3000E+1
6.4572E+2	6.9000E+1
6.4579E+2	6.4000E+1
6.4586E+2	5.1000E+1
6.4593E+2	6.8000E+1
6.4600E+2	4.3000E+1
