6.5500E+2	3.8500E+2
6.5510E+2	3.8800E+2
6.5520E+2	3.9300E+2
6.5530E+2	3.4300E+2
6.5540E+2	3.1900E+2
6.5550E+2	3.2900E+2
6.5560E+2	3.5000E+2
6.5570E+2	3.3300E+2
6.5580E+2	3.6600E+2
6.5590E+2	3.4800E+2
6.5600E+2	3.8000E+2
6.5610E+2	3.6600E+2
6.5620E+2	3.6200E+2
6.5630E+2	3.5400E+2
6.5640E+2	3.5000E+2
6.5650E+2	3.2800E+2
6.5660E+2	3.7900E+2
6.5670E+2	3.4200E+2
6.5680E+2	2.9200E+2
6.5690E+2	3.2000E+2
6.5700E+2	3.3100E+2
6.5710E+2	3.5700E+2
6.5720E+2	3.3900E+2
6.5730E+2	3.3300E+2
6.5740E+2	3.5400E+2
6.5750E+2	3.2600E+2
6.5760E+2	3.3000E+2
6.5770E+2	3.3700E+2
6.5780E+2	3.6700E+2
6.5790E+2	3.2100E+2
6.5800E+2	3.4700E+2
6.5810E+2	3.3600E+2
6.5820E+2	3.5000E+2
6.5830E+2	3.2000E+2
6.5840E+2	3.3100E+2
6.5850E+2	2.8900E+2
6.5860E+2	3.4700E+2
6.5870E+2	3.4200E+2
6.5880E+2	3.0400E+2
6.5890E+2	3.1300E+2
6.5900E+2	3.2300E+2
6.5910E+2	3.0600E+2
6.5920E+2	3.4200E+2
6.5930E+2	2.9700E+2
6.5940E+2	2.8700E+2
6.5950E+2	2.9600E+2
6.5960E+2	2.9700E+2
6.5970E+2	3.3600E+2
6.5980E+2	3.0900E+2
6.5990E+2	3.1800E+2
6.6000E+2	3.2200E+2
6.6010E+2	3.4500E+2
6.6020E+2	3.4600E+2
6.6030E+2	3.5400E+2
6.6040E+2	3.2800E+2
6.6050E+2	3.5900E+2
6.6060E+2	3.3400E+2
6.6070E+2	3.6000E+2
6.6080E+2	2.9600E+2
6.6090E+2	3.0000E+2
6.6100E+2	3.3600E+2
6.6110E+2	3.2600E+2
6.6120E+2	3.3000E+2
6.6130E+2	3.2000E+2
6.6140E+2	3.2500E+2
6.6150E+2	3.5800E+2
6.6160E+2	3.1000E+2
6.6170E+2	3.2100E+2
6.6180E+2	3.2000E+2
6.6190E+2	3.2600E+2
6.6200E+2	3.4100E+2
6.6210E+2	3.1400E+2
6.6220E+2	2.9900E+2
6.6230E+2	3.2900E+2
6.6240E+2	3.2200E+2
6.6250E+2	2.7800E+2
6.6260E+2	3.3000E+2
6.6270E+2	3.4400E+2
6.6280E+2	3.3800E+2
6.6290E+2	3.4900E+2
6.6300E+2	2.8800E+2
6.6310E+2	3.1900E+2
6.6320E+2	3.1300E+2
6.6330E+2	3.4800E+2
6.6340E+2	3.5100E+2
6.6350E+2	3.0900E+2
6.6360E+2	3.5600E+2
6.6370E+2	3.3300E+2
6.6380E+2	3.4600E+2
6.6390E+2	3.5300E+2
6.6400E+2	3.4100E+2
6.6410E+2	3.4200E+2
6.6420E+2	3.0500E+2
6.6430E+2	3.1500E+2
6.6440E+2	3.3500E+2
6.6450E+2	2.8900E+2
6.6460E+2	3.7200E+2
6.6470E+2	3.3000E+2
6.6480E+2	2.9300E+2
6.6490E+2	3.4300E+2
6.6500E+2	3.3400E+2
6.6510E+2	3.4300E+2
6.6520E+2	3.2400E+2
6.6530E+2	3.3500E+2
6.6540E+2	3.0000E+2
6.6550E+2	2.9400E+2
6.6560E+2	3.0200E+2
6.6570E+2	3.0400E+2
6.6580E+2	3.3000E+2
6.6590E+2	3.0500E+2
6.6600E+2	3.2400E+2
6.6610E+2	3.3400E+2
6.6620E+2	3.4600E+2
6.6630E+2	3.5700E+2
6.6640E+2	3.5600E+2
6.6650E+2	3.3700E+2
6.6660E+2	3.1400E+2
6.6670E+2	3.6000E+2
6.6680E+2	3.3500E+2
6.6690E+2	3.4300E+2
6.6700E+2	3.1100E+2
6.6710E+2	3.4100E+2
6.6720E+2	3.2800E+2
6.6730E+2	2.6800E+2
6.6740E+2	3.1800E+2
6.6750E+2	3.2700E+2
6.6760E+2	3.4300E+2
6.6770E+2	3.0500E+2
6.6780E+2	3.2100E+2
6.6790E+2	2.8300E+2
6.6800E+2	3.1800E+2
6.6810E+2	3.0300E+2
6.6820E+2	3.2200E+2
6.6830E+2	2.8600E+2
6.6840E+2	2.9800E+2
6.6850E+2	3.1000E+2
6.6860E+2	3.0000E+2
6.6870E+2	2.9400E+2
6.6880E+2	2.8800E+2
6.6890E+2	2.9000E+2
6.6900E+2	2.9200E+2
6.6910E+2	3.0600E+2
6.6920E+2	3.2600E+2
6.6930E+2	3.2300E+2
6.6940E+2	3.1000E+2
6.6950E+2	2.7300E+2
6.6960E+2	3.1300E+2
6.6970E+2	2.7800E+2
6.6980E+2	2.8800E+2
6.6990E+2	2.6800E+2
6.7000E+2	2.4900E+2
6.7010E+2	2.8400E+2
6.7020E+2	2.8400E+2
6.7030E+2	2.7000E+2
6.7040E+2	2.6100E+2
6.7050E+2	2.8000E+2
6.7060E+2	3.0500E+2
6.7070E+2	2.4500E+2
6.7080E+2	2.9900E+2
6.7090E+2	3.0200E+2
6.7100E+2	3.0000E+2
6.7110E+2	3.1900E+2
6.7120E+2	2.3700E+2
6.7130E+2	2.1000E+2
6.7140E+2	2.9800E+2
6.7150E+2	2.6300E+2
6.7160E+2	2.8400E+2
6.7170E+2	2.6300E+2
6.7180E+2	2.9100E+2
6.7190E+2	2.8900E+2
6.7200E+2	2.9500E+2
6.7210E+2	2.4000E+2
6.7220E+2	2.6800E+2
6.7230E+2	2.8500E+2
6.7240E+2	3.1700E+2
6.7250E+2	2.7200E+2
6.7260E+2	3.0100E+2
6.7270E+2	2.7700E+2
6.7280E+2	2.8000E+2
6.7290E+2	2.7400E+2
6.7300E+2	2.6200E+2
6.7310E+2	2.9800E+2
6.7320E+2	2.8300E+2
6.7330E+2	2.8700E+2
6.7340E+2	3.2000E+2
6.7350E+2	2.9900E+2
6.7360E+2	3.0000E+2
6.7370E+2	2.6000E+2
6.7380E+2	2.6400E+2
6.7390E+2	2.7800E+2
6.7400E+2	2.9400E+2
6.7410E+2	2.6200E+2
6.7420E+2	2.6700E+2
6.7430E+2	2.6100E+2
6.7440E+2	2.8400E+2
6.7450E+2	3.0000E+2
6.7460E+2	2.6400E+2
6.7470E+2	2.6700E+2
6.7480E+2	2.5000E+2
6.7490E+2	2.8700E+2
6.7500E+2	2.4200E+2
