   8.0000296e+03	   2.5925190e-04	
   8.0100279e+03	   2.5925120e-04	
   8.0200558e+03	   2.5933280e-04	
   8.0300550e+03	   2.5932090e-04	
   8.0400248e+03	   2.5943650e-04	
   8.0500526e+03	   2.5945700e-04	
   8.0600224e+03	   2.5948310e-04	
   8.0700502e+03	   2.5950970e-04	
   8.0800200e+03	   2.5959150e-04	
   8.0900478e+03	   2.5962760e-04	
   8.1000175e+03	   2.5961410e-04	
   8.1100454e+03	   2.5964760e-04	
   8.1200151e+03	   2.5969460e-04	
   8.1300430e+03	   2.5967530e-04	
   8.1400423e+03	   2.5973000e-04	
   8.1500406e+03	   2.5973800e-04	
   8.1600399e+03	   2.5975220e-04	
   8.1700678e+03	   2.5977340e-04	
   8.1800375e+03	   2.5981010e-04	
   8.1900358e+03	   2.5982960e-04	
   8.2000637e+03	   2.5982020e-04	
   8.2100334e+03	   2.5981680e-04	
   8.2200623e+03	   2.5983400e-04	
   8.2300310e+03	   2.5983060e-04	
   8.2400599e+03	   2.5983510e-04	
   8.2500296e+03	   2.5981480e-04	
   8.2600574e+03	   2.5982810e-04	
   8.2700272e+03	   2.5986350e-04	
   8.2800255e+03	   2.5984320e-04	
   8.2900248e+03	   2.5985910e-04	
   8.3000526e+03	   2.5983830e-04	
   8.3100224e+03	   2.5982920e-04	
   8.3200207e+03	   2.5980730e-04	
   8.3300200e+03	   2.5982630e-04	
   8.3400478e+03	   2.5979950e-04	
   8.3500175e+03	   2.5979410e-04	
   8.3600159e+03	   2.5977280e-04	
   8.3700447e+03	   2.5973450e-04	
   8.3800430e+03	   2.5969680e-04	
   8.3900423e+03	   2.5969460e-04	
   8.4000406e+03	   2.5964490e-04	
   8.4100399e+03	   2.5961890e-04	
   8.4200382e+03	   2.5955910e-04	
   8.4300375e+03	   2.5951010e-04	
   8.4400358e+03	   2.5945370e-04	
   8.4500351e+03	   2.5937100e-04	
   8.4600630e+03	   2.5928750e-04	
   8.4700327e+03	   2.5916490e-04	
   8.4800310e+03	   2.5906520e-04	
   8.4900303e+03	   2.5893120e-04	
   8.5000000e+03	   2.5881190e-04	
   8.5100574e+03	   2.5866930e-04	
   8.5200272e+03	   2.5850250e-04	
   8.5300255e+03	   2.5835480e-04	
   8.5400248e+03	   2.5815050e-04	
   8.5500231e+03	   2.5793570e-04	
   8.5600224e+03	   2.5766170e-04	
   8.5700207e+03	   2.5733580e-04	
   8.5800200e+03	   2.5697660e-04	
   8.5900183e+03	   2.5658940e-04	
   8.5999880e+03	   2.5614740e-04	
   8.6100159e+03	   2.5562540e-04	
   8.6200151e+03	   2.5504790e-04	
   8.6300144e+03	   2.5441980e-04	
   8.6400423e+03	   2.5367980e-04	
   8.6500406e+03	   2.5281410e-04	
   8.6600399e+03	   2.5181110e-04	
   8.6700382e+03	   2.5069100e-04	
   8.6800079e+03	   2.4939930e-04	
   8.6900654e+03	   2.4804240e-04	
   8.7000351e+03	   2.4636330e-04	
   8.7100334e+03	   2.4468480e-04	
   8.7200327e+03	   2.4288800e-04	
   8.7300310e+03	   2.4103540e-04	
   8.7400303e+03	   2.3904730e-04	
   8.7500296e+03	   2.3631010e-04	
   8.7600279e+03	   2.3357300e-04	
   8.7700272e+03	   2.3084710e-04	
   8.7800255e+03	   2.2752970e-04	
   8.7900248e+03	   2.2436000e-04	
   8.8000231e+03	   2.2064270e-04	
   8.8100224e+03	   2.1690740e-04	
   8.8200207e+03	   2.1284890e-04	
   8.8300200e+03	   2.0822370e-04	
   8.8400183e+03	   2.0360640e-04	
   8.8500175e+03	   1.9864600e-04	
   8.8599873e+03	   1.9350960e-04	
   8.8700151e+03	   1.8780180e-04	
   8.8800430e+03	   1.8153470e-04	
   8.8900423e+03	   1.7612080e-04	
   8.9000406e+03	   1.6990830e-04	
   8.9100685e+03	   1.6349910e-04	
   8.9200096e+03	   1.5709380e-04	
   8.9300375e+03	   1.5008340e-04	
   8.9400358e+03	   1.4346140e-04	
   8.9500351e+03	   1.3648400e-04	
   8.9600630e+03	   1.2950360e-04	
   8.9700031e+03	   1.2249260e-04	
   8.9800606e+03	   1.1554750e-04	
   8.9900303e+03	   1.0858310e-04	
   9.0000296e+03	   1.0168220e-04	
   9.0100279e+03	   9.4808270e-05	
   9.0200272e+03	   8.8496580e-05	
   9.0300255e+03	   8.2074770e-05	
   9.0400248e+03	   7.6447580e-05	
   9.0500526e+03	   7.0620820e-05	
   9.0600224e+03	   6.4887960e-05	
   9.0700502e+03	   5.9582590e-05	
   9.0800200e+03	   5.4345810e-05	
   9.0900183e+03	   4.9498910e-05	
   9.1000175e+03	   4.4989470e-05	
   9.1100159e+03	   4.0827980e-05	
   9.1200151e+03	   3.7047110e-05	
   9.1300430e+03	   3.3580760e-05	
   9.1400709e+03	   3.0150340e-05	
   9.1500406e+03	   2.7274160e-05	
   9.1600399e+03	   2.4518390e-05	
   9.1700382e+03	   2.1854070e-05	
   9.1800375e+03	   1.9585500e-05	
   9.1900358e+03	   1.7579200e-05	
   9.2000351e+03	   1.5562250e-05	
   9.2100334e+03	   1.3908740e-05	
   9.2200327e+03	   1.2472730e-05	
   9.2300310e+03	   1.1110020e-05	
   9.2400303e+03	   9.9048360e-06	
   9.2500296e+03	   8.8905760e-06	
   9.2600279e+03	   7.9501210e-06	
   9.2700272e+03	   7.0656390e-06	
   9.2800255e+03	   6.4230320e-06	
   9.2900248e+03	   5.8150190e-06	
   9.3000231e+03	   5.2601980e-06	
   9.3100224e+03	   4.7625700e-06	
   9.3200207e+03	   4.2967830e-06	
   9.3300200e+03	   3.9029710e-06	
   9.3400183e+03	   3.6139200e-06	
   9.3500175e+03	   3.3338570e-06	
   9.3600159e+03	   3.1474060e-06	
   9.3700151e+03	   2.9492260e-06	
   9.3800430e+03	   2.7114180e-06	
   9.3900423e+03	   2.5484750e-06	
   9.4000406e+03	   2.4104030e-06	
   9.4100399e+03	   2.2924920e-06	
   9.4200382e+03	   2.1718380e-06	
   9.4300079e+03	   2.1033450e-06	
   9.4400358e+03	   1.9820790e-06	
   9.4500055e+03	   1.9322470e-06	
   9.4600334e+03	   1.8644510e-06	
   9.4700327e+03	   1.7998720e-06	
   9.4800310e+03	   1.7409920e-06	
   9.4900303e+03	   1.7234640e-06	
   9.5000000e+03	   1.6926420e-06	
   9.5100279e+03	   1.6417840e-06	
   9.5199976e+03	   1.6039930e-06	
   9.5300255e+03	   1.5701710e-06	
   9.5400248e+03	   1.5452730e-06	
   9.5499945e+03	   1.5082530e-06	
   9.5600224e+03	   1.4836760e-06	
   9.5699921e+03	   1.4482540e-06	
   9.5800200e+03	   1.4355160e-06	
   9.5899897e+03	   1.4216120e-06	
   9.6000175e+03	   1.3971310e-06	
   9.6100159e+03	   1.3673180e-06	
   9.6200151e+03	   1.3382770e-06	
   9.6300144e+03	   1.3320980e-06	
   9.6400127e+03	   1.2961850e-06	
   9.6500406e+03	   1.2907220e-06	
   9.6600399e+03	   1.2800720e-06	
   9.6700096e+03	   1.2575580e-06	
   9.6800375e+03	   1.2554740e-06	
   9.6900358e+03	   1.2415270e-06	
   9.7000351e+03	   1.2316990e-06	
   9.7100334e+03	   1.2215510e-06	
   9.7200327e+03	   1.2049600e-06	
   9.7300310e+03	   1.1986380e-06	
   9.7400303e+03	   1.1891160e-06	
   9.7500000e+03	   1.1743340e-06	
   9.7599993e+03	   1.1725340e-06	
   9.7700272e+03	   1.1696110e-06	
   9.7800255e+03	   1.1626610e-06	
   9.7899952e+03	   1.1532400e-06	
   9.7999945e+03	   1.1449550e-06	
   9.8100224e+03	   1.1377450e-06	
   9.8200207e+03	   1.1356230e-06	
   9.8300200e+03	   1.1236840e-06	
   9.8399897e+03	   1.1245560e-06	
   9.8500175e+03	   1.1179490e-06	
   9.8599873e+03	   1.1158540e-06	
   9.8700151e+03	   1.1052140e-06	
   9.8800144e+03	   1.0963530e-06	
   9.8900423e+03	   1.0958020e-06	
   9.9000406e+03	   1.0923920e-06	
   9.9100399e+03	   1.0893260e-06	
   9.9200096e+03	   1.0751110e-06	
   9.9300375e+03	   1.0711010e-06	
   9.9400358e+03	   1.0693380e-06	
   9.9500055e+03	   1.0632210e-06	
   9.9600334e+03	   1.0515200e-06	
   9.9700031e+03	   1.0417770e-06	
   9.9800310e+03	   1.0338280e-06	
   9.9900303e+03	   1.0275580e-06	
   1.0000000e+04	   1.0214460e-06	
