   8.0000296e+03	   2.8059440e-04	
   8.0100279e+03	   2.4036290e-04	
   8.0200272e+03	   2.4036270e-04	
   8.0300550e+03	   2.4035070e-04	
   8.0400248e+03	   2.4034120e-04	
   8.0500526e+03	   2.4033510e-04	
   8.0600224e+03	   2.4033420e-04	
   8.0700502e+03	   2.4033150e-04	
   8.0800200e+03	   2.4033220e-04	
   8.0900478e+03	   2.4035230e-04	
   8.1000175e+03	   2.4033290e-04	
   8.1100454e+03	   2.4034380e-04	
   8.1200447e+03	   2.4031540e-04	
   8.1300430e+03	   2.4033680e-04	
   8.1400709e+03	   2.4031950e-04	
   8.1500702e+03	   2.4030400e-04	
   8.1600685e+03	   2.4031330e-04	
   8.1700678e+03	   2.4028480e-04	
   8.1800375e+03	   2.4029430e-04	
   8.1900654e+03	   2.4030140e-04	
   8.2000637e+03	   2.4030090e-04	
   8.2100630e+03	   2.4030100e-04	
   8.2200327e+03	   2.4032250e-04	
   8.2300606e+03	   2.4031480e-04	
   8.2400303e+03	   2.4030840e-04	
   8.2500296e+03	   2.4032160e-04	
   8.2600574e+03	   2.4031920e-04	
   8.2700272e+03	   2.4033040e-04	
   8.2800550e+03	   2.4032920e-04	
   8.2900248e+03	   2.4030850e-04	
   8.3000526e+03	   2.4034040e-04	
   8.3100224e+03	   2.4032740e-04	
   8.3200502e+03	   2.4031630e-04	
   8.3300200e+03	   2.4032170e-04	
   8.3400478e+03	   2.4033360e-04	
   8.3500175e+03	   2.4030320e-04	
   8.3600159e+03	   2.4031730e-04	
   8.3700151e+03	   2.4033640e-04	
   8.3800726e+03	   2.4034730e-04	
   8.3900423e+03	   2.4032590e-04	
   8.4000702e+03	   2.4033270e-04	
   8.4100399e+03	   2.4032070e-04	
   8.4200678e+03	   2.4032140e-04	
   8.4300375e+03	   2.4032880e-04	
   8.4400654e+03	   2.4034090e-04	
   8.4500351e+03	   2.4033480e-04	
   8.4600630e+03	   2.4033550e-04	
   8.4700327e+03	   2.4030260e-04	
   8.4800606e+03	   2.4033210e-04	
   8.4900303e+03	   2.4031620e-04	
   8.5000296e+03	   2.4033640e-04	
   8.5100279e+03	   2.4033320e-04	
   8.5200272e+03	   2.4036700e-04	
   8.5300550e+03	   2.4034970e-04	
   8.5400248e+03	   2.4037290e-04	
   8.5500231e+03	   2.4035580e-04	
   8.5600224e+03	   2.4034470e-04	
   8.5700207e+03	   2.4032620e-04	
   8.5800200e+03	   2.4036520e-04	
   8.5900183e+03	   2.4034730e-04	
   8.5999880e+03	   2.4031750e-04	
   8.6100159e+03	   2.4031550e-04	
   8.6200151e+03	   2.4031430e-04	
   8.6300144e+03	   2.4031910e-04	
   8.6400423e+03	   2.4030070e-04	
   8.6500120e+03	   2.4030280e-04	
   8.6600399e+03	   2.4029400e-04	
   8.6700382e+03	   2.4028140e-04	
   8.6800079e+03	   2.4027620e-04	
   8.6900358e+03	   2.4026180e-04	
   8.7000351e+03	   2.4023430e-04	
   8.7100334e+03	   2.4022420e-04	
   8.7200327e+03	   2.4021510e-04	
   8.7300310e+03	   2.4021780e-04	
   8.7400303e+03	   2.4014750e-04	
   8.7500296e+03	   2.4008550e-04	
   8.7600279e+03	   2.4007140e-04	
   8.7699976e+03	   2.4004800e-04	
   8.7800255e+03	   2.3998180e-04	
   8.7900248e+03	   2.3982770e-04	
   8.8000231e+03	   2.3980260e-04	
   8.8100224e+03	   2.3967220e-04	
   8.8200207e+03	   2.3951510e-04	
   8.8300200e+03	   2.3935900e-04	
   8.8400183e+03	   2.3912300e-04	
   8.8499880e+03	   2.3887380e-04	
   8.8600159e+03	   2.3857370e-04	
   8.8700151e+03	   2.3822980e-04	
   8.8800430e+03	   2.3777600e-04	
   8.8900423e+03	   2.3729000e-04	
   8.9000120e+03	   2.3669730e-04	
   8.9100399e+03	   2.3596980e-04	
   8.9200096e+03	   2.3512080e-04	
   8.9300375e+03	   2.3408770e-04	
   8.9400072e+03	   2.3293810e-04	
   8.9500351e+03	   2.3151970e-04	
   8.9600334e+03	   2.2984610e-04	
   8.9700031e+03	   2.2787880e-04	
   8.9800310e+03	   2.2565040e-04	
   8.9900303e+03	   2.2300070e-04	
   9.0000000e+03	   2.1988790e-04	
   9.0100279e+03	   2.1650560e-04	
   9.0199976e+03	   2.1269310e-04	
   9.0300255e+03	   2.0840730e-04	
   9.0399952e+03	   2.0382430e-04	
   9.0500231e+03	   1.9862820e-04	
   9.0599928e+03	   1.9302040e-04	
   9.0700207e+03	   1.8727160e-04	
   9.0800200e+03	   1.8083530e-04	
   9.0900183e+03	   1.7415940e-04	
   9.0999880e+03	   1.6716250e-04	
   9.1100159e+03	   1.5945960e-04	
   9.1200151e+03	   1.5170350e-04	
   9.1300430e+03	   1.4404470e-04	
   9.1400423e+03	   1.3579230e-04	
   9.1500406e+03	   1.2771060e-04	
   9.1600399e+03	   1.1934240e-04	
   9.1700382e+03	   1.1078410e-04	
   9.1800375e+03	   1.0216080e-04	
   9.1900358e+03	   9.3860310e-05	
   9.2000351e+03	   8.5779440e-05	
   9.2100334e+03	   7.7831140e-05	
   9.2200327e+03	   7.0110920e-05	
   9.2300606e+03	   6.2193810e-05	
   9.2400599e+03	   5.5130770e-05	
   9.2500296e+03	   4.9038690e-05	
   9.2600574e+03	   4.3027380e-05	
   9.2700272e+03	   3.7842450e-05	
   9.2800255e+03	   3.3256950e-05	
   9.2900534e+03	   2.8926250e-05	
   9.3000231e+03	   2.5292010e-05	
   9.3100224e+03	   2.2124400e-05	
   9.3200207e+03	   1.9250230e-05	
   9.3300200e+03	   1.6783310e-05	
   9.3400183e+03	   1.4644710e-05	
   9.3500175e+03	   1.2739360e-05	
   9.3600159e+03	   1.1283390e-05	
   9.3700151e+03	   9.9275680e-06	
   9.3800430e+03	   8.6911910e-06	
   9.3900423e+03	   7.7904720e-06	
   9.4000406e+03	   7.0151890e-06	
   9.4100399e+03	   6.4015240e-06	
   9.4200382e+03	   5.8210810e-06	
   9.4300375e+03	   5.3962670e-06	
   9.4400358e+03	   5.0272470e-06	
   9.4500351e+03	   4.6615090e-06	
   9.4600334e+03	   4.4505040e-06	
   9.4700031e+03	   4.2279380e-06	
   9.4800310e+03	   4.0351050e-06	
   9.4900303e+03	   3.8778030e-06	
   9.5000000e+03	   3.7330640e-06	
   9.5100279e+03	   3.6166510e-06	
   9.5199976e+03	   3.5200230e-06	
   9.5300255e+03	   3.4228240e-06	
   9.5400248e+03	   3.3439810e-06	
   9.5500231e+03	   3.2596760e-06	
   9.5600224e+03	   3.2085960e-06	
   9.5699921e+03	   3.1610340e-06	
   9.5800200e+03	   3.1144050e-06	
   9.5899897e+03	   3.0703610e-06	
   9.6000175e+03	   3.0376770e-06	
   9.6099873e+03	   3.0044000e-06	
   9.6200151e+03	   2.9822110e-06	
   9.6300144e+03	   2.9452680e-06	
   9.6400127e+03	   2.9199840e-06	
   9.6500406e+03	   2.9038140e-06	
   9.6600399e+03	   2.8900070e-06	
   9.6700382e+03	   2.8668810e-06	
   9.6800079e+03	   2.8595420e-06	
   9.6900358e+03	   2.8485180e-06	
   9.7000351e+03	   2.8408340e-06	
   9.7100334e+03	   2.8313750e-06	
   9.7200327e+03	   2.8315700e-06	
   9.7300024e+03	   2.8292720e-06	
   9.7400303e+03	   2.8183590e-06	
   9.7500296e+03	   2.8184680e-06	
   9.7599993e+03	   2.8060700e-06	
   9.7700272e+03	   2.7976000e-06	
   9.7799969e+03	   2.7944050e-06	
   9.7900248e+03	   2.7792870e-06	
   9.7999945e+03	   2.7772470e-06	
   9.8100224e+03	   2.7708200e-06	
   9.8199921e+03	   2.7572510e-06	
   9.8300200e+03	   2.7504670e-06	
   9.8400183e+03	   2.7366890e-06	
   9.8500175e+03	   2.7303240e-06	
   9.8599873e+03	   2.7227470e-06	
   9.8700151e+03	   2.7151000e-06	
   9.8800144e+03	   2.7067120e-06	
   9.8900423e+03	   2.6915390e-06	
   9.9000120e+03	   2.6816210e-06	
   9.9100399e+03	   2.6676120e-06	
   9.9200096e+03	   2.6603150e-06	
   9.9300375e+03	   2.6541940e-06	
   9.9400072e+03	   2.6415310e-06	
   9.9500351e+03	   2.6285500e-06	
   9.9600048e+03	   2.6185800e-06	
   9.9700327e+03	   2.6069020e-06	
   9.9800310e+03	   2.5950410e-06	
   9.9900303e+03	   2.5879650e-06	
   1.0000000e+04	   2.5782280e-06	
