   8.0000296e+03	   3.0062400e-04	
   8.0099993e+03	   2.6049130e-04	
   8.0200558e+03	   2.6043800e-04	
   8.0300255e+03	   2.6037930e-04	
   8.0400248e+03	   2.6028750e-04	
   8.0500231e+03	   2.6023790e-04	
   8.0600224e+03	   2.6016280e-04	
   8.0700502e+03	   2.6008640e-04	
   8.0800200e+03	   2.6000540e-04	
   8.0900478e+03	   2.5995980e-04	
   8.1000175e+03	   2.5988900e-04	
   8.1100454e+03	   2.5990250e-04	
   8.1200447e+03	   2.5978760e-04	
   8.1300430e+03	   2.5968870e-04	
   8.1400709e+03	   2.5966110e-04	
   8.1500406e+03	   2.5959140e-04	
   8.1600685e+03	   2.5950530e-04	
   8.1700382e+03	   2.5945810e-04	
   8.1800375e+03	   2.5935330e-04	
   8.1900358e+03	   2.5929290e-04	
   8.2000351e+03	   2.5921180e-04	
   8.2100334e+03	   2.5915690e-04	
   8.2200327e+03	   2.5903410e-04	
   8.2300310e+03	   2.5892370e-04	
   8.2400303e+03	   2.5889180e-04	
   8.2500296e+03	   2.5876480e-04	
   8.2600279e+03	   2.5869750e-04	
   8.2700272e+03	   2.5863700e-04	
   8.2800255e+03	   2.5851770e-04	
   8.2899952e+03	   2.5845130e-04	
   8.3000231e+03	   2.5832870e-04	
   8.3099928e+03	   2.5826970e-04	
   8.3200207e+03	   2.5817230e-04	
   8.3300200e+03	   2.5809940e-04	
   8.3400183e+03	   2.5793940e-04	
   8.3500175e+03	   2.5782350e-04	
   8.3600159e+03	   2.5779550e-04	
   8.3700151e+03	   2.5763310e-04	
   8.3800430e+03	   2.5758420e-04	
   8.3900423e+03	   2.5744030e-04	
   8.4000406e+03	   2.5730430e-04	
   8.4100399e+03	   2.5721430e-04	
   8.4200382e+03	   2.5704780e-04	
   8.4300375e+03	   2.5699850e-04	
   8.4400358e+03	   2.5685230e-04	
   8.4500351e+03	   2.5675560e-04	
   8.4600334e+03	   2.5665110e-04	
   8.4700327e+03	   2.5647720e-04	
   8.4800310e+03	   2.5633750e-04	
   8.4900303e+03	   2.5623890e-04	
   8.5000296e+03	   2.5611290e-04	
   8.5100279e+03	   2.5596660e-04	
   8.5200272e+03	   2.5585510e-04	
   8.5300255e+03	   2.5570810e-04	
   8.5400248e+03	   2.5553310e-04	
   8.5500231e+03	   2.5544220e-04	
   8.5600224e+03	   2.5526420e-04	
   8.5699921e+03	   2.5510040e-04	
   8.5800200e+03	   2.5497700e-04	
   8.5899897e+03	   2.5475620e-04	
   8.6000175e+03	   2.5458760e-04	
   8.6100159e+03	   2.5443330e-04	
   8.6200151e+03	   2.5420630e-04	
   8.6300430e+03	   2.5397730e-04	
   8.6400423e+03	   2.5371770e-04	
   8.6500406e+03	   2.5340440e-04	
   8.6600399e+03	   2.5302700e-04	
   8.6700382e+03	   2.5269070e-04	
   8.6800375e+03	   2.5233290e-04	
   8.6900358e+03	   2.5180300e-04	
   8.7000351e+03	   2.5114910e-04	
   8.7100334e+03	   2.5033840e-04	
   8.7200327e+03	   2.4933270e-04	
   8.7300310e+03	   2.4814750e-04	
   8.7400303e+03	   2.4662260e-04	
   8.7500296e+03	   2.4471600e-04	
   8.7600279e+03	   2.4238200e-04	
   8.7700272e+03	   2.3959950e-04	
   8.7800255e+03	   2.3612480e-04	
   8.7900248e+03	   2.3204500e-04	
   8.8000231e+03	   2.2718210e-04	
   8.8100224e+03	   2.2145810e-04	
   8.8200207e+03	   2.1511590e-04	
   8.8300200e+03	   2.0828630e-04	
   8.8400183e+03	   2.0048600e-04	
   8.8500175e+03	   1.9156330e-04	
   8.8599873e+03	   1.8206100e-04	
   8.8700151e+03	   1.7190890e-04	
   8.8800144e+03	   1.6123710e-04	
   8.8900423e+03	   1.5033120e-04	
   8.9000120e+03	   1.3889770e-04	
   8.9100685e+03	   1.2744660e-04	
   8.9200096e+03	   1.1610180e-04	
   8.9300375e+03	   1.0468640e-04	
   8.9400358e+03	   9.4105550e-05	
   8.9500351e+03	   8.3832930e-05	
   8.9600334e+03	   7.3945520e-05	
   8.9700327e+03	   6.4788170e-05	
   8.9800606e+03	   5.6396160e-05	
   8.9900303e+03	   4.8131870e-05	
   9.0000582e+03	   4.0821920e-05	
   9.0100279e+03	   3.4174280e-05	
   9.0200558e+03	   2.8271380e-05	
   9.0300255e+03	   2.3384900e-05	
   9.0400248e+03	   1.9030070e-05	
   9.0500231e+03	   1.5588550e-05	
   9.0600224e+03	   1.2815440e-05	
   9.0700502e+03	   1.0498930e-05	
   9.0799904e+03	   8.7324650e-06	
   9.0900183e+03	   7.3167850e-06	
   9.1000175e+03	   6.4214110e-06	
   9.1099873e+03	   5.6241570e-06	
   9.1200447e+03	   5.0650270e-06	
   9.1300144e+03	   4.6288580e-06	
   9.1400423e+03	   4.2055340e-06	
   9.1500406e+03	   3.9169700e-06	
   9.1600103e+03	   3.6921740e-06	
   9.1700382e+03	   3.4950840e-06	
   9.1800079e+03	   3.3607480e-06	
   9.1900358e+03	   3.2493430e-06	
   9.2000055e+03	   3.1788800e-06	
   9.2100334e+03	   3.0975820e-06	
   9.2200327e+03	   3.0330290e-06	
   9.2300310e+03	   2.9572880e-06	
   9.2400303e+03	   2.8835690e-06	
   9.2500000e+03	   2.8108000e-06	
   9.2600279e+03	   2.7285080e-06	
   9.2699976e+03	   2.6606790e-06	
   9.2800255e+03	   2.5922700e-06	
   9.2900248e+03	   2.5347760e-06	
   9.3000231e+03	   2.4808910e-06	
   9.3099928e+03	   2.4263510e-06	
   9.3200207e+03	   2.3822270e-06	
   9.3300200e+03	   2.3444890e-06	
   9.3399897e+03	   2.3066120e-06	
   9.3500175e+03	   2.2752290e-06	
   9.3600159e+03	   2.2407000e-06	
   9.3699856e+03	   2.2121320e-06	
   9.3800430e+03	   2.1830030e-06	
   9.3900423e+03	   2.1549190e-06	
   9.4000120e+03	   2.1295800e-06	
   9.4100399e+03	   2.1072230e-06	
   9.4200096e+03	   2.0852540e-06	
   9.4300079e+03	   2.0651450e-06	
   9.4400358e+03	   2.0438010e-06	
   9.4500351e+03	   2.0218760e-06	
   9.4600334e+03	   2.0025780e-06	
   9.4700031e+03	   1.9838570e-06	
   9.4800310e+03	   1.9681880e-06	
   9.4900303e+03	   1.9535430e-06	
   9.5000000e+03	   1.9374240e-06	
   9.5100279e+03	   1.9221800e-06	
   9.5199976e+03	   1.9041100e-06	
   9.5300255e+03	   1.8897120e-06	
   9.5399952e+03	   1.8751020e-06	
   9.5500231e+03	   1.8617900e-06	
   9.5600224e+03	   1.8482480e-06	
   9.5699921e+03	   1.8358320e-06	
   9.5800200e+03	   1.8211600e-06	
   9.5899897e+03	   1.8092940e-06	
   9.6000175e+03	   1.7913920e-06	
   9.6100159e+03	   1.7776370e-06	
   9.6200151e+03	   1.7617920e-06	
   9.6300144e+03	   1.7458970e-06	
   9.6400423e+03	   1.7307270e-06	
   9.6500120e+03	   1.7172000e-06	
   9.6600399e+03	   1.7053370e-06	
   9.6700382e+03	   1.6925660e-06	
   9.6800079e+03	   1.6786180e-06	
   9.6900358e+03	   1.6639320e-06	
   9.7000055e+03	   1.6511510e-06	
   9.7100334e+03	   1.6344940e-06	
   9.7200031e+03	   1.6181070e-06	
   9.7300024e+03	   1.6005970e-06	
   9.7400303e+03	   1.5809720e-06	
   9.7500000e+03	   1.5623340e-06	
   9.7600279e+03	   1.5414870e-06	
   9.7699976e+03	   1.5212250e-06	
   9.7800255e+03	   1.4992000e-06	
   9.7899952e+03	   1.4791020e-06	
   9.7999945e+03	   1.4615580e-06	
   9.8100224e+03	   1.4381070e-06	
   9.8199921e+03	   1.4197270e-06	
   9.8300200e+03	   1.4004620e-06	
   9.8399897e+03	   1.3812700e-06	
   9.8500175e+03	   1.3638320e-06	
   9.8599577e+03	   1.3474190e-06	
   9.8700447e+03	   1.3275040e-06	
   9.8800144e+03	   1.3101260e-06	
   9.8900127e+03	   1.2935350e-06	
   9.9000406e+03	   1.2809480e-06	
   9.9100399e+03	   1.2602520e-06	
   9.9200096e+03	   1.2439310e-06	
   9.9300375e+03	   1.2282780e-06	
   9.9400358e+03	   1.2155500e-06	
   9.9500351e+03	   1.1947180e-06	
   9.9600048e+03	   1.1841330e-06	
   9.9700327e+03	   1.1626010e-06	
   9.9800024e+03	   1.1477360e-06	
   9.9900303e+03	   1.1329160e-06	
   1.0000000e+04	   1.1187300e-06	
