   8.2000351e+03	   2.7926220e-04	
   8.2100334e+03	   2.3890020e-04	
   8.2200327e+03	   2.3890440e-04	
   8.2300310e+03	   2.3889460e-04	
   8.2400303e+03	   2.3887470e-04	
   8.2500296e+03	   2.3885630e-04	
   8.2600279e+03	   2.3884650e-04	
   8.2700272e+03	   2.3885210e-04	
   8.2800255e+03	   2.3882580e-04	
   8.2900248e+03	   2.3883030e-04	
   8.3000231e+03	   2.3882020e-04	
   8.3100224e+03	   2.3884810e-04	
   8.3200207e+03	   2.3877120e-04	
   8.3300200e+03	   2.3877910e-04	
   8.3400183e+03	   2.3876540e-04	
   8.3500175e+03	   2.3876620e-04	
   8.3600159e+03	   2.3875310e-04	
   8.3700151e+03	   2.3875330e-04	
   8.3800430e+03	   2.3876790e-04	
   8.3900423e+03	   2.3874230e-04	
   8.4000406e+03	   2.3873330e-04	
   8.4100399e+03	   2.3875130e-04	
   8.4200382e+03	   2.3875090e-04	
   8.4300375e+03	   2.3874680e-04	
   8.4400358e+03	   2.3875820e-04	
   8.4500351e+03	   2.3873540e-04	
   8.4600334e+03	   2.3873260e-04	
   8.4700327e+03	   2.3870970e-04	
   8.4800310e+03	   2.3872170e-04	
   8.4900303e+03	   2.3872070e-04	
   8.5000296e+03	   2.3872040e-04	
   8.5100279e+03	   2.3870170e-04	
   8.5200272e+03	   2.3872620e-04	
   8.5300255e+03	   2.3872030e-04	
   8.5400248e+03	   2.3869370e-04	
   8.5500231e+03	   2.3869780e-04	
   8.5600224e+03	   2.3867120e-04	
   8.5699921e+03	   2.3868720e-04	
   8.5800200e+03	   2.3868650e-04	
   8.5900183e+03	   2.3861270e-04	
   8.5999880e+03	   2.3857850e-04	
   8.6100159e+03	   2.3854510e-04	
   8.6200151e+03	   2.3847490e-04	
   8.6300144e+03	   2.3838830e-04	
   8.6400423e+03	   2.3826110e-04	
   8.6500120e+03	   2.3812310e-04	
   8.6600399e+03	   2.3795790e-04	
   8.6700382e+03	   2.3775240e-04	
   8.6800079e+03	   2.3748250e-04	
   8.6900358e+03	   2.3711500e-04	
   8.7000351e+03	   2.3661120e-04	
   8.7100334e+03	   2.3596940e-04	
   8.7200327e+03	   2.3515180e-04	
   8.7300310e+03	   2.3406540e-04	
   8.7400303e+03	   2.3268950e-04	
   8.7500296e+03	   2.3098050e-04	
   8.7600279e+03	   2.2881400e-04	
   8.7699976e+03	   2.2612140e-04	
   8.7800255e+03	   2.2284110e-04	
   8.7900248e+03	   2.1892350e-04	
   8.8000231e+03	   2.1436580e-04	
   8.8100224e+03	   2.0901000e-04	
   8.8200207e+03	   2.0303930e-04	
   8.8300200e+03	   1.9622610e-04	
   8.8399897e+03	   1.8883480e-04	
   8.8500175e+03	   1.8047860e-04	
   8.8600159e+03	   1.7132010e-04	
   8.8699856e+03	   1.6177500e-04	
   8.8800430e+03	   1.5142250e-04	
   8.8900127e+03	   1.4103300e-04	
   8.9000120e+03	   1.2989760e-04	
   8.9100399e+03	   1.1890400e-04	
   8.9200382e+03	   1.0811620e-04	
   8.9300375e+03	   9.6988510e-05	
   8.9400072e+03	   8.6930460e-05	
   8.9500351e+03	   7.6955150e-05	
   8.9600334e+03	   6.7565280e-05	
   8.9700327e+03	   5.8758680e-05	
   8.9800310e+03	   5.0779820e-05	
   8.9900303e+03	   4.3193520e-05	
   9.0000296e+03	   3.6371760e-05	
   9.0100279e+03	   3.0337920e-05	
   9.0200272e+03	   2.4990030e-05	
   9.0300255e+03	   2.0624510e-05	
   9.0399952e+03	   1.7046090e-05	
   9.0500526e+03	   1.3927190e-05	
   9.0599928e+03	   1.1418290e-05	
   9.0700207e+03	   9.4516610e-06	
   9.0800200e+03	   7.7570300e-06	
   9.0900183e+03	   6.6117540e-06	
   9.0999880e+03	   5.7794730e-06	
   9.1100159e+03	   5.0995550e-06	
   9.1200151e+03	   4.5654100e-06	
   9.1300144e+03	   4.1188870e-06	
   9.1400423e+03	   3.7499110e-06	
   9.1500406e+03	   3.4672110e-06	
   9.1600399e+03	   3.2544160e-06	
   9.1700382e+03	   3.0917720e-06	
   9.1800079e+03	   2.9663040e-06	
   9.1900358e+03	   2.8768640e-06	
   9.2000055e+03	   2.7879660e-06	
   9.2100334e+03	   2.7186150e-06	
   9.2200327e+03	   2.6480840e-06	
   9.2300310e+03	   2.5787820e-06	
   9.2400303e+03	   2.5084560e-06	
   9.2500296e+03	   2.4341380e-06	
   9.2600279e+03	   2.3586310e-06	
   9.2700272e+03	   2.2933730e-06	
   9.2800255e+03	   2.2306140e-06	
   9.2900248e+03	   2.1717980e-06	
   9.3000231e+03	   2.1163010e-06	
   9.3099928e+03	   2.0699400e-06	
   9.3200207e+03	   2.0351800e-06	
   9.3300200e+03	   2.0032390e-06	
   9.3399897e+03	   1.9660870e-06	
   9.3500175e+03	   1.9373130e-06	
   9.3600159e+03	   1.9071180e-06	
   9.3700151e+03	   1.8783320e-06	
   9.3800430e+03	   1.8486810e-06	
   9.3900423e+03	   1.8197400e-06	
   9.4000406e+03	   1.8018350e-06	
   9.4100103e+03	   1.7778620e-06	
   9.4200382e+03	   1.7580900e-06	
   9.4300375e+03	   1.7386260e-06	
   9.4400358e+03	   1.7179540e-06	
   9.4500055e+03	   1.6992060e-06	
   9.4600334e+03	   1.6809410e-06	
   9.4700327e+03	   1.6653050e-06	
   9.4800310e+03	   1.6495970e-06	
   9.4900303e+03	   1.6354980e-06	
   9.5000000e+03	   1.6215540e-06	
   9.5100279e+03	   1.6066020e-06	
   9.5199976e+03	   1.5919210e-06	
   9.5300255e+03	   1.5790850e-06	
   9.5399952e+03	   1.5649560e-06	
   9.5500231e+03	   1.5565440e-06	
   9.5599928e+03	   1.5426700e-06	
   9.5700207e+03	   1.5317230e-06	
   9.5800200e+03	   1.5198510e-06	
   9.5899897e+03	   1.5073510e-06	
   9.6000175e+03	   1.4924060e-06	
   9.6100159e+03	   1.4805860e-06	
   9.6200151e+03	   1.4668830e-06	
   9.6300430e+03	   1.4540080e-06	
   9.6400127e+03	   1.4439910e-06	
   9.6500406e+03	   1.4354560e-06	
   9.6600103e+03	   1.4253950e-06	
   9.6700382e+03	   1.4133770e-06	
   9.6800079e+03	   1.4031210e-06	
   9.6900358e+03	   1.3899410e-06	
   9.7000351e+03	   1.3789170e-06	
   9.7100048e+03	   1.3671830e-06	
   9.7200327e+03	   1.3520050e-06	
   9.7300024e+03	   1.3367430e-06	
   9.7400303e+03	   1.3188230e-06	
   9.7500296e+03	   1.3024690e-06	
   9.7599993e+03	   1.2856620e-06	
   9.7700272e+03	   1.2651590e-06	
   9.7799969e+03	   1.2451600e-06	
   9.7900248e+03	   1.2274350e-06	
   9.7999945e+03	   1.2089640e-06	
   9.8100224e+03	   1.1912750e-06	
   9.8199921e+03	   1.1739510e-06	
   9.8300200e+03	   1.1577010e-06	
   9.8399897e+03	   1.1398370e-06	
   9.8500175e+03	   1.1246080e-06	
   9.8599577e+03	   1.1092420e-06	
   9.8700447e+03	   1.0935670e-06	
   9.8800144e+03	   1.0782830e-06	
   9.8900127e+03	   1.0632520e-06	
   9.9000406e+03	   1.0490280e-06	
   9.9100399e+03	   1.0347750e-06	
   9.9200096e+03	   1.0215360e-06	
   9.9300375e+03	   1.0072410e-06	
   9.9400072e+03	   9.9312060e-07	
   9.9500351e+03	   9.7810430e-07	
   9.9600048e+03	   9.6405920e-07	
   9.9700327e+03	   9.5046410e-07	
   9.9800024e+03	   9.3733230e-07	
   9.9900303e+03	   9.2421270e-07	
   1.0000000e+04	   9.1226450e-07	
