   8.2000351e+03	   2.8565690e-04	
   8.2100334e+03	   2.4579220e-04	
   8.2200327e+03	   2.4536780e-04	
   8.2300310e+03	   2.4491370e-04	
   8.2400303e+03	   2.4442930e-04	
   8.2500296e+03	   2.4394380e-04	
   8.2600574e+03	   2.4342540e-04	
   8.2700272e+03	   2.4299290e-04	
   8.2800255e+03	   2.4241790e-04	
   8.2900248e+03	   2.4198500e-04	
   8.3000231e+03	   2.4146000e-04	
   8.3100224e+03	   2.4096730e-04	
   8.3200207e+03	   2.4046860e-04	
   8.3300200e+03	   2.3991680e-04	
   8.3400183e+03	   2.3947320e-04	
   8.3500471e+03	   2.3895610e-04	
   8.3600159e+03	   2.3845010e-04	
   8.3700151e+03	   2.3792900e-04	
   8.3800726e+03	   2.3755340e-04	
   8.3900423e+03	   2.3754290e-04	
   8.4000406e+03	   2.3751370e-04	
   8.4100399e+03	   2.3750150e-04	
   8.4200382e+03	   2.3750790e-04	
   8.4300375e+03	   2.3748620e-04	
   8.4400358e+03	   2.3744580e-04	
   8.4500351e+03	   2.3746430e-04	
   8.4600334e+03	   2.3747450e-04	
   8.4700327e+03	   2.3746750e-04	
   8.4800310e+03	   2.3748980e-04	
   8.4900303e+03	   2.3751000e-04	
   8.5000296e+03	   2.3752040e-04	
   8.5100279e+03	   2.3750420e-04	
   8.5200272e+03	   2.3751970e-04	
   8.5300255e+03	   2.3750750e-04	
   8.5400248e+03	   2.3750430e-04	
   8.5500231e+03	   2.3748560e-04	
   8.5600224e+03	   2.3744690e-04	
   8.5699921e+03	   2.3739550e-04	
   8.5800200e+03	   2.3733950e-04	
   8.5900183e+03	   2.3727050e-04	
   8.6000175e+03	   2.3716510e-04	
   8.6100159e+03	   2.3698820e-04	
   8.6200151e+03	   2.3688930e-04	
   8.6300430e+03	   2.3665010e-04	
   8.6400423e+03	   2.3641450e-04	
   8.6500120e+03	   2.3608770e-04	
   8.6600399e+03	   2.3555680e-04	
   8.6700382e+03	   2.3488400e-04	
   8.6800079e+03	   2.3411210e-04	
   8.6900358e+03	   2.3299730e-04	
   8.7000351e+03	   2.3162510e-04	
   8.7100334e+03	   2.2991100e-04	
   8.7200327e+03	   2.2777760e-04	
   8.7300310e+03	   2.2518350e-04	
   8.7400303e+03	   2.2184310e-04	
   8.7500296e+03	   2.1796200e-04	
   8.7600279e+03	   2.1334510e-04	
   8.7699976e+03	   2.0802620e-04	
   8.7800255e+03	   2.0180700e-04	
   8.7900248e+03	   1.9483790e-04	
   8.7999945e+03	   1.8720660e-04	
   8.8100224e+03	   1.7881910e-04	
   8.8200207e+03	   1.6971160e-04	
   8.8300200e+03	   1.6036370e-04	
   8.8399897e+03	   1.5054150e-04	
   8.8500175e+03	   1.4006210e-04	
   8.8600159e+03	   1.2914920e-04	
   8.8700151e+03	   1.1861610e-04	
   8.8800430e+03	   1.0788830e-04	
   8.8900423e+03	   9.7601730e-05	
   8.9000406e+03	   8.7291300e-05	
   8.9100685e+03	   7.7528500e-05	
   8.9200382e+03	   6.8233880e-05	
   8.9300375e+03	   5.9038130e-05	
   8.9400358e+03	   5.0899030e-05	
   8.9500351e+03	   4.3259650e-05	
   8.9600334e+03	   3.6324960e-05	
   8.9700327e+03	   3.0188780e-05	
   8.9800310e+03	   2.5004260e-05	
   8.9900303e+03	   2.0420180e-05	
   9.0000296e+03	   1.6695550e-05	
   9.0100279e+03	   1.3692680e-05	
   9.0200272e+03	   1.1202870e-05	
   9.0300255e+03	   9.2064310e-06	
   9.0400248e+03	   7.6248680e-06	
   9.0500231e+03	   6.4059780e-06	
   9.0600224e+03	   5.4915740e-06	
   9.0700207e+03	   4.8002830e-06	
   9.0799904e+03	   4.2850470e-06	
   9.0900183e+03	   3.8293290e-06	
   9.1000175e+03	   3.4782880e-06	
   9.1099873e+03	   3.1654800e-06	
   9.1200447e+03	   2.9448760e-06	
   9.1300144e+03	   2.7793410e-06	
   9.1400423e+03	   2.6627330e-06	
   9.1500406e+03	   2.5737050e-06	
   9.1600399e+03	   2.4964140e-06	
   9.1700382e+03	   2.4197830e-06	
   9.1800079e+03	   2.3536800e-06	
   9.1900654e+03	   2.2872360e-06	
   9.2000055e+03	   2.2133710e-06	
   9.2100334e+03	   2.1453560e-06	
   9.2200327e+03	   2.0763760e-06	
   9.2300310e+03	   2.0008140e-06	
   9.2400303e+03	   1.9374740e-06	
   9.2500296e+03	   1.8763580e-06	
   9.2600279e+03	   1.8211920e-06	
   9.2700272e+03	   1.7771530e-06	
   9.2800255e+03	   1.7354170e-06	
   9.2900248e+03	   1.6990500e-06	
   9.3000231e+03	   1.6685730e-06	
   9.3100224e+03	   1.6384250e-06	
   9.3200207e+03	   1.6075620e-06	
   9.3300200e+03	   1.5808190e-06	
   9.3400183e+03	   1.5516400e-06	
   9.3500175e+03	   1.5266990e-06	
   9.3600159e+03	   1.5028530e-06	
   9.3700151e+03	   1.4841120e-06	
   9.3800430e+03	   1.4649330e-06	
   9.3900423e+03	   1.4446790e-06	
   9.4000406e+03	   1.4264910e-06	
   9.4100103e+03	   1.4076430e-06	
   9.4200382e+03	   1.3923830e-06	
   9.4300079e+03	   1.3773560e-06	
   9.4400358e+03	   1.3635030e-06	
   9.4500351e+03	   1.3516630e-06	
   9.4600048e+03	   1.3384180e-06	
   9.4700327e+03	   1.3253680e-06	
   9.4800310e+03	   1.3130260e-06	
   9.4900303e+03	   1.3032250e-06	
   9.5000000e+03	   1.2908370e-06	
   9.5100279e+03	   1.2799470e-06	
   9.5199976e+03	   1.2710860e-06	
   9.5300255e+03	   1.2600420e-06	
   9.5399952e+03	   1.2490570e-06	
   9.5500231e+03	   1.2371990e-06	
   9.5599928e+03	   1.2257570e-06	
   9.5700207e+03	   1.2145180e-06	
   9.5800200e+03	   1.2029760e-06	
   9.5899897e+03	   1.1930270e-06	
   9.6000175e+03	   1.1830240e-06	
   9.6100159e+03	   1.1736670e-06	
   9.6199856e+03	   1.1650660e-06	
   9.6300430e+03	   1.1556850e-06	
   9.6400127e+03	   1.1451740e-06	
   9.6500406e+03	   1.1348250e-06	
   9.6600103e+03	   1.1240090e-06	
   9.6700382e+03	   1.1127740e-06	
   9.6800079e+03	   1.1002990e-06	
   9.6900358e+03	   1.0873750e-06	
   9.7000351e+03	   1.0726340e-06	
   9.7100334e+03	   1.0575840e-06	
   9.7200327e+03	   1.0413130e-06	
   9.7300024e+03	   1.0247990e-06	
   9.7400303e+03	   1.0071270e-06	
   9.7500000e+03	   9.8874780e-07	
   9.7599993e+03	   9.7082100e-07	
   9.7700272e+03	   9.5358310e-07	
   9.7800255e+03	   9.3749450e-07	
   9.7899952e+03	   9.2221020e-07	
   9.8000231e+03	   9.0689060e-07	
   9.8099928e+03	   8.9231190e-07	
   9.8200207e+03	   8.7792770e-07	
   9.8299904e+03	   8.6450180e-07	
   9.8400183e+03	   8.5123650e-07	
   9.8499880e+03	   8.3870830e-07	
   9.8599873e+03	   8.2598460e-07	
   9.8700447e+03	   8.1362320e-07	
   9.8800144e+03	   8.0145810e-07	
   9.8900127e+03	   7.8835800e-07	
   9.9000406e+03	   7.7544850e-07	
   9.9100399e+03	   7.6199090e-07	
   9.9200096e+03	   7.5003370e-07	
   9.9300375e+03	   7.3849100e-07	
   9.9400072e+03	   7.2669710e-07	
   9.9500351e+03	   7.1587850e-07	
   9.9600048e+03	   7.0543020e-07	
   9.9700327e+03	   6.9472880e-07	
   9.9800024e+03	   6.8537120e-07	
   9.9900303e+03	   6.7628950e-07	
   1.0000000e+04	   6.6635740e-07	
