   8.2000351e+03	   2.8294520e-04	
   8.2100334e+03	   2.4318860e-04	
   8.2200623e+03	   2.4265990e-04	
   8.2300310e+03	   2.4211630e-04	
   8.2400303e+03	   2.4157440e-04	
   8.2500296e+03	   2.4101560e-04	
   8.2600574e+03	   2.4043860e-04	
   8.2700272e+03	   2.3987940e-04	
   8.2800550e+03	   2.3934390e-04	
   8.2900248e+03	   2.3876930e-04	
   8.3000526e+03	   2.3816880e-04	
   8.3100224e+03	   2.3759830e-04	
   8.3200502e+03	   2.3719230e-04	
   8.3300200e+03	   2.3719690e-04	
   8.3400478e+03	   2.3716670e-04	
   8.3500471e+03	   2.3717070e-04	
   8.3600159e+03	   2.3710800e-04	
   8.3700447e+03	   2.3716430e-04	
   8.3800430e+03	   2.3715730e-04	
   8.3900423e+03	   2.3717560e-04	
   8.4000702e+03	   2.3716490e-04	
   8.4100685e+03	   2.3718590e-04	
   8.4200382e+03	   2.3721200e-04	
   8.4300375e+03	   2.3724260e-04	
   8.4400358e+03	   2.3726880e-04	
   8.4500637e+03	   2.3729720e-04	
   8.4600630e+03	   2.3730860e-04	
   8.4700327e+03	   2.3735070e-04	
   8.4800606e+03	   2.3734660e-04	
   8.4900599e+03	   2.3738170e-04	
   8.5000296e+03	   2.3739780e-04	
   8.5100279e+03	   2.3743030e-04	
   8.5200272e+03	   2.3745710e-04	
   8.5300550e+03	   2.3747040e-04	
   8.5400248e+03	   2.3750280e-04	
   8.5500526e+03	   2.3751630e-04	
   8.5600224e+03	   2.3753120e-04	
   8.5700207e+03	   2.3752380e-04	
   8.5800486e+03	   2.3751240e-04	
   8.5900183e+03	   2.3751550e-04	
   8.6000175e+03	   2.3755440e-04	
   8.6100454e+03	   2.3753050e-04	
   8.6200447e+03	   2.3755240e-04	
   8.6300430e+03	   2.3752860e-04	
   8.6400423e+03	   2.3753020e-04	
   8.6500406e+03	   2.3752120e-04	
   8.6600399e+03	   2.3750210e-04	
   8.6700678e+03	   2.3750580e-04	
   8.6800375e+03	   2.3748090e-04	
   8.6900654e+03	   2.3745760e-04	
   8.7000351e+03	   2.3742130e-04	
   8.7100630e+03	   2.3739320e-04	
   8.7200327e+03	   2.3734310e-04	
   8.7300310e+03	   2.3734770e-04	
   8.7400303e+03	   2.3731790e-04	
   8.7500582e+03	   2.3727010e-04	
   8.7600279e+03	   2.3724920e-04	
   8.7700272e+03	   2.3721310e-04	
   8.7800255e+03	   2.3717760e-04	
   8.7900534e+03	   2.3709560e-04	
   8.8000231e+03	   2.3704660e-04	
   8.8100224e+03	   2.3692090e-04	
   8.8200207e+03	   2.3677760e-04	
   8.8300200e+03	   2.3651720e-04	
   8.8400478e+03	   2.3619480e-04	
   8.8500175e+03	   2.3567720e-04	
   8.8600454e+03	   2.3494200e-04	
   8.8700151e+03	   2.3399760e-04	
   8.8800430e+03	   2.3271410e-04	
   8.8900423e+03	   2.3106090e-04	
   8.9000406e+03	   2.2883810e-04	
   8.9100685e+03	   2.2599600e-04	
   8.9200382e+03	   2.2226170e-04	
   8.9300375e+03	   2.1747940e-04	
   8.9400358e+03	   2.1195260e-04	
   8.9500351e+03	   2.0524080e-04	
   8.9600334e+03	   1.9746770e-04	
   8.9700031e+03	   1.8875750e-04	
   8.9800310e+03	   1.7913660e-04	
   8.9900303e+03	   1.6832270e-04	
   9.0000296e+03	   1.5688600e-04	
   9.0100279e+03	   1.4492400e-04	
   9.0200272e+03	   1.3246250e-04	
   9.0300255e+03	   1.1988490e-04	
   9.0400248e+03	   1.0725860e-04	
   9.0500231e+03	   9.4530990e-05	
   9.0600224e+03	   8.2669930e-05	
   9.0700207e+03	   7.1012630e-05	
   9.0800200e+03	   6.0199890e-05	
   9.0900183e+03	   5.0203130e-05	
   9.0999880e+03	   4.1533220e-05	
   9.1100159e+03	   3.4022720e-05	
   9.1200151e+03	   2.7567300e-05	
   9.1300430e+03	   2.2266000e-05	
   9.1400423e+03	   1.7723870e-05	
   9.1500120e+03	   1.4118430e-05	
   9.1600399e+03	   1.1113700e-05	
   9.1700382e+03	   8.6265780e-06	
   9.1800079e+03	   6.7915110e-06	
   9.1900358e+03	   5.4918670e-06	
   9.2000055e+03	   4.7451430e-06	
   9.2100334e+03	   4.2663470e-06	
   9.2200327e+03	   4.0376560e-06	
   9.2300310e+03	   3.9275730e-06	
   9.2400303e+03	   3.8948750e-06	
   9.2500296e+03	   3.8890360e-06	
   9.2600279e+03	   3.9022880e-06	
   9.2700272e+03	   3.9082380e-06	
   9.2800255e+03	   3.9166810e-06	
   9.2900248e+03	   3.8902670e-06	
   9.3000231e+03	   3.8332540e-06	
   9.3100224e+03	   3.7661800e-06	
   9.3200207e+03	   3.6653580e-06	
   9.3300200e+03	   3.5383630e-06	
   9.3400183e+03	   3.4106820e-06	
   9.3500175e+03	   3.2701480e-06	
   9.3600159e+03	   3.1389230e-06	
   9.3700151e+03	   2.9927230e-06	
   9.3800430e+03	   2.8537300e-06	
   9.3900423e+03	   2.7068900e-06	
   9.4000406e+03	   2.5558920e-06	
   9.4100399e+03	   2.4231490e-06	
   9.4200096e+03	   2.2984400e-06	
   9.4300375e+03	   2.1805420e-06	
   9.4400358e+03	   2.0659690e-06	
   9.4500055e+03	   1.9679740e-06	
   9.4600048e+03	   1.8803520e-06	
   9.4700327e+03	   1.7982540e-06	
   9.4800310e+03	   1.7290080e-06	
   9.4900303e+03	   1.6650770e-06	
   9.5000296e+03	   1.6068950e-06	
   9.5099993e+03	   1.5609210e-06	
   9.5200272e+03	   1.5148020e-06	
   9.5300255e+03	   1.4718880e-06	
   9.5400248e+03	   1.4318300e-06	
   9.5499945e+03	   1.4000340e-06	
   9.5600224e+03	   1.3718390e-06	
   9.5699921e+03	   1.3473030e-06	
   9.5800200e+03	   1.3177720e-06	
   9.5900183e+03	   1.2907400e-06	
   9.6000175e+03	   1.2689040e-06	
   9.6099873e+03	   1.2486690e-06	
   9.6200151e+03	   1.2261010e-06	
   9.6300430e+03	   1.2056430e-06	
   9.6400423e+03	   1.1804870e-06	
   9.6500120e+03	   1.1543000e-06	
   9.6600399e+03	   1.1289490e-06	
   9.6700382e+03	   1.1043190e-06	
   9.6800079e+03	   1.0756540e-06	
   9.6900358e+03	   1.0492670e-06	
   9.7000351e+03	   1.0245380e-06	
   9.7100334e+03	   9.9874030e-07	
   9.7200327e+03	   9.7485750e-07	
   9.7300024e+03	   9.5082400e-07	
   9.7400303e+03	   9.2897190e-07	
   9.7500296e+03	   9.0845840e-07	
   9.7599993e+03	   8.8868380e-07	
   9.7700272e+03	   8.7161870e-07	
   9.7800255e+03	   8.5551810e-07	
   9.7900248e+03	   8.4154150e-07	
   9.7999945e+03	   8.2654570e-07	
   9.8100224e+03	   8.1365270e-07	
   9.8199921e+03	   8.0093920e-07	
   9.8300200e+03	   7.8873550e-07	
   9.8400183e+03	   7.7919160e-07	
   9.8500175e+03	   7.6685190e-07	
   9.8599577e+03	   7.5672310e-07	
   9.8700447e+03	   7.4306220e-07	
   9.8800144e+03	   7.3204930e-07	
   9.8900127e+03	   7.1702600e-07	
   9.9000406e+03	   7.0111460e-07	
   9.9100399e+03	   6.8351570e-07	
   9.9200096e+03	   6.6658450e-07	
   9.9300375e+03	   6.4821930e-07	
   9.9400072e+03	   6.2673940e-07	
   9.9500351e+03	   6.0752210e-07	
   9.9600048e+03	   5.8915710e-07	
   9.9700327e+03	   5.7010390e-07	
   9.9800310e+03	   5.5183340e-07	
   9.9900303e+03	   5.3316040e-07	
   1.0000000e+04	   5.1567740e-07	
