   8.2000637e+03	   2.3765100e-04	
   8.2100334e+03	   2.3763030e-04	
   8.2200327e+03	   2.3761940e-04	
   8.2300310e+03	   2.3759770e-04	
   8.2400303e+03	   2.3753940e-04	
   8.2500296e+03	   2.3750250e-04	
   8.2600279e+03	   2.3750630e-04	
   8.2700272e+03	   2.3746070e-04	
   8.2800255e+03	   2.3745810e-04	
   8.2900248e+03	   2.3739590e-04	
   8.3000231e+03	   2.3733010e-04	
   8.3100510e+03	   2.3731170e-04	
   8.3200207e+03	   2.3726730e-04	
   8.3300486e+03	   2.3723060e-04	
   8.3400183e+03	   2.3718090e-04	
   8.3500471e+03	   2.3718140e-04	
   8.3600159e+03	   2.3713310e-04	
   8.3700151e+03	   2.3709260e-04	
   8.3800430e+03	   2.3709360e-04	
   8.3900423e+03	   2.3706920e-04	
   8.4000406e+03	   2.3701030e-04	
   8.4100399e+03	   2.3700380e-04	
   8.4200382e+03	   2.3696530e-04	
   8.4300375e+03	   2.3694290e-04	
   8.4400358e+03	   2.3691120e-04	
   8.4500351e+03	   2.3688170e-04	
   8.4600334e+03	   2.3685630e-04	
   8.4700327e+03	   2.3685030e-04	
   8.4800310e+03	   2.3682880e-04	
   8.4900303e+03	   2.3682460e-04	
   8.5000296e+03	   2.3681640e-04	
   8.5100279e+03	   2.3680670e-04	
   8.5200272e+03	   2.3681880e-04	
   8.5300255e+03	   2.3682380e-04	
   8.5400248e+03	   2.3681750e-04	
   8.5500231e+03	   2.3679890e-04	
   8.5600510e+03	   2.3682720e-04	
   8.5700207e+03	   2.3681410e-04	
   8.5800486e+03	   2.3683020e-04	
   8.5900478e+03	   2.3682870e-04	
   8.6000175e+03	   2.3687730e-04	
   8.6100454e+03	   2.3688530e-04	
   8.6200447e+03	   2.3692150e-04	
   8.6300726e+03	   2.3684860e-04	
   8.6400423e+03	   2.3692310e-04	
   8.6500702e+03	   2.3695020e-04	
   8.6600399e+03	   2.3704920e-04	
   8.6700678e+03	   2.3698370e-04	
   8.6800375e+03	   2.3701720e-04	
   8.6900358e+03	   2.3703860e-04	
   8.7000351e+03	   2.3710880e-04	
   8.7100630e+03	   2.3707030e-04	
   8.7200327e+03	   2.3708420e-04	
   8.7300310e+03	   2.3716780e-04	
   8.7400599e+03	   2.3716460e-04	
   8.7500296e+03	   2.3717580e-04	
   8.7600574e+03	   2.3720460e-04	
   8.7700272e+03	   2.3727040e-04	
   8.7800255e+03	   2.3728110e-04	
   8.7900534e+03	   2.3731950e-04	
   8.8000231e+03	   2.3733240e-04	
   8.8100224e+03	   2.3732780e-04	
   8.8200502e+03	   2.3734960e-04	
   8.8300200e+03	   2.3745980e-04	
   8.8400183e+03	   2.3744300e-04	
   8.8500175e+03	   2.3739730e-04	
   8.8600454e+03	   2.3742100e-04	
   8.8700151e+03	   2.3748620e-04	
   8.8800430e+03	   2.3748420e-04	
   8.8900709e+03	   2.3752300e-04	
   8.9000406e+03	   2.3754420e-04	
   8.9100685e+03	   2.3756930e-04	
   8.9200382e+03	   2.3757660e-04	
   8.9300375e+03	   2.3760430e-04	
   8.9400358e+03	   2.3763590e-04	
   8.9500055e+03	   2.3760650e-04	
   8.9600630e+03	   2.3762070e-04	
   8.9700327e+03	   2.3760190e-04	
   8.9800310e+03	   2.3757430e-04	
   8.9900303e+03	   2.3750640e-04	
   9.0000296e+03	   2.3731880e-04	
   9.0100279e+03	   2.3704790e-04	
   9.0200272e+03	   2.3657460e-04	
   9.0300255e+03	   2.3564940e-04	
   9.0400248e+03	   2.3449870e-04	
   9.0500231e+03	   2.3287930e-04	
   9.0600224e+03	   2.3031150e-04	
   9.0700207e+03	   2.2668170e-04	
   9.0800200e+03	   2.2168940e-04	
   9.0900183e+03	   2.1506500e-04	
   9.1000175e+03	   2.0665820e-04	
   9.1100159e+03	   1.9680990e-04	
   9.1200151e+03	   1.8523970e-04	
   9.1300430e+03	   1.7280440e-04	
   9.1400423e+03	   1.5893950e-04	
   9.1500406e+03	   1.4431830e-04	
   9.1600399e+03	   1.2931070e-04	
   9.1700382e+03	   1.1343200e-04	
   9.1800375e+03	   9.7353260e-05	
   9.1900654e+03	   8.2016480e-05	
   9.2000351e+03	   6.7793600e-05	
   9.2100334e+03	   5.5044870e-05	
   9.2200327e+03	   4.3753780e-05	
   9.2300310e+03	   3.3634570e-05	
   9.2400599e+03	   2.5002110e-05	
   9.2500296e+03	   1.8219240e-05	
   9.2600279e+03	   1.2901970e-05	
   9.2700272e+03	   9.0052870e-06	
   9.2800255e+03	   6.3223640e-06	
   9.2900248e+03	   4.5364850e-06	
   9.3000231e+03	   3.4556490e-06	
   9.3100224e+03	   2.8136200e-06	
   9.3200207e+03	   2.4624760e-06	
   9.3300200e+03	   2.3033300e-06	
   9.3400183e+03	   2.2634310e-06	
   9.3500175e+03	   2.3183020e-06	
   9.3600159e+03	   2.4484480e-06	
   9.3700151e+03	   2.5871600e-06	
   9.3800430e+03	   2.7269760e-06	
   9.3900423e+03	   2.8749640e-06	
   9.4000406e+03	   3.0326850e-06	
   9.4100399e+03	   3.1518800e-06	
   9.4200382e+03	   3.2399990e-06	
   9.4300375e+03	   3.3466030e-06	
   9.4400358e+03	   3.4427130e-06	
   9.4500637e+03	   3.4628980e-06	
   9.4600334e+03	   3.4477980e-06	
   9.4700327e+03	   3.4194380e-06	
   9.4800310e+03	   3.3567200e-06	
   9.4900303e+03	   3.2822850e-06	
   9.5000296e+03	   3.2065150e-06	
   9.5100279e+03	   3.0823850e-06	
   9.5200272e+03	   2.9654280e-06	
   9.5300255e+03	   2.8502410e-06	
   9.5400248e+03	   2.7088940e-06	
   9.5500231e+03	   2.5926290e-06	
   9.5600224e+03	   2.4903920e-06	
   9.5700207e+03	   2.4088460e-06	
   9.5800200e+03	   2.3455150e-06	
   9.5900183e+03	   2.3192010e-06	
   9.6000175e+03	   2.2931570e-06	
   9.6100159e+03	   2.2744420e-06	
   9.6200151e+03	   2.2879070e-06	
   9.6300430e+03	   2.3047590e-06	
   9.6400423e+03	   2.3173270e-06	
   9.6500406e+03	   2.3347280e-06	
   9.6600399e+03	   2.3790550e-06	
   9.6700382e+03	   2.4264250e-06	
   9.6800375e+03	   2.4649960e-06	
   9.6900358e+03	   2.5373180e-06	
   9.7000351e+03	   2.6114340e-06	
   9.7100334e+03	   2.7015610e-06	
   9.7200327e+03	   2.8165310e-06	
   9.7300024e+03	   2.9297530e-06	
   9.7400303e+03	   3.0308630e-06	
   9.7500000e+03	   3.1296730e-06	
   9.7600279e+03	   3.2450260e-06	
   9.7700272e+03	   3.3362050e-06	
   9.7800255e+03	   3.4066120e-06	
   9.7900248e+03	   3.4613400e-06	
   9.8000231e+03	   3.4887580e-06	
   9.8100224e+03	   3.4851100e-06	
   9.8199921e+03	   3.4410210e-06	
   9.8300200e+03	   3.3807210e-06	
   9.8400183e+03	   3.2911010e-06	
   9.8500175e+03	   3.2126710e-06	
   9.8599873e+03	   3.1059250e-06	
   9.8700151e+03	   2.9579570e-06	
   9.8800144e+03	   2.8035060e-06	
   9.8900127e+03	   2.6162510e-06	
   9.9000406e+03	   2.4151060e-06	
   9.9100399e+03	   2.2042300e-06	
   9.9200096e+03	   2.0006090e-06	
   9.9300375e+03	   1.8032190e-06	
   9.9400072e+03	   1.6291950e-06	
   9.9500351e+03	   1.4716820e-06	
   9.9600048e+03	   1.3094640e-06	
   9.9700327e+03	   1.1680150e-06	
   9.9800310e+03	   1.0300930e-06	
   9.9900303e+03	   9.0677450e-07	
   1.0000000e+04	   7.9835370e-07	
