   8.0000296e+03	   2.7952890e-04	
   8.0099993e+03	   2.3926060e-04	
   8.0200558e+03	   2.3926610e-04	
   8.0300550e+03	   2.3924900e-04	
   8.0400248e+03	   2.3925930e-04	
   8.0500526e+03	   2.3926340e-04	
   8.0600224e+03	   2.3929050e-04	
   8.0700502e+03	   2.3928530e-04	
   8.0800200e+03	   2.3930730e-04	
   8.0900478e+03	   2.3927810e-04	
   8.1000175e+03	   2.3929630e-04	
   8.1100454e+03	   2.3930430e-04	
   8.1200151e+03	   2.3930960e-04	
   8.1300726e+03	   2.3928350e-04	
   8.1400709e+03	   2.3929620e-04	
   8.1500406e+03	   2.3928040e-04	
   8.1600685e+03	   2.3927340e-04	
   8.1700678e+03	   2.3926680e-04	
   8.1800375e+03	   2.3928800e-04	
   8.1900654e+03	   2.3926220e-04	
   8.2000351e+03	   2.3925580e-04	
   8.2100630e+03	   2.3927060e-04	
   8.2200327e+03	   2.3924920e-04	
   8.2300606e+03	   2.3925380e-04	
   8.2400303e+03	   2.3923580e-04	
   8.2500296e+03	   2.3923110e-04	
   8.2600574e+03	   2.3922720e-04	
   8.2700272e+03	   2.3924830e-04	
   8.2800255e+03	   2.3921150e-04	
   8.2900248e+03	   2.3922160e-04	
   8.3000526e+03	   2.3920950e-04	
   8.3100224e+03	   2.3921570e-04	
   8.3200207e+03	   2.3921410e-04	
   8.3300486e+03	   2.3920560e-04	
   8.3400183e+03	   2.3918970e-04	
   8.3500471e+03	   2.3917610e-04	
   8.3600159e+03	   2.3916770e-04	
   8.3700447e+03	   2.3915580e-04	
   8.3800430e+03	   2.3916740e-04	
   8.3900423e+03	   2.3915170e-04	
   8.4000702e+03	   2.3912440e-04	
   8.4100399e+03	   2.3911690e-04	
   8.4200678e+03	   2.3912200e-04	
   8.4300375e+03	   2.3908830e-04	
   8.4400358e+03	   2.3907830e-04	
   8.4500351e+03	   2.3906650e-04	
   8.4600630e+03	   2.3905810e-04	
   8.4700327e+03	   2.3902310e-04	
   8.4800310e+03	   2.3902840e-04	
   8.4900303e+03	   2.3900900e-04	
   8.5000296e+03	   2.3898890e-04	
   8.5100279e+03	   2.3897340e-04	
   8.5200272e+03	   2.3897060e-04	
   8.5300255e+03	   2.3894560e-04	
   8.5400248e+03	   2.3894040e-04	
   8.5500231e+03	   2.3893290e-04	
   8.5600224e+03	   2.3891610e-04	
   8.5700207e+03	   2.3889760e-04	
   8.5800200e+03	   2.3887670e-04	
   8.5900183e+03	   2.3887440e-04	
   8.5999880e+03	   2.3885680e-04	
   8.6100159e+03	   2.3882550e-04	
   8.6200151e+03	   2.3884150e-04	
   8.6300430e+03	   2.3882040e-04	
   8.6400423e+03	   2.3881760e-04	
   8.6500406e+03	   2.3879650e-04	
   8.6600399e+03	   2.3877730e-04	
   8.6700382e+03	   2.3876190e-04	
   8.6800375e+03	   2.3873210e-04	
   8.6900358e+03	   2.3875560e-04	
   8.7000351e+03	   2.3871510e-04	
   8.7100334e+03	   2.3871830e-04	
   8.7200327e+03	   2.3871200e-04	
   8.7300310e+03	   2.3870640e-04	
   8.7400303e+03	   2.3869720e-04	
   8.7500296e+03	   2.3867270e-04	
   8.7600279e+03	   2.3866760e-04	
   8.7700272e+03	   2.3865250e-04	
   8.7800255e+03	   2.3866120e-04	
   8.7900248e+03	   2.3865330e-04	
   8.8000231e+03	   2.3863010e-04	
   8.8100224e+03	   2.3863380e-04	
   8.8200207e+03	   2.3861000e-04	
   8.8300200e+03	   2.3859210e-04	
   8.8400183e+03	   2.3857360e-04	
   8.8500175e+03	   2.3854140e-04	
   8.8600159e+03	   2.3849800e-04	
   8.8700151e+03	   2.3844820e-04	
   8.8800430e+03	   2.3834390e-04	
   8.8900423e+03	   2.3818360e-04	
   8.9000406e+03	   2.3790910e-04	
   8.9100685e+03	   2.3747840e-04	
   8.9200382e+03	   2.3678300e-04	
   8.9300375e+03	   2.3583140e-04	
   8.9400358e+03	   2.3458720e-04	
   8.9500351e+03	   2.3269000e-04	
   8.9600334e+03	   2.2986300e-04	
   8.9700031e+03	   2.2570000e-04	
   8.9800606e+03	   2.1980250e-04	
   8.9900303e+03	   2.1221510e-04	
   9.0000296e+03	   2.0305430e-04	
   9.0100279e+03	   1.9246400e-04	
   9.0200272e+03	   1.7994940e-04	
   9.0300255e+03	   1.6581720e-04	
   9.0400248e+03	   1.5080150e-04	
   9.0500526e+03	   1.3464670e-04	
   9.0600224e+03	   1.1866210e-04	
   9.0700502e+03	   1.0242120e-04	
   9.0800200e+03	   8.5943960e-05	
   9.0900183e+03	   7.0523420e-05	
   9.1000175e+03	   5.6195480e-05	
   9.1100159e+03	   4.3201550e-05	
   9.1200151e+03	   3.2624440e-05	
   9.1300144e+03	   2.4186130e-05	
   9.1400423e+03	   1.7375730e-05	
   9.1500120e+03	   1.2346580e-05	
   9.1600399e+03	   8.8267970e-06	
   9.1700382e+03	   6.1695540e-06	
   9.1800375e+03	   4.3892100e-06	
   9.1900358e+03	   3.2505620e-06	
   9.2000351e+03	   2.5279400e-06	
   9.2100334e+03	   2.1769260e-06	
   9.2200327e+03	   2.0244520e-06	
   9.2300310e+03	   1.9118650e-06	
   9.2400303e+03	   1.8941320e-06	
   9.2500296e+03	   1.9694090e-06	
   9.2600279e+03	   2.0667820e-06	
   9.2700272e+03	   2.1431470e-06	
   9.2799969e+03	   2.2677460e-06	
   9.2900248e+03	   2.3896360e-06	
   9.2999945e+03	   2.4986890e-06	
   9.3100224e+03	   2.5758950e-06	
   9.3200207e+03	   2.6404400e-06	
   9.3300200e+03	   2.7060060e-06	
   9.3399897e+03	   2.7330440e-06	
   9.3500175e+03	   2.7371360e-06	
   9.3600159e+03	   2.7080880e-06	
   9.3700151e+03	   2.6573580e-06	
   9.3800430e+03	   2.5800910e-06	
   9.3900127e+03	   2.4852100e-06	
   9.4000406e+03	   2.3961190e-06	
   9.4100399e+03	   2.3042290e-06	
   9.4200096e+03	   2.2001280e-06	
   9.4300375e+03	   2.1077110e-06	
   9.4400358e+03	   2.0266930e-06	
   9.4500351e+03	   1.9675470e-06	
   9.4600048e+03	   1.9290620e-06	
   9.4700327e+03	   1.9029580e-06	
   9.4800310e+03	   1.8922080e-06	
   9.4900303e+03	   1.8930200e-06	
   9.5000000e+03	   1.8958690e-06	
   9.5100279e+03	   1.9027960e-06	
   9.5199976e+03	   1.9123150e-06	
   9.5300255e+03	   1.9279570e-06	
   9.5399952e+03	   1.9459000e-06	
   9.5500231e+03	   1.9820910e-06	
   9.5600224e+03	   2.0232670e-06	
   9.5699921e+03	   2.0649780e-06	
   9.5800200e+03	   2.1345980e-06	
   9.5899897e+03	   2.2000700e-06	
   9.6000175e+03	   2.2888680e-06	
   9.6099873e+03	   2.3831350e-06	
   9.6200151e+03	   2.5006810e-06	
   9.6300430e+03	   2.6409000e-06	
   9.6400127e+03	   2.7839520e-06	
   9.6500406e+03	   2.9408470e-06	
   9.6600399e+03	   3.0817570e-06	
   9.6700096e+03	   3.2286750e-06	
   9.6800375e+03	   3.3705850e-06	
   9.6900358e+03	   3.5103440e-06	
   9.7000351e+03	   3.6419520e-06	
   9.7100334e+03	   3.7497700e-06	
   9.7200031e+03	   3.8323590e-06	
   9.7300024e+03	   3.9006250e-06	
   9.7400303e+03	   3.9445660e-06	
   9.7500296e+03	   3.9449550e-06	
   9.7599993e+03	   3.9062800e-06	
   9.7700272e+03	   3.8593230e-06	
   9.7800255e+03	   3.7992310e-06	
   9.7899952e+03	   3.7256730e-06	
   9.8000231e+03	   3.6525920e-06	
   9.8100224e+03	   3.5625250e-06	
   9.8199921e+03	   3.4474690e-06	
   9.8300200e+03	   3.3169790e-06	
   9.8399897e+03	   3.1531920e-06	
   9.8500175e+03	   2.9786000e-06	
   9.8599873e+03	   2.7887430e-06	
   9.8700151e+03	   2.5938140e-06	
   9.8800144e+03	   2.3862800e-06	
   9.8900423e+03	   2.1678170e-06	
   9.9000120e+03	   1.9476650e-06	
   9.9100399e+03	   1.7454750e-06	
   9.9200096e+03	   1.5728030e-06	
   9.9300375e+03	   1.4277490e-06	
   9.9400072e+03	   1.3121110e-06	
   9.9500351e+03	   1.2118520e-06	
   9.9600048e+03	   1.1433270e-06	
   9.9700327e+03	   1.0861760e-06	
   9.9800024e+03	   1.0468410e-06	
   9.9900303e+03	   1.0299760e-06	
   1.0000000e+04	   1.0345200e-06	
