   8.0000296e+03	   2.8142950e-04	
   8.0099993e+03	   2.4088790e-04	
   8.0200558e+03	   2.4090120e-04	
   8.0300255e+03	   2.4094590e-04	
   8.0400248e+03	   2.4095260e-04	
   8.0500231e+03	   2.4097670e-04	
   8.0600224e+03	   2.4099140e-04	
   8.0700502e+03	   2.4099980e-04	
   8.0800200e+03	   2.4100550e-04	
   8.0900478e+03	   2.4100310e-04	
   8.1000175e+03	   2.4102360e-04	
   8.1100454e+03	   2.4101260e-04	
   8.1200151e+03	   2.4105370e-04	
   8.1300726e+03	   2.4105040e-04	
   8.1400709e+03	   2.4104780e-04	
   8.1500406e+03	   2.4104180e-04	
   8.1600685e+03	   2.4102220e-04	
   8.1700382e+03	   2.4103290e-04	
   8.1800661e+03	   2.4103480e-04	
   8.1900358e+03	   2.4101850e-04	
   8.2000637e+03	   2.4102550e-04	
   8.2100334e+03	   2.4103020e-04	
   8.2200327e+03	   2.4100850e-04	
   8.2300606e+03	   2.4103810e-04	
   8.2400303e+03	   2.4103140e-04	
   8.2500296e+03	   2.4104340e-04	
   8.2600574e+03	   2.4105320e-04	
   8.2700272e+03	   2.4107110e-04	
   8.2800550e+03	   2.4109200e-04	
   8.2900248e+03	   2.4107510e-04	
   8.3000526e+03	   2.4108000e-04	
   8.3100224e+03	   2.4102650e-04	
   8.3200207e+03	   2.4107380e-04	
   8.3300486e+03	   2.4107150e-04	
   8.3400183e+03	   2.4108160e-04	
   8.3500471e+03	   2.4108490e-04	
   8.3600159e+03	   2.4110810e-04	
   8.3700151e+03	   2.4110200e-04	
   8.3800430e+03	   2.4109220e-04	
   8.3900423e+03	   2.4110340e-04	
   8.4000702e+03	   2.4111450e-04	
   8.4100399e+03	   2.4110670e-04	
   8.4200678e+03	   2.4109980e-04	
   8.4300375e+03	   2.4106080e-04	
   8.4400358e+03	   2.4109080e-04	
   8.4500351e+03	   2.4109300e-04	
   8.4600630e+03	   2.4110400e-04	
   8.4700327e+03	   2.4109480e-04	
   8.4800310e+03	   2.4110510e-04	
   8.4900303e+03	   2.4124100e-04	
   8.5000296e+03	   2.4135260e-04	
   8.5100279e+03	   2.4146930e-04	
   8.5200272e+03	   2.4158100e-04	
   8.5300255e+03	   2.4168390e-04	
   8.5400248e+03	   2.4180620e-04	
   8.5500231e+03	   2.4193740e-04	
   8.5600224e+03	   2.4204830e-04	
   8.5700207e+03	   2.4214960e-04	
   8.5800200e+03	   2.4225310e-04	
   8.5900183e+03	   2.4237880e-04	
   8.5999880e+03	   2.4248760e-04	
   8.6100454e+03	   2.4257180e-04	
   8.6200151e+03	   2.4268550e-04	
   8.6300430e+03	   2.4278230e-04	
   8.6400423e+03	   2.4286640e-04	
   8.6500406e+03	   2.4296900e-04	
   8.6600399e+03	   2.4306840e-04	
   8.6700382e+03	   2.4316560e-04	
   8.6800375e+03	   2.4326040e-04	
   8.6900358e+03	   2.4336730e-04	
   8.7000351e+03	   2.4345730e-04	
   8.7100334e+03	   2.4355350e-04	
   8.7200327e+03	   2.4365560e-04	
   8.7300310e+03	   2.4374360e-04	
   8.7400303e+03	   2.4385350e-04	
   8.7500296e+03	   2.4394340e-04	
   8.7600279e+03	   2.4404800e-04	
   8.7700272e+03	   2.4413010e-04	
   8.7800255e+03	   2.4420310e-04	
   8.7900248e+03	   2.4427610e-04	
   8.8000231e+03	   2.4435900e-04	
   8.8100224e+03	   2.4442580e-04	
   8.8200207e+03	   2.4447140e-04	
   8.8300200e+03	   2.4451700e-04	
   8.8400183e+03	   2.4454910e-04	
   8.8500175e+03	   2.4453630e-04	
   8.8600159e+03	   2.4448600e-04	
   8.8700151e+03	   2.4435260e-04	
   8.8800430e+03	   2.4407740e-04	
   8.8900423e+03	   2.4358620e-04	
   8.9000406e+03	   2.4274000e-04	
   8.9100399e+03	   2.4144300e-04	
   8.9200382e+03	   2.3949050e-04	
   8.9300375e+03	   2.3667990e-04	
   8.9400358e+03	   2.3296310e-04	
   8.9500055e+03	   2.2809610e-04	
   8.9600334e+03	   2.2151600e-04	
   8.9700031e+03	   2.1299520e-04	
   8.9800310e+03	   2.0233680e-04	
   8.9900303e+03	   1.8894620e-04	
   9.0000296e+03	   1.7344390e-04	
   9.0100279e+03	   1.5597850e-04	
   9.0200558e+03	   1.3704880e-04	
   9.0300255e+03	   1.1754670e-04	
   9.0400248e+03	   9.8409890e-05	
   9.0500526e+03	   7.9722420e-05	
   9.0600224e+03	   6.3618060e-05	
   9.0700207e+03	   4.9594320e-05	
   9.0800200e+03	   3.7667940e-05	
   9.0900183e+03	   2.8435880e-05	
   9.1000175e+03	   2.1154760e-05	
   9.1100159e+03	   1.5525100e-05	
   9.1200151e+03	   1.1082510e-05	
   9.1300430e+03	   7.9344910e-06	
   9.1400423e+03	   5.5281150e-06	
   9.1500406e+03	   3.8951190e-06	
   9.1600399e+03	   2.8586210e-06	
   9.1700382e+03	   2.1155700e-06	
   9.1800375e+03	   1.7032480e-06	
   9.1900358e+03	   1.4275130e-06	
   9.2000351e+03	   1.3159190e-06	
   9.2100334e+03	   1.2199060e-06	
   9.2200327e+03	   1.1313980e-06	
   9.2300310e+03	   1.1163480e-06	
   9.2400303e+03	   1.1164800e-06	
   9.2500296e+03	   1.1057000e-06	
   9.2600279e+03	   1.1217130e-06	
   9.2700272e+03	   1.1153160e-06	
   9.2800255e+03	   1.1034320e-06	
   9.2900248e+03	   1.1037930e-06	
   9.3000231e+03	   1.0829380e-06	
   9.3100224e+03	   1.0663640e-06	
   9.3200207e+03	   1.0486540e-06	
   9.3300200e+03	   1.0441640e-06	
   9.3400183e+03	   1.0337360e-06	
   9.3500175e+03	   1.0248820e-06	
   9.3600159e+03	   1.0177930e-06	
   9.3700151e+03	   1.0022920e-06	
   9.3800430e+03	   9.9089630e-07	
   9.3900423e+03	   9.7316430e-07	
   9.4000406e+03	   9.5581080e-07	
   9.4100103e+03	   9.4133220e-07	
   9.4200382e+03	   9.2021810e-07	
   9.4300375e+03	   8.9490920e-07	
   9.4400358e+03	   8.8442510e-07	
   9.4500351e+03	   8.6530560e-07	
   9.4600048e+03	   8.6068950e-07	
   9.4700327e+03	   8.4962990e-07	
   9.4800310e+03	   8.4313470e-07	
   9.4900303e+03	   8.4716500e-07	
   9.5000000e+03	   8.3316860e-07	
   9.5100279e+03	   8.2124710e-07	
   9.5199976e+03	   8.1454650e-07	
   9.5300255e+03	   8.0391780e-07	
   9.5399952e+03	   7.9738780e-07	
   9.5500231e+03	   7.9270190e-07	
   9.5599928e+03	   7.8669400e-07	
   9.5700207e+03	   7.8935410e-07	
   9.5800200e+03	   7.9443330e-07	
   9.5899897e+03	   8.0605560e-07	
   9.6000175e+03	   8.2413340e-07	
   9.6100159e+03	   8.5443140e-07	
   9.6200151e+03	   8.7897420e-07	
   9.6300430e+03	   9.1876310e-07	
   9.6400127e+03	   9.4749820e-07	
   9.6500406e+03	   9.6555740e-07	
   9.6600399e+03	   9.5959480e-07	
   9.6700382e+03	   9.4298100e-07	
   9.6800375e+03	   9.1576690e-07	
   9.6900072e+03	   8.7891580e-07	
   9.7000351e+03	   8.3931870e-07	
   9.7100048e+03	   7.9373550e-07	
   9.7200327e+03	   7.5671220e-07	
   9.7300310e+03	   7.1618970e-07	
   9.7400303e+03	   6.9064190e-07	
   9.7500000e+03	   6.7080600e-07	
   9.7599993e+03	   6.5340010e-07	
   9.7700272e+03	   6.4181830e-07	
   9.7799969e+03	   6.3371630e-07	
   9.7900248e+03	   6.2414060e-07	
   9.7999945e+03	   6.1764050e-07	
   9.8100224e+03	   6.0587060e-07	
   9.8199921e+03	   5.9072740e-07	
   9.8300200e+03	   5.7596180e-07	
   9.8400183e+03	   5.6141310e-07	
   9.8499880e+03	   5.4398980e-07	
   9.8599873e+03	   5.2538050e-07	
   9.8700151e+03	   5.0918110e-07	
   9.8800144e+03	   5.0700980e-07	
   9.8900423e+03	   4.9408940e-07	
   9.9000120e+03	   4.7776440e-07	
   9.9100685e+03	   4.7329950e-07	
   9.9200096e+03	   4.6260150e-07	
   9.9300375e+03	   4.5777480e-07	
   9.9400072e+03	   4.5534750e-07	
   9.9500351e+03	   4.5635600e-07	
   9.9600048e+03	   4.6037830e-07	
   9.9700327e+03	   4.6974710e-07	
   9.9800310e+03	   4.7226460e-07	
   9.9900303e+03	   4.8170680e-07	
   1.0000000e+04	   4.9841180e-07	
