   8.0000296e+03	   2.9961170e-04	
   8.0100279e+03	   2.5948540e-04	
   8.0200272e+03	   2.5946430e-04	
   8.0300255e+03	   2.5943450e-04	
   8.0400248e+03	   2.5940180e-04	
   8.0500231e+03	   2.5937570e-04	
   8.0600224e+03	   2.5935670e-04	
   8.0700207e+03	   2.5933430e-04	
   8.0800200e+03	   2.5926640e-04	
   8.0900478e+03	   2.5926520e-04	
   8.1000175e+03	   2.5924000e-04	
   8.1100454e+03	   2.5920660e-04	
   8.1200151e+03	   2.5920370e-04	
   8.1300430e+03	   2.5918150e-04	
   8.1400423e+03	   2.5914390e-04	
   8.1500406e+03	   2.5912840e-04	
   8.1600399e+03	   2.5908080e-04	
   8.1700382e+03	   2.5904390e-04	
   8.1800375e+03	   2.5901720e-04	
   8.1900358e+03	   2.5899220e-04	
   8.2000351e+03	   2.5896100e-04	
   8.2100334e+03	   2.5891650e-04	
   8.2200327e+03	   2.5887670e-04	
   8.2300310e+03	   2.5882100e-04	
   8.2400303e+03	   2.5877100e-04	
   8.2500296e+03	   2.5873910e-04	
   8.2600279e+03	   2.5872300e-04	
   8.2700272e+03	   2.5866040e-04	
   8.2800255e+03	   2.5862250e-04	
   8.2900248e+03	   2.5857100e-04	
   8.3000526e+03	   2.5850510e-04	
   8.3100224e+03	   2.5845600e-04	
   8.3200207e+03	   2.5841850e-04	
   8.3300200e+03	   2.5836780e-04	
   8.3400183e+03	   2.5833210e-04	
   8.3500175e+03	   2.5828650e-04	
   8.3600159e+03	   2.5825130e-04	
   8.3700447e+03	   2.5819010e-04	
   8.3800430e+03	   2.5814460e-04	
   8.3900423e+03	   2.5809880e-04	
   8.4000406e+03	   2.5804340e-04	
   8.4100399e+03	   2.5800040e-04	
   8.4200678e+03	   2.5794780e-04	
   8.4300375e+03	   2.5789540e-04	
   8.4400358e+03	   2.5786600e-04	
   8.4500351e+03	   2.5757960e-04	
   8.4600630e+03	   2.5776070e-04	
   8.4700327e+03	   2.5769930e-04	
   8.4800310e+03	   2.5763860e-04	
   8.4900303e+03	   2.5758940e-04	
   8.5000296e+03	   2.5753390e-04	
   8.5100279e+03	   2.5747530e-04	
   8.5200272e+03	   2.5741480e-04	
   8.5300255e+03	   2.5733790e-04	
   8.5399952e+03	   2.5728760e-04	
   8.5500526e+03	   2.5726100e-04	
   8.5600224e+03	   2.5718790e-04	
   8.5700207e+03	   2.5711500e-04	
   8.5800200e+03	   2.5703800e-04	
   8.5900183e+03	   2.5697450e-04	
   8.6000175e+03	   2.5691590e-04	
   8.6100159e+03	   2.5685380e-04	
   8.6200151e+03	   2.5679510e-04	
   8.6300144e+03	   2.5672460e-04	
   8.6400423e+03	   2.5665160e-04	
   8.6500406e+03	   2.5659620e-04	
   8.6600399e+03	   2.5651220e-04	
   8.6700382e+03	   2.5644830e-04	
   8.6800375e+03	   2.5637560e-04	
   8.6900358e+03	   2.5632010e-04	
   8.7000351e+03	   2.5624230e-04	
   8.7100334e+03	   2.5617240e-04	
   8.7200327e+03	   2.5607960e-04	
   8.7300310e+03	   2.5600990e-04	
   8.7400303e+03	   2.5595010e-04	
   8.7500296e+03	   2.5587520e-04	
   8.7600279e+03	   2.5582320e-04	
   8.7699976e+03	   2.5572300e-04	
   8.7800255e+03	   2.5564230e-04	
   8.7900248e+03	   2.5553220e-04	
   8.8000231e+03	   2.5546660e-04	
   8.8099928e+03	   2.5534100e-04	
   8.8200207e+03	   2.5521450e-04	
   8.8300200e+03	   2.5511220e-04	
   8.8400183e+03	   2.5497710e-04	
   8.8500175e+03	   2.5485620e-04	
   8.8600159e+03	   2.5462910e-04	
   8.8699856e+03	   2.5437530e-04	
   8.8800430e+03	   2.5399880e-04	
   8.8900423e+03	   2.5344490e-04	
   8.9000406e+03	   2.5259010e-04	
   8.9100399e+03	   2.5131880e-04	
   8.9200096e+03	   2.4953700e-04	
   8.9300375e+03	   2.4687800e-04	
   8.9400358e+03	   2.4346670e-04	
   8.9500351e+03	   2.3877770e-04	
   8.9600334e+03	   2.3258650e-04	
   8.9700031e+03	   2.2447510e-04	
   8.9800310e+03	   2.1444820e-04	
   8.9900303e+03	   2.0150930e-04	
   9.0000000e+03	   1.8623000e-04	
   9.0099993e+03	   1.6916260e-04	
   9.0200272e+03	   1.5023960e-04	
   9.0300255e+03	   1.2984310e-04	
   9.0400248e+03	   1.0918230e-04	
   9.0500231e+03	   8.9612140e-05	
   9.0600224e+03	   7.2065700e-05	
   9.0700207e+03	   5.6513180e-05	
   9.0800200e+03	   4.3387680e-05	
   9.0900183e+03	   3.2960510e-05	
   9.1000175e+03	   2.4487670e-05	
   9.1100159e+03	   1.7959460e-05	
   9.1200151e+03	   1.2936390e-05	
   9.1300430e+03	   9.1904140e-06	
   9.1400423e+03	   6.4161630e-06	
   9.1500406e+03	   4.4462730e-06	
   9.1600399e+03	   3.0977990e-06	
   9.1700382e+03	   2.3200230e-06	
   9.1800375e+03	   1.7440300e-06	
   9.1900072e+03	   1.4035360e-06	
   9.2000351e+03	   1.2544290e-06	
   9.2100048e+03	   1.1913010e-06	
   9.2200327e+03	   1.0556070e-06	
   9.2300310e+03	   1.0615460e-06	
   9.2400303e+03	   1.0232360e-06	
   9.2500000e+03	   1.0250540e-06	
   9.2600279e+03	   1.0456350e-06	
   9.2700272e+03	   1.0362390e-06	
   9.2799969e+03	   1.0311070e-06	
   9.2900248e+03	   1.0266070e-06	
   9.3000231e+03	   1.0077800e-06	
   9.3100224e+03	   9.8889560e-07	
   9.3199921e+03	   9.7357090e-07	
   9.3300200e+03	   9.6417760e-07	
   9.3399897e+03	   9.5358020e-07	
   9.3500175e+03	   9.4567910e-07	
   9.3599873e+03	   9.4011930e-07	
   9.3700151e+03	   9.2507570e-07	
   9.3800430e+03	   9.0841010e-07	
   9.3900423e+03	   8.9631290e-07	
   9.4000120e+03	   8.8048430e-07	
   9.4100103e+03	   8.6323720e-07	
   9.4200382e+03	   8.4450460e-07	
   9.4300079e+03	   8.1546960e-07	
   9.4400358e+03	   8.2319700e-07	
   9.4500351e+03	   7.7891550e-07	
   9.4600048e+03	   7.9255490e-07	
   9.4700327e+03	   7.6616230e-07	
   9.4800310e+03	   7.6862470e-07	
   9.4900303e+03	   7.6266930e-07	
   9.5000000e+03	   7.5243770e-07	
   9.5100279e+03	   7.4162720e-07	
   9.5199976e+03	   7.3163490e-07	
   9.5300255e+03	   7.2244560e-07	
   9.5399952e+03	   7.1337310e-07	
   9.5500231e+03	   7.1238680e-07	
   9.5599928e+03	   7.0188870e-07	
   9.5700207e+03	   7.0835480e-07	
   9.5800200e+03	   7.1901700e-07	
   9.5899897e+03	   7.2277430e-07	
   9.6000175e+03	   7.4288630e-07	
   9.6100159e+03	   7.6495480e-07	
   9.6199856e+03	   7.9544130e-07	
   9.6300430e+03	   8.3578150e-07	
   9.6400127e+03	   8.6406770e-07	
   9.6500406e+03	   8.7557820e-07	
   9.6600399e+03	   8.8443760e-07	
   9.6700096e+03	   8.5184100e-07	
   9.6800375e+03	   8.3779670e-07	
   9.6900072e+03	   7.8964110e-07	
   9.7000351e+03	   7.6181160e-07	
   9.7100334e+03	   7.1745340e-07	
   9.7200031e+03	   6.7843330e-07	
   9.7300310e+03	   6.4641760e-07	
   9.7400303e+03	   6.1842300e-07	
   9.7500000e+03	   5.9086470e-07	
   9.7599993e+03	   5.7573320e-07	
   9.7700272e+03	   5.6366090e-07	
   9.7800255e+03	   5.5301860e-07	
   9.7900248e+03	   5.4820050e-07	
   9.7999945e+03	   5.3644730e-07	
   9.8100224e+03	   5.2806580e-07	
   9.8199921e+03	   5.1593050e-07	
   9.8300200e+03	   5.0163920e-07	
   9.8400183e+03	   4.8556260e-07	
   9.8499880e+03	   4.6962530e-07	
   9.8599873e+03	   4.5707280e-07	
   9.8700151e+03	   4.3988110e-07	
   9.8800144e+03	   4.3827210e-07	
   9.8900423e+03	   4.1879600e-07	
   9.9000120e+03	   4.0778350e-07	
   9.9100399e+03	   4.0012380e-07	
   9.9200096e+03	   3.9322180e-07	
   9.9300375e+03	   3.8757910e-07	
   9.9400358e+03	   3.8966910e-07	
   9.9500055e+03	   3.8717080e-07	
   9.9600048e+03	   3.8803840e-07	
   9.9700327e+03	   3.9269840e-07	
   9.9800024e+03	   3.9999880e-07	
   9.9900303e+03	   4.0926710e-07	
   1.0000000e+04	   4.1980970e-07	
