   8.0000296e+03	   2.8055800e-04	
   8.0100279e+03	   2.3990430e-04	
   8.0200272e+03	   2.3990020e-04	
   8.0300255e+03	   2.3990560e-04	
   8.0400248e+03	   2.3990250e-04	
   8.0500231e+03	   2.3991420e-04	
   8.0600224e+03	   2.3991170e-04	
   8.0700207e+03	   2.3991310e-04	
   8.0800200e+03	   2.3991260e-04	
   8.0900183e+03	   2.3991880e-04	
   8.1000175e+03	   2.3990350e-04	
   8.1100159e+03	   2.3991690e-04	
   8.1200151e+03	   2.3993220e-04	
   8.1300430e+03	   2.3994440e-04	
   8.1400423e+03	   2.3994250e-04	
   8.1500406e+03	   2.3994840e-04	
   8.1600399e+03	   2.3993330e-04	
   8.1700382e+03	   2.3993310e-04	
   8.1800375e+03	   2.3993350e-04	
   8.1900358e+03	   2.3992290e-04	
   8.2000351e+03	   2.3992670e-04	
   8.2100334e+03	   2.3992520e-04	
   8.2200327e+03	   2.3992860e-04	
   8.2300310e+03	   2.3991650e-04	
   8.2400303e+03	   2.3991740e-04	
   8.2500296e+03	   2.3990790e-04	
   8.2600279e+03	   2.3991200e-04	
   8.2700272e+03	   2.3990910e-04	
   8.2800255e+03	   2.3990110e-04	
   8.2899952e+03	   2.3990810e-04	
   8.3000526e+03	   2.3988990e-04	
   8.3100224e+03	   2.3990170e-04	
   8.3200207e+03	   2.3989170e-04	
   8.3300200e+03	   2.3987980e-04	
   8.3400183e+03	   2.3988850e-04	
   8.3500175e+03	   2.3989000e-04	
   8.3600159e+03	   2.3986890e-04	
   8.3700151e+03	   2.3986120e-04	
   8.3800430e+03	   2.3987620e-04	
   8.3900423e+03	   2.3984060e-04	
   8.4000406e+03	   2.3985880e-04	
   8.4100399e+03	   2.3984980e-04	
   8.4200382e+03	   2.3985260e-04	
   8.4300375e+03	   2.3984960e-04	
   8.4400358e+03	   2.3983780e-04	
   8.4500351e+03	   2.3983290e-04	
   8.4600334e+03	   2.3981000e-04	
   8.4700327e+03	   2.3981140e-04	
   8.4800310e+03	   2.3980670e-04	
   8.4900303e+03	   2.3980860e-04	
   8.5000296e+03	   2.3980190e-04	
   8.5100279e+03	   2.3979480e-04	
   8.5200272e+03	   2.3978640e-04	
   8.5300255e+03	   2.3977750e-04	
   8.5400248e+03	   2.3977100e-04	
   8.5500231e+03	   2.3975510e-04	
   8.5600224e+03	   2.3974480e-04	
   8.5700207e+03	   2.3971760e-04	
   8.5800200e+03	   2.3972960e-04	
   8.5900183e+03	   2.3970650e-04	
   8.5999880e+03	   2.3971180e-04	
   8.6100159e+03	   2.3968400e-04	
   8.6200151e+03	   2.3967680e-04	
   8.6300144e+03	   2.3967060e-04	
   8.6400423e+03	   2.3965760e-04	
   8.6500406e+03	   2.3964220e-04	
   8.6600399e+03	   2.3963470e-04	
   8.6700382e+03	   2.3961960e-04	
   8.6800079e+03	   2.3959950e-04	
   8.6900358e+03	   2.3958140e-04	
   8.7000351e+03	   2.3957850e-04	
   8.7100048e+03	   2.3957100e-04	
   8.7200327e+03	   2.3955580e-04	
   8.7300024e+03	   2.3953830e-04	
   8.7400303e+03	   2.3953830e-04	
   8.7500296e+03	   2.3953200e-04	
   8.7600279e+03	   2.3950830e-04	
   8.7700272e+03	   2.3950400e-04	
   8.7799969e+03	   2.3946760e-04	
   8.7900248e+03	   2.3944000e-04	
   8.8000231e+03	   2.3940690e-04	
   8.8099928e+03	   2.3938190e-04	
   8.8200207e+03	   2.3934850e-04	
   8.8300200e+03	   2.3930550e-04	
   8.8399897e+03	   2.3925430e-04	
   8.8500175e+03	   2.3917610e-04	
   8.8599873e+03	   2.3907410e-04	
   8.8700151e+03	   2.3889940e-04	
   8.8800144e+03	   2.3868040e-04	
   8.8900423e+03	   2.3831430e-04	
   8.9000120e+03	   2.3772070e-04	
   8.9100399e+03	   2.3680110e-04	
   8.9200096e+03	   2.3548890e-04	
   8.9300375e+03	   2.3350290e-04	
   8.9400358e+03	   2.3080560e-04	
   8.9500055e+03	   2.2717390e-04	
   8.9600334e+03	   2.2217080e-04	
   8.9700031e+03	   2.1566460e-04	
   8.9800310e+03	   2.0712330e-04	
   8.9900303e+03	   1.9617120e-04	
   9.0000000e+03	   1.8316310e-04	
   9.0100279e+03	   1.6779690e-04	
   9.0200272e+03	   1.5063760e-04	
   9.0300255e+03	   1.3091740e-04	
   9.0399952e+03	   1.1148800e-04	
   9.0500526e+03	   9.2198540e-05	
   9.0600224e+03	   7.4643840e-05	
   9.0700502e+03	   5.8770850e-05	
   9.0800200e+03	   4.5577710e-05	
   9.0900183e+03	   3.4545000e-05	
   9.1000175e+03	   2.5890260e-05	
   9.1100159e+03	   1.9093810e-05	
   9.1200151e+03	   1.3978770e-05	
   9.1300430e+03	   1.0081940e-05	
   9.1400423e+03	   6.9893020e-06	
   9.1500406e+03	   4.8145120e-06	
   9.1600399e+03	   3.3758400e-06	
   9.1700382e+03	   2.4182710e-06	
   9.1800375e+03	   1.7927540e-06	
   9.1900358e+03	   1.4330220e-06	
   9.2000351e+03	   1.2188650e-06	
   9.2100334e+03	   1.1065910e-06	
   9.2200327e+03	   1.0174770e-06	
   9.2300310e+03	   9.7396120e-07	
   9.2400303e+03	   9.2081590e-07	
   9.2500296e+03	   9.2837970e-07	
   9.2600279e+03	   9.2416290e-07	
   9.2700272e+03	   9.3274330e-07	
   9.2800255e+03	   9.3838040e-07	
   9.2900248e+03	   9.2801410e-07	
   9.3000231e+03	   9.2075820e-07	
   9.3100224e+03	   9.0650990e-07	
   9.3199921e+03	   8.8120130e-07	
   9.3300200e+03	   8.7471280e-07	
   9.3399897e+03	   8.6779160e-07	
   9.3500175e+03	   8.6069300e-07	
   9.3599873e+03	   8.5365190e-07	
   9.3700151e+03	   8.4144650e-07	
   9.3800430e+03	   8.3286930e-07	
   9.3900127e+03	   8.1995600e-07	
   9.4000406e+03	   8.0402610e-07	
   9.4100399e+03	   7.8947720e-07	
   9.4200096e+03	   7.7154360e-07	
   9.4300375e+03	   7.5273140e-07	
   9.4400358e+03	   7.3465590e-07	
   9.4500351e+03	   7.1536700e-07	
   9.4600334e+03	   7.0484650e-07	
   9.4700031e+03	   6.9676130e-07	
   9.4800310e+03	   6.8951400e-07	
   9.4900303e+03	   6.8425360e-07	
   9.5000000e+03	   6.7955350e-07	
   9.5100279e+03	   6.7538950e-07	
   9.5199976e+03	   6.6620030e-07	
   9.5300255e+03	   6.5563930e-07	
   9.5399952e+03	   6.4431440e-07	
   9.5500231e+03	   6.4093050e-07	
   9.5599928e+03	   6.3516900e-07	
   9.5700207e+03	   6.2861020e-07	
   9.5800200e+03	   6.3028520e-07	
   9.5899897e+03	   6.3667470e-07	
   9.6000175e+03	   6.5166010e-07	
   9.6100159e+03	   6.6517650e-07	
   9.6200151e+03	   6.9175580e-07	
   9.6300430e+03	   7.2055600e-07	
   9.6400127e+03	   7.5305450e-07	
   9.6500406e+03	   7.8558640e-07	
   9.6600399e+03	   8.0342640e-07	
   9.6700096e+03	   7.9446860e-07	
   9.6800375e+03	   7.7784370e-07	
   9.6900358e+03	   7.5142830e-07	
   9.7000351e+03	   7.1929120e-07	
   9.7100048e+03	   6.8271460e-07	
   9.7200327e+03	   6.4104280e-07	
   9.7300024e+03	   6.0101680e-07	
   9.7400303e+03	   5.6798470e-07	
   9.7500000e+03	   5.4348850e-07	
   9.7600279e+03	   5.2434920e-07	
   9.7699976e+03	   5.1125950e-07	
   9.7800255e+03	   4.9879920e-07	
   9.7900248e+03	   4.9066450e-07	
   9.8000231e+03	   4.8363670e-07	
   9.8100224e+03	   4.7430970e-07	
   9.8199921e+03	   4.6601350e-07	
   9.8300200e+03	   4.5175640e-07	
   9.8400183e+03	   4.3846910e-07	
   9.8500175e+03	   4.2439130e-07	
   9.8599873e+03	   4.0966970e-07	
   9.8700151e+03	   3.9288010e-07	
   9.8800144e+03	   3.8846510e-07	
   9.8900423e+03	   3.7279150e-07	
   9.9000406e+03	   3.6143270e-07	
   9.9100399e+03	   3.5237420e-07	
   9.9200096e+03	   3.4436970e-07	
   9.9300375e+03	   3.4093360e-07	
   9.9400358e+03	   3.3540520e-07	
   9.9500055e+03	   3.3257900e-07	
   9.9600334e+03	   3.3655170e-07	
   9.9700327e+03	   3.4296750e-07	
   9.9800310e+03	   3.4673320e-07	
   9.9900303e+03	   3.5725730e-07	
   1.0000000e+04	   3.6820130e-07	
