   8.0000296e+03	   2.8061530e-04	
   8.0100279e+03	   2.3990500e-04	
   8.0200272e+03	   2.3989640e-04	
   8.0300255e+03	   2.3989220e-04	
   8.0400248e+03	   2.3990560e-04	
   8.0500231e+03	   2.3989880e-04	
   8.0600224e+03	   2.3989500e-04	
   8.0700207e+03	   2.3988400e-04	
   8.0800200e+03	   2.3988890e-04	
   8.0900183e+03	   2.3988010e-04	
   8.1000175e+03	   2.3987880e-04	
   8.1100159e+03	   2.3986760e-04	
   8.1200151e+03	   2.3986870e-04	
   8.1300430e+03	   2.3986620e-04	
   8.1400423e+03	   2.3986580e-04	
   8.1500406e+03	   2.3986760e-04	
   8.1600399e+03	   2.3986790e-04	
   8.1700382e+03	   2.3986070e-04	
   8.1800375e+03	   2.3986580e-04	
   8.1900358e+03	   2.3986270e-04	
   8.2000351e+03	   2.3986210e-04	
   8.2100334e+03	   2.3985340e-04	
   8.2200327e+03	   2.3987240e-04	
   8.2300310e+03	   2.3986720e-04	
   8.2400303e+03	   2.3986340e-04	
   8.2500296e+03	   2.3986270e-04	
   8.2600279e+03	   2.3986620e-04	
   8.2700272e+03	   2.3986120e-04	
   8.2800255e+03	   2.3985730e-04	
   8.2899952e+03	   2.3986010e-04	
   8.3000526e+03	   2.3984210e-04	
   8.3100224e+03	   2.3984850e-04	
   8.3200207e+03	   2.3985230e-04	
   8.3300200e+03	   2.3984330e-04	
   8.3400183e+03	   2.3984160e-04	
   8.3500175e+03	   2.3983850e-04	
   8.3600159e+03	   2.3983090e-04	
   8.3700151e+03	   2.3982690e-04	
   8.3800430e+03	   2.3982710e-04	
   8.3900423e+03	   2.3981210e-04	
   8.4000406e+03	   2.3981380e-04	
   8.4100399e+03	   2.3980620e-04	
   8.4200382e+03	   2.3979800e-04	
   8.4300375e+03	   2.3980160e-04	
   8.4400358e+03	   2.3979140e-04	
   8.4500351e+03	   2.3977610e-04	
   8.4600630e+03	   2.3977250e-04	
   8.4700327e+03	   2.3978570e-04	
   8.4800310e+03	   2.3975790e-04	
   8.4900303e+03	   2.3976300e-04	
   8.5000296e+03	   2.3975740e-04	
   8.5100279e+03	   2.3975210e-04	
   8.5200272e+03	   2.3974060e-04	
   8.5300255e+03	   2.3974770e-04	
   8.5400248e+03	   2.3973360e-04	
   8.5500231e+03	   2.3972650e-04	
   8.5600224e+03	   2.3970220e-04	
   8.5700207e+03	   2.3968590e-04	
   8.5800200e+03	   2.3966890e-04	
   8.5900183e+03	   2.3966220e-04	
   8.6000175e+03	   2.3964280e-04	
   8.6100159e+03	   2.3963350e-04	
   8.6200151e+03	   2.3962450e-04	
   8.6300144e+03	   2.3957120e-04	
   8.6400423e+03	   2.3958920e-04	
   8.6500406e+03	   2.3957890e-04	
   8.6600399e+03	   2.3956100e-04	
   8.6700382e+03	   2.3953580e-04	
   8.6800079e+03	   2.3953760e-04	
   8.6900654e+03	   2.3951180e-04	
   8.7000055e+03	   2.3949620e-04	
   8.7100334e+03	   2.3947840e-04	
   8.7200327e+03	   2.3947200e-04	
   8.7300024e+03	   2.3945770e-04	
   8.7400303e+03	   2.3944310e-04	
   8.7500296e+03	   2.3941320e-04	
   8.7600279e+03	   2.3940300e-04	
   8.7699976e+03	   2.3938760e-04	
   8.7800255e+03	   2.3936850e-04	
   8.7900248e+03	   2.3933390e-04	
   8.7999945e+03	   2.3930220e-04	
   8.8099928e+03	   2.3925990e-04	
   8.8200207e+03	   2.3923090e-04	
   8.8300200e+03	   2.3919530e-04	
   8.8399897e+03	   2.3914590e-04	
   8.8500175e+03	   2.3907280e-04	
   8.8600159e+03	   2.3896110e-04	
   8.8699856e+03	   2.3881510e-04	
   8.8800430e+03	   2.3859650e-04	
   8.8900127e+03	   2.3825140e-04	
   8.9000406e+03	   2.3767050e-04	
   8.9100399e+03	   2.3682200e-04	
   8.9200096e+03	   2.3555310e-04	
   8.9300375e+03	   2.3359560e-04	
   8.9400358e+03	   2.3100460e-04	
   8.9500055e+03	   2.2751820e-04	
   8.9600334e+03	   2.2265920e-04	
   8.9700031e+03	   2.1640710e-04	
   8.9800310e+03	   2.0845850e-04	
   8.9900303e+03	   1.9806830e-04	
   9.0000000e+03	   1.8536520e-04	
   9.0100279e+03	   1.7033050e-04	
   9.0200272e+03	   1.5365140e-04	
   9.0300255e+03	   1.3482130e-04	
   9.0399952e+03	   1.1568210e-04	
   9.0500231e+03	   9.6295570e-05	
   9.0599928e+03	   7.8567830e-05	
   9.0700207e+03	   6.2478860e-05	
   9.0800200e+03	   4.8144820e-05	
   9.0900183e+03	   3.6661740e-05	
   9.0999880e+03	   2.7356580e-05	
   9.1100159e+03	   2.0089950e-05	
   9.1199856e+03	   1.4573960e-05	
   9.1300144e+03	   1.0391100e-05	
   9.1400423e+03	   7.2104810e-06	
   9.1500406e+03	   4.9523550e-06	
   9.1600103e+03	   3.4145330e-06	
   9.1700382e+03	   2.3840170e-06	
   9.1800079e+03	   1.7392060e-06	
   9.1900358e+03	   1.3723050e-06	
   9.2000351e+03	   1.1603650e-06	
   9.2100048e+03	   1.0605540e-06	
   9.2200327e+03	   9.2525970e-07	
   9.2300310e+03	   9.1232570e-07	
   9.2400303e+03	   8.9595560e-07	
   9.2500000e+03	   8.7065910e-07	
   9.2600279e+03	   8.7360500e-07	
   9.2700272e+03	   8.9692450e-07	
   9.2799969e+03	   8.8431800e-07	
   9.2900248e+03	   8.8182820e-07	
   9.3000231e+03	   8.7227100e-07	
   9.3100224e+03	   8.5675290e-07	
   9.3199921e+03	   8.3642790e-07	
   9.3300200e+03	   8.2629070e-07	
   9.3399897e+03	   8.2377730e-07	
   9.3500175e+03	   8.1239120e-07	
   9.3599873e+03	   8.0498030e-07	
   9.3700151e+03	   7.9736170e-07	
   9.3800430e+03	   7.8643780e-07	
   9.3900127e+03	   7.7329750e-07	
   9.4000406e+03	   7.5820340e-07	
   9.4100103e+03	   7.4260470e-07	
   9.4200382e+03	   7.2609460e-07	
   9.4300079e+03	   7.0844240e-07	
   9.4400358e+03	   6.9283150e-07	
   9.4500351e+03	   6.6823870e-07	
   9.4600334e+03	   6.6524540e-07	
   9.4700031e+03	   6.5568780e-07	
   9.4800310e+03	   6.4348530e-07	
   9.4900303e+03	   6.4390450e-07	
   9.5000296e+03	   6.3884530e-07	
   9.5099993e+03	   6.3093900e-07	
   9.5199976e+03	   6.2119850e-07	
   9.5300255e+03	   6.1232300e-07	
   9.5399952e+03	   6.0670080e-07	
   9.5500231e+03	   5.9393230e-07	
   9.5599928e+03	   5.9528780e-07	
   9.5699921e+03	   5.8913020e-07	
   9.5800200e+03	   5.9165050e-07	
   9.5899897e+03	   6.0551410e-07	
   9.6000175e+03	   6.1119530e-07	
   9.6100159e+03	   6.3227320e-07	
   9.6199856e+03	   6.5951600e-07	
   9.6300430e+03	   6.8930320e-07	
   9.6400127e+03	   7.1988370e-07	
   9.6500406e+03	   7.4723180e-07	
   9.6600399e+03	   7.6050380e-07	
   9.6700096e+03	   7.5544300e-07	
   9.6800375e+03	   7.3737130e-07	
   9.6900358e+03	   7.1584260e-07	
   9.7000351e+03	   6.7362250e-07	
   9.7100334e+03	   6.3892610e-07	
   9.7200327e+03	   5.9868930e-07	
   9.7300310e+03	   5.6114030e-07	
   9.7400303e+03	   5.2892160e-07	
   9.7500296e+03	   5.0464510e-07	
   9.7599993e+03	   4.8468050e-07	
   9.7700272e+03	   4.7317150e-07	
   9.7800255e+03	   4.6440450e-07	
   9.7900248e+03	   4.5562260e-07	
   9.8000231e+03	   4.4875170e-07	
   9.8100224e+03	   4.4121520e-07	
   9.8199921e+03	   4.3084930e-07	
   9.8300200e+03	   4.1707120e-07	
   9.8400183e+03	   4.0454600e-07	
   9.8500175e+03	   3.9115170e-07	
   9.8599873e+03	   3.7831100e-07	
   9.8700151e+03	   3.6185670e-07	
   9.8800144e+03	   3.5404960e-07	
   9.8900423e+03	   3.4102780e-07	
   9.9000120e+03	   3.3102840e-07	
   9.9100685e+03	   3.2244380e-07	
   9.9200096e+03	   3.1445190e-07	
   9.9300375e+03	   3.0994700e-07	
   9.9400358e+03	   3.0603160e-07	
   9.9500351e+03	   3.0340360e-07	
   9.9600334e+03	   3.0549220e-07	
   9.9700327e+03	   3.1269160e-07	
   9.9800024e+03	   3.1977270e-07	
   9.9900303e+03	   3.2735940e-07	
   1.0000000e+04	   3.3836080e-07	
