   8.0000296e+03	   2.7973570e-04	
   8.0100279e+03	   2.3897830e-04	
   8.0200272e+03	   2.3897360e-04	
   8.0300255e+03	   2.3895540e-04	
   8.0400248e+03	   2.3897150e-04	
   8.0500231e+03	   2.3897050e-04	
   8.0600510e+03	   2.3896200e-04	
   8.0700502e+03	   2.3895460e-04	
   8.0800200e+03	   2.3895810e-04	
   8.0900478e+03	   2.3895390e-04	
   8.1000175e+03	   2.3894820e-04	
   8.1100454e+03	   2.3894880e-04	
   8.1200151e+03	   2.3894860e-04	
   8.1300430e+03	   2.3894260e-04	
   8.1400709e+03	   2.3893600e-04	
   8.1500406e+03	   2.3893940e-04	
   8.1600685e+03	   2.3892720e-04	
   8.1700678e+03	   2.3892650e-04	
   8.1800375e+03	   2.3891810e-04	
   8.1900654e+03	   2.3892350e-04	
   8.2000351e+03	   2.3892600e-04	
   8.2100630e+03	   2.3890720e-04	
   8.2200327e+03	   2.3890610e-04	
   8.2300606e+03	   2.3890760e-04	
   8.2400599e+03	   2.3890710e-04	
   8.2500296e+03	   2.3890470e-04	
   8.2600574e+03	   2.3890400e-04	
   8.2700272e+03	   2.3890040e-04	
   8.2800255e+03	   2.3889340e-04	
   8.2900248e+03	   2.3889390e-04	
   8.3000526e+03	   2.3888500e-04	
   8.3100224e+03	   2.3888060e-04	
   8.3200207e+03	   2.3888890e-04	
   8.3300200e+03	   2.3888720e-04	
   8.3400478e+03	   2.3886760e-04	
   8.3500175e+03	   2.3887640e-04	
   8.3600159e+03	   2.3887060e-04	
   8.3700151e+03	   2.3885610e-04	
   8.3800430e+03	   2.3886740e-04	
   8.3900423e+03	   2.3885230e-04	
   8.4000702e+03	   2.3884930e-04	
   8.4100399e+03	   2.3885220e-04	
   8.4200678e+03	   2.3884280e-04	
   8.4300375e+03	   2.3885020e-04	
   8.4400358e+03	   2.3883820e-04	
   8.4500351e+03	   2.3883010e-04	
   8.4600630e+03	   2.3881740e-04	
   8.4700327e+03	   2.3881010e-04	
   8.4800310e+03	   2.3881360e-04	
   8.4900303e+03	   2.3880840e-04	
   8.5000296e+03	   2.3880120e-04	
   8.5100279e+03	   2.3879480e-04	
   8.5200272e+03	   2.3877650e-04	
   8.5300255e+03	   2.3877550e-04	
   8.5400248e+03	   2.3876620e-04	
   8.5500231e+03	   2.3876690e-04	
   8.5600224e+03	   2.3874620e-04	
   8.5700207e+03	   2.3873860e-04	
   8.5800200e+03	   2.3872340e-04	
   8.5900183e+03	   2.3872750e-04	
   8.5999880e+03	   2.3870540e-04	
   8.6100159e+03	   2.3869710e-04	
   8.6200151e+03	   2.3868620e-04	
   8.6300144e+03	   2.3867690e-04	
   8.6400423e+03	   2.3864100e-04	
   8.6500406e+03	   2.3862810e-04	
   8.6600399e+03	   2.3861910e-04	
   8.6700382e+03	   2.3860800e-04	
   8.6800079e+03	   2.3860570e-04	
   8.6900654e+03	   2.3858030e-04	
   8.7000351e+03	   2.3858190e-04	
   8.7100334e+03	   2.3856880e-04	
   8.7200327e+03	   2.3855640e-04	
   8.7300310e+03	   2.3854320e-04	
   8.7400303e+03	   2.3852020e-04	
   8.7500296e+03	   2.3851170e-04	
   8.7600279e+03	   2.3850180e-04	
   8.7699976e+03	   2.3849230e-04	
   8.7800255e+03	   2.3845680e-04	
   8.7900248e+03	   2.3842670e-04	
   8.8000231e+03	   2.3839060e-04	
   8.8100224e+03	   2.3834720e-04	
   8.8200207e+03	   2.3832580e-04	
   8.8300200e+03	   2.3827990e-04	
   8.8399897e+03	   2.3822880e-04	
   8.8500175e+03	   2.3814890e-04	
   8.8600159e+03	   2.3804810e-04	
   8.8699856e+03	   2.3790540e-04	
   8.8800430e+03	   2.3767580e-04	
   8.8900423e+03	   2.3731990e-04	
   8.9000406e+03	   2.3673960e-04	
   8.9100399e+03	   2.3585430e-04	
   8.9200382e+03	   2.3452770e-04	
   8.9300375e+03	   2.3247390e-04	
   8.9400358e+03	   2.2980630e-04	
   8.9500351e+03	   2.2601020e-04	
   8.9600334e+03	   2.2096600e-04	
   8.9700327e+03	   2.1436500e-04	
   8.9800310e+03	   2.0573410e-04	
   8.9900303e+03	   1.9437780e-04	
   9.0000296e+03	   1.8094480e-04	
   9.0100279e+03	   1.6534900e-04	
   9.0200558e+03	   1.4756200e-04	
   9.0300255e+03	   1.2873110e-04	
   9.0400248e+03	   1.0937230e-04	
   9.0500526e+03	   8.9866010e-05	
   9.0600224e+03	   7.2411380e-05	
   9.0700207e+03	   5.6824970e-05	
   9.0799904e+03	   4.3542900e-05	
   9.0900183e+03	   3.2878760e-05	
   9.1000175e+03	   2.4542300e-05	
   9.1100159e+03	   1.7969490e-05	
   9.1200151e+03	   1.3055580e-05	
   9.1300144e+03	   9.2660160e-06	
   9.1400423e+03	   6.3337180e-06	
   9.1500406e+03	   4.4141740e-06	
   9.1600399e+03	   3.0717120e-06	
   9.1700382e+03	   2.1782470e-06	
   9.1800079e+03	   1.6189640e-06	
   9.1900358e+03	   1.2904040e-06	
   9.2000351e+03	   1.1249560e-06	
   9.2100048e+03	   9.9904700e-07	
   9.2200327e+03	   8.9803900e-07	
   9.2300310e+03	   8.4793230e-07	
   9.2400303e+03	   8.2799390e-07	
   9.2500000e+03	   8.3397410e-07	
   9.2600279e+03	   8.3196720e-07	
   9.2700272e+03	   8.4160100e-07	
   9.2800255e+03	   8.4567850e-07	
   9.2900248e+03	   8.4768660e-07	
   9.3000231e+03	   8.3155440e-07	
   9.3100224e+03	   8.1979090e-07	
   9.3200207e+03	   8.0549230e-07	
   9.3300200e+03	   7.8832810e-07	
   9.3399897e+03	   7.8159340e-07	
   9.3500175e+03	   7.7714850e-07	
   9.3599873e+03	   7.7029610e-07	
   9.3700151e+03	   7.6190300e-07	
   9.3800430e+03	   7.5262510e-07	
   9.3900127e+03	   7.4032980e-07	
   9.4000406e+03	   7.2552400e-07	
   9.4100399e+03	   7.1014450e-07	
   9.4200096e+03	   6.9238010e-07	
   9.4300375e+03	   6.7610220e-07	
   9.4400358e+03	   6.5660570e-07	
   9.4500351e+03	   6.4073920e-07	
   9.4600334e+03	   6.2211760e-07	
   9.4700031e+03	   6.1902640e-07	
   9.4800310e+03	   6.1160550e-07	
   9.4900303e+03	   6.0539430e-07	
   9.5000000e+03	   5.9970460e-07	
   9.5100279e+03	   5.9738900e-07	
   9.5199976e+03	   5.8912290e-07	
   9.5300255e+03	   5.8020980e-07	
   9.5399952e+03	   5.7361890e-07	
   9.5500231e+03	   5.6801940e-07	
   9.5599928e+03	   5.6334730e-07	
   9.5700207e+03	   5.5944510e-07	
   9.5800200e+03	   5.5832460e-07	
   9.5899897e+03	   5.6774410e-07	
   9.6000175e+03	   5.7723400e-07	
   9.6100159e+03	   5.9706170e-07	
   9.6199856e+03	   6.1912580e-07	
   9.6300430e+03	   6.5286290e-07	
   9.6400127e+03	   6.8664370e-07	
   9.6500406e+03	   7.1364560e-07	
   9.6600399e+03	   7.3055370e-07	
   9.6700096e+03	   7.3354180e-07	
   9.6800375e+03	   7.1139980e-07	
   9.6900072e+03	   6.8465120e-07	
   9.7000351e+03	   6.5216660e-07	
   9.7100334e+03	   6.1573550e-07	
   9.7200327e+03	   5.7967460e-07	
   9.7300024e+03	   5.4244880e-07	
   9.7400303e+03	   5.0816820e-07	
   9.7500000e+03	   4.8337830e-07	
   9.7599993e+03	   4.6244300e-07	
   9.7700272e+03	   4.4869920e-07	
   9.7799969e+03	   4.3746310e-07	
   9.7900248e+03	   4.2885250e-07	
   9.7999945e+03	   4.2383130e-07	
   9.8100224e+03	   4.1647280e-07	
   9.8199921e+03	   4.0566040e-07	
   9.8300200e+03	   3.9245260e-07	
   9.8399897e+03	   3.7948440e-07	
   9.8500175e+03	   3.6608170e-07	
   9.8599873e+03	   3.5054300e-07	
   9.8700151e+03	   3.4106100e-07	
   9.8800144e+03	   3.2771240e-07	
   9.8900423e+03	   3.1651910e-07	
   9.9000406e+03	   3.0508010e-07	
   9.9100399e+03	   2.9633610e-07	
   9.9200382e+03	   2.9025840e-07	
   9.9300375e+03	   2.8637200e-07	
   9.9400358e+03	   2.8384030e-07	
   9.9500351e+03	   2.8300590e-07	
   9.9600048e+03	   2.8728900e-07	
   9.9700327e+03	   2.9234260e-07	
   9.9800024e+03	   2.9874460e-07	
   9.9900303e+03	   3.0997310e-07	
   1.0000000e+04	   3.2128320e-07	
