   8.0000296e+03	   2.7972510e-04	
   8.0100279e+03	   2.3885510e-04	
   8.0200558e+03	   2.3885130e-04	
   8.0300550e+03	   2.3885830e-04	
   8.0400248e+03	   2.3886820e-04	
   8.0500526e+03	   2.3887040e-04	
   8.0600224e+03	   2.3886990e-04	
   8.0700502e+03	   2.3887540e-04	
   8.0800200e+03	   2.3887560e-04	
   8.0900478e+03	   2.3888560e-04	
   8.1000175e+03	   2.3889510e-04	
   8.1100454e+03	   2.3888240e-04	
   8.1200151e+03	   2.3889370e-04	
   8.1300430e+03	   2.3890390e-04	
   8.1400709e+03	   2.3889270e-04	
   8.1500406e+03	   2.3890310e-04	
   8.1600685e+03	   2.3890940e-04	
   8.1700382e+03	   2.3891060e-04	
   8.1800375e+03	   2.3891240e-04	
   8.1900358e+03	   2.3890910e-04	
   8.2000351e+03	   2.3891580e-04	
   8.2100334e+03	   2.3892080e-04	
   8.2200327e+03	   2.3892290e-04	
   8.2300310e+03	   2.3892460e-04	
   8.2400599e+03	   2.3892140e-04	
   8.2500296e+03	   2.3893420e-04	
   8.2600279e+03	   2.3895000e-04	
   8.2700272e+03	   2.3895400e-04	
   8.2800255e+03	   2.3895180e-04	
   8.2900248e+03	   2.3895150e-04	
   8.3000526e+03	   2.3895650e-04	
   8.3100224e+03	   2.3895980e-04	
   8.3200502e+03	   2.3896200e-04	
   8.3300200e+03	   2.3897340e-04	
   8.3400478e+03	   2.3896980e-04	
   8.3500175e+03	   2.3897940e-04	
   8.3600159e+03	   2.3898980e-04	
   8.3700151e+03	   2.3899470e-04	
   8.3800726e+03	   2.3899560e-04	
   8.3900423e+03	   2.3899810e-04	
   8.4000406e+03	   2.3900020e-04	
   8.4100399e+03	   2.3901070e-04	
   8.4200382e+03	   2.3902570e-04	
   8.4300375e+03	   2.3902480e-04	
   8.4400358e+03	   2.3901830e-04	
   8.4500351e+03	   2.3902630e-04	
   8.4600334e+03	   2.3902500e-04	
   8.4700327e+03	   2.3903270e-04	
   8.4800310e+03	   2.3903960e-04	
   8.4900303e+03	   2.3904700e-04	
   8.5000296e+03	   2.3904480e-04	
   8.5100279e+03	   2.3904790e-04	
   8.5200272e+03	   2.3905600e-04	
   8.5300255e+03	   2.3905590e-04	
   8.5400248e+03	   2.3907720e-04	
   8.5500231e+03	   2.3907730e-04	
   8.5600224e+03	   2.3907340e-04	
   8.5700207e+03	   2.3906840e-04	
   8.5800200e+03	   2.3907230e-04	
   8.5900183e+03	   2.3908950e-04	
   8.6000175e+03	   2.3907960e-04	
   8.6099873e+03	   2.3909440e-04	
   8.6200151e+03	   2.3907470e-04	
   8.6300144e+03	   2.3908950e-04	
   8.6400423e+03	   2.3908730e-04	
   8.6500120e+03	   2.3908840e-04	
   8.6600399e+03	   2.3908280e-04	
   8.6700382e+03	   2.3908640e-04	
   8.6800079e+03	   2.3909510e-04	
   8.6900358e+03	   2.3908800e-04	
   8.7000351e+03	   2.3907770e-04	
   8.7100334e+03	   2.3907670e-04	
   8.7200327e+03	   2.3908170e-04	
   8.7300310e+03	   2.3906360e-04	
   8.7400303e+03	   2.3906730e-04	
   8.7500296e+03	   2.3905570e-04	
   8.7600279e+03	   2.3905130e-04	
   8.7700272e+03	   2.3904750e-04	
   8.7800255e+03	   2.3902850e-04	
   8.7900248e+03	   2.3900840e-04	
   8.8000231e+03	   2.3897800e-04	
   8.8100224e+03	   2.3895090e-04	
   8.8200207e+03	   2.3892980e-04	
   8.8300200e+03	   2.3888180e-04	
   8.8400183e+03	   2.3884070e-04	
   8.8500175e+03	   2.3877090e-04	
   8.8600159e+03	   2.3867790e-04	
   8.8700151e+03	   2.3853230e-04	
   8.8800430e+03	   2.3831070e-04	
   8.8900423e+03	   2.3798000e-04	
   8.9000406e+03	   2.3740520e-04	
   8.9100685e+03	   2.3652990e-04	
   8.9200382e+03	   2.3519260e-04	
   8.9300375e+03	   2.3313310e-04	
   8.9400358e+03	   2.3032260e-04	
   8.9500351e+03	   2.2643660e-04	
   8.9600334e+03	   2.2116100e-04	
   8.9700327e+03	   2.1413910e-04	
   8.9800310e+03	   2.0512750e-04	
   8.9900303e+03	   1.9326030e-04	
   9.0000296e+03	   1.7904100e-04	
   9.0100279e+03	   1.6264200e-04	
   9.0200272e+03	   1.4434210e-04	
   9.0300255e+03	   1.2465110e-04	
   9.0399952e+03	   1.0514310e-04	
   9.0500526e+03	   8.6151760e-05	
   9.0599928e+03	   6.8904720e-05	
   9.0700207e+03	   5.3680790e-05	
   9.0799904e+03	   4.1504340e-05	
   9.0900183e+03	   3.1010600e-05	
   9.0999880e+03	   2.3283090e-05	
   9.1100159e+03	   1.6850210e-05	
   9.1200151e+03	   1.2122200e-05	
   9.1300144e+03	   8.5932710e-06	
   9.1400423e+03	   5.8798510e-06	
   9.1500120e+03	   4.0350340e-06	
   9.1600399e+03	   2.7656410e-06	
   9.1700096e+03	   1.9424770e-06	
   9.1800079e+03	   1.4275880e-06	
   9.1900358e+03	   1.1396090e-06	
   9.2000055e+03	   9.1779170e-07	
   9.2100048e+03	   7.9452210e-07	
   9.2200327e+03	   7.2856810e-07	
   9.2300310e+03	   6.8188170e-07	
   9.2400303e+03	   6.5128800e-07	
   9.2500296e+03	   6.6395750e-07	
   9.2600279e+03	   6.6197820e-07	
   9.2700272e+03	   6.6515940e-07	
   9.2799969e+03	   6.6673430e-07	
   9.2900248e+03	   6.7572620e-07	
   9.2999945e+03	   6.6272530e-07	
   9.3100224e+03	   6.5345790e-07	
   9.3200207e+03	   6.3553090e-07	
   9.3300200e+03	   6.2946770e-07	
   9.3400183e+03	   6.2044520e-07	
   9.3500175e+03	   6.1725460e-07	
   9.3600159e+03	   6.1116110e-07	
   9.3700151e+03	   6.0365060e-07	
   9.3800430e+03	   5.9707920e-07	
   9.3900127e+03	   5.8633080e-07	
   9.4000406e+03	   5.7298220e-07	
   9.4100103e+03	   5.5732410e-07	
   9.4200096e+03	   5.4396430e-07	
   9.4300375e+03	   5.2397050e-07	
   9.4400358e+03	   5.0985860e-07	
   9.4500055e+03	   4.9228990e-07	
   9.4600334e+03	   4.8877740e-07	
   9.4700031e+03	   4.7626420e-07	
   9.4800310e+03	   4.7330740e-07	
   9.4900303e+03	   4.7134560e-07	
   9.5000000e+03	   4.7120260e-07	
   9.5100279e+03	   4.6841770e-07	
   9.5199976e+03	   4.5864610e-07	
   9.5300255e+03	   4.5048990e-07	
   9.5399952e+03	   4.4246570e-07	
   9.5500231e+03	   4.3749120e-07	
   9.5599928e+03	   4.3172300e-07	
   9.5700207e+03	   4.3019860e-07	
   9.5799904e+03	   4.3188530e-07	
   9.5900183e+03	   4.4142550e-07	
   9.6000175e+03	   4.5495190e-07	
   9.6100159e+03	   4.7006670e-07	
   9.6199856e+03	   4.9315620e-07	
   9.6300144e+03	   5.2434360e-07	
   9.6400423e+03	   5.5570140e-07	
   9.6500120e+03	   5.8496610e-07	
   9.6600399e+03	   6.0388240e-07	
   9.6700096e+03	   6.0449490e-07	
   9.6800375e+03	   5.8949730e-07	
   9.6900072e+03	   5.6951770e-07	
   9.7000351e+03	   5.3561900e-07	
   9.7100334e+03	   5.0096860e-07	
   9.7200327e+03	   4.6913900e-07	
   9.7300024e+03	   4.3178570e-07	
   9.7400303e+03	   4.0109430e-07	
   9.7500296e+03	   3.7749660e-07	
   9.7599993e+03	   3.6028410e-07	
   9.7700272e+03	   3.4879060e-07	
   9.7800255e+03	   3.3880020e-07	
   9.7900248e+03	   3.3485700e-07	
   9.8000231e+03	   3.2677660e-07	
   9.8099928e+03	   3.1943920e-07	
   9.8200207e+03	   3.1602660e-07	
   9.8299904e+03	   3.0393670e-07	
   9.8400183e+03	   2.9285180e-07	
   9.8500175e+03	   2.8057150e-07	
   9.8599873e+03	   2.6760820e-07	
   9.8700151e+03	   2.5652950e-07	
   9.8800144e+03	   2.4736850e-07	
   9.8900127e+03	   2.3908930e-07	
   9.9000406e+03	   2.3103220e-07	
   9.9100399e+03	   2.2387220e-07	
   9.9200096e+03	   2.1993120e-07	
   9.9300375e+03	   2.1730160e-07	
   9.9400072e+03	   2.1795220e-07	
   9.9500351e+03	   2.2134940e-07	
   9.9600048e+03	   2.2493770e-07	
   9.9700327e+03	   2.3452470e-07	
   9.9800024e+03	   2.4258540e-07	
   9.9900599e+03	   2.5395910e-07	
   1.0000000e+04	   2.6597400e-07	
