   8.0000296e+03	   2.8034360e-04	
   8.0100279e+03	   2.3956150e-04	
   8.0200272e+03	   2.3953230e-04	
   8.0300255e+03	   2.3953550e-04	
   8.0400248e+03	   2.3952300e-04	
   8.0500231e+03	   2.3950190e-04	
   8.0600224e+03	   2.3947200e-04	
   8.0700502e+03	   2.3944560e-04	
   8.0800200e+03	   2.3945070e-04	
   8.0900478e+03	   2.3941160e-04	
   8.1000175e+03	   2.3937850e-04	
   8.1100454e+03	   2.3932580e-04	
   8.1200151e+03	   2.3928000e-04	
   8.1300430e+03	   2.3923940e-04	
   8.1400709e+03	   2.3917850e-04	
   8.1500406e+03	   2.3911310e-04	
   8.1600399e+03	   2.3905430e-04	
   8.1700382e+03	   2.3896580e-04	
   8.1800375e+03	   2.3887100e-04	
   8.1900358e+03	   2.3875810e-04	
   8.2000351e+03	   2.3863530e-04	
   8.2100334e+03	   2.3849640e-04	
   8.2200327e+03	   2.3835470e-04	
   8.2300310e+03	   2.3817260e-04	
   8.2400303e+03	   2.3796620e-04	
   8.2500296e+03	   2.3775250e-04	
   8.2600279e+03	   2.3749000e-04	
   8.2700272e+03	   2.3721520e-04	
   8.2800255e+03	   2.3687380e-04	
   8.2900248e+03	   2.3653500e-04	
   8.3000526e+03	   2.3614210e-04	
   8.3100224e+03	   2.3569650e-04	
   8.3200207e+03	   2.3518760e-04	
   8.3300200e+03	   2.3465710e-04	
   8.3400478e+03	   2.3402740e-04	
   8.3500175e+03	   2.3337310e-04	
   8.3600159e+03	   2.3260480e-04	
   8.3700447e+03	   2.3177440e-04	
   8.3800726e+03	   2.3086880e-04	
   8.3900423e+03	   2.2986740e-04	
   8.4000702e+03	   2.2879150e-04	
   8.4100685e+03	   2.2761910e-04	
   8.4200382e+03	   2.2635020e-04	
   8.4300375e+03	   2.2496500e-04	
   8.4400654e+03	   2.2345770e-04	
   8.4500351e+03	   2.2185340e-04	
   8.4600630e+03	   2.2020210e-04	
   8.4700327e+03	   2.1836880e-04	
   8.4800606e+03	   2.1635990e-04	
   8.4900303e+03	   2.1420910e-04	
   8.5000296e+03	   2.1193450e-04	
   8.5100279e+03	   2.0949740e-04	
   8.5200272e+03	   2.0693640e-04	
   8.5300255e+03	   2.0423530e-04	
   8.5400248e+03	   2.0142040e-04	
   8.5500231e+03	   1.9848640e-04	
   8.5600224e+03	   1.9550840e-04	
   8.5700207e+03	   1.9240520e-04	
   8.5800200e+03	   1.8919570e-04	
   8.5900183e+03	   1.8582240e-04	
   8.5999880e+03	   1.8233460e-04	
   8.6100159e+03	   1.7882050e-04	
   8.6200151e+03	   1.7496570e-04	
   8.6300144e+03	   1.7117490e-04	
   8.6400423e+03	   1.6735000e-04	
   8.6500406e+03	   1.6331580e-04	
   8.6600399e+03	   1.5898090e-04	
   8.6700382e+03	   1.5487650e-04	
   8.6800079e+03	   1.5059070e-04	
   8.6900358e+03	   1.4612430e-04	
   8.7000351e+03	   1.4181030e-04	
   8.7100048e+03	   1.3732160e-04	
   8.7200327e+03	   1.3282780e-04	
   8.7300310e+03	   1.2811990e-04	
   8.7400007e+03	   1.2328230e-04	
   8.7500296e+03	   1.1874500e-04	
   8.7599993e+03	   1.1417700e-04	
   8.7700272e+03	   1.0974780e-04	
   8.7799969e+03	   1.0528820e-04	
   8.7900248e+03	   1.0081200e-04	
   8.8000231e+03	   9.6520590e-05	
   8.8100224e+03	   9.2114490e-05	
   8.8199921e+03	   8.7947240e-05	
   8.8300200e+03	   8.3901710e-05	
   8.8400183e+03	   8.0031740e-05	
   8.8500175e+03	   7.5971230e-05	
   8.8600159e+03	   7.1936850e-05	
   8.8700151e+03	   6.8006880e-05	
   8.8800430e+03	   6.4080060e-05	
   8.8900423e+03	   6.0383770e-05	
   8.9000406e+03	   5.6693150e-05	
   8.9100685e+03	   5.3288920e-05	
   8.9200382e+03	   4.9897290e-05	
   8.9300375e+03	   4.6494880e-05	
   8.9400358e+03	   4.3346480e-05	
   8.9500351e+03	   4.0309620e-05	
   8.9600334e+03	   3.7361850e-05	
   8.9700327e+03	   3.4691480e-05	
   8.9800310e+03	   3.2151100e-05	
   8.9900303e+03	   2.9654510e-05	
   9.0000296e+03	   2.7207920e-05	
   9.0100279e+03	   2.5113030e-05	
   9.0200272e+03	   2.3081480e-05	
   9.0300255e+03	   2.1089270e-05	
   9.0399952e+03	   1.9352400e-05	
   9.0500526e+03	   1.7539600e-05	
   9.0600224e+03	   1.6029680e-05	
   9.0700207e+03	   1.4521670e-05	
   9.0800200e+03	   1.3105840e-05	
   9.0900183e+03	   1.1905710e-05	
   9.1000175e+03	   1.0713360e-05	
   9.1099873e+03	   9.6564030e-06	
   9.1200447e+03	   8.6487060e-06	
   9.1300144e+03	   7.7808710e-06	
   9.1400423e+03	   6.9166390e-06	
   9.1500406e+03	   6.2131690e-06	
   9.1600103e+03	   5.5903270e-06	
   9.1700382e+03	   4.9767120e-06	
   9.1800079e+03	   4.4398930e-06	
   9.1900654e+03	   3.9508390e-06	
   9.2000055e+03	   3.5288180e-06	
   9.2100334e+03	   3.1440260e-06	
   9.2200327e+03	   2.8063040e-06	
   9.2300310e+03	   2.5034400e-06	
   9.2400303e+03	   2.2315990e-06	
   9.2500296e+03	   2.0253350e-06	
   9.2600279e+03	   1.8186520e-06	
   9.2700272e+03	   1.6382820e-06	
   9.2800255e+03	   1.4807500e-06	
   9.2900248e+03	   1.3408450e-06	
   9.3000231e+03	   1.2272870e-06	
   9.3100224e+03	   1.1166490e-06	
   9.3200207e+03	   1.0260420e-06	
   9.3300200e+03	   9.4493990e-07	
   9.3400183e+03	   8.7232090e-07	
   9.3500175e+03	   8.1106250e-07	
   9.3600159e+03	   7.5085440e-07	
   9.3700151e+03	   7.0158100e-07	
   9.3800430e+03	   6.6077450e-07	
   9.3900423e+03	   6.2362290e-07	
   9.4000406e+03	   5.8863690e-07	
   9.4100399e+03	   5.5120860e-07	
   9.4200382e+03	   5.2201950e-07	
   9.4300375e+03	   4.9761140e-07	
   9.4400358e+03	   4.7525440e-07	
   9.4500351e+03	   4.5286110e-07	
   9.4600334e+03	   4.3676420e-07	
   9.4700327e+03	   4.1937920e-07	
   9.4800310e+03	   4.0569770e-07	
   9.4900303e+03	   3.8945030e-07	
   9.5000000e+03	   3.7976950e-07	
   9.5100279e+03	   3.6822810e-07	
   9.5199976e+03	   3.5676120e-07	
   9.5300255e+03	   3.4856250e-07	
   9.5400248e+03	   3.3940010e-07	
   9.5499945e+03	   3.3221560e-07	
   9.5600224e+03	   3.2478820e-07	
   9.5700207e+03	   3.1809740e-07	
   9.5800200e+03	   3.1226960e-07	
   9.5899897e+03	   3.0635210e-07	
   9.6000175e+03	   3.0089980e-07	
   9.6100159e+03	   2.9548640e-07	
   9.6200151e+03	   2.9068850e-07	
   9.6300144e+03	   2.8560580e-07	
   9.6400423e+03	   2.8184940e-07	
   9.6500120e+03	   2.7704900e-07	
   9.6600399e+03	   2.7280510e-07	
   9.6700096e+03	   2.6871160e-07	
   9.6800375e+03	   2.6399830e-07	
   9.6900072e+03	   2.6008600e-07	
   9.7000055e+03	   2.5550580e-07	
   9.7100334e+03	   2.5203300e-07	
   9.7200327e+03	   2.4820950e-07	
   9.7300024e+03	   2.4370780e-07	
   9.7400303e+03	   2.4034190e-07	
   9.7500296e+03	   2.3698920e-07	
   9.7599993e+03	   2.3291420e-07	
   9.7700272e+03	   2.3021960e-07	
   9.7800255e+03	   2.2641000e-07	
   9.7900248e+03	   2.2291090e-07	
   9.8000231e+03	   2.1955220e-07	
   9.8099928e+03	   2.1669780e-07	
   9.8200207e+03	   2.1350080e-07	
   9.8299904e+03	   2.1042380e-07	
   9.8400183e+03	   2.0695810e-07	
   9.8500175e+03	   2.0369110e-07	
   9.8599873e+03	   2.0129810e-07	
   9.8700151e+03	   1.9809320e-07	
   9.8800144e+03	   1.9493860e-07	
   9.8900423e+03	   1.9218820e-07	
   9.9000406e+03	   1.8918920e-07	
   9.9100399e+03	   1.8615100e-07	
   9.9200096e+03	   1.8314690e-07	
   9.9300375e+03	   1.8046840e-07	
   9.9400072e+03	   1.7710180e-07	
   9.9500351e+03	   1.7326710e-07	
   9.9600048e+03	   1.7087460e-07	
   9.9700327e+03	   1.6851590e-07	
   9.9800024e+03	   1.6451550e-07	
   9.9900303e+03	   1.6166750e-07	
   1.0000000e+04	   1.5854350e-07	
