   8.0000000e+03	   2.3476140e-04	
   8.0099993e+03	   2.3428130e-04	
   8.0200558e+03	   2.3383030e-04	
   8.0300550e+03	   2.3330550e-04	
   8.0400248e+03	   2.3284520e-04	
   8.0500526e+03	   2.3224080e-04	
   8.0600224e+03	   2.3169360e-04	
   8.0700502e+03	   2.3108520e-04	
   8.0800200e+03	   2.3044890e-04	
   8.0900478e+03	   2.2980060e-04	
   8.1000175e+03	   2.2918500e-04	
   8.1100159e+03	   2.2841230e-04	
   8.1200151e+03	   2.2762260e-04	
   8.1300430e+03	   2.2686450e-04	
   8.1400423e+03	   2.2599540e-04	
   8.1500406e+03	   2.2512760e-04	
   8.1600399e+03	   2.2418870e-04	
   8.1700382e+03	   2.2311370e-04	
   8.1800079e+03	   2.2209130e-04	
   8.1900358e+03	   2.2096800e-04	
   8.2000055e+03	   2.1983820e-04	
   8.2100334e+03	   2.1857350e-04	
   8.2200327e+03	   2.1726250e-04	
   8.2300310e+03	   2.1580220e-04	
   8.2400303e+03	   2.1442870e-04	
   8.2500000e+03	   2.1290070e-04	
   8.2600279e+03	   2.1142700e-04	
   8.2700272e+03	   2.0978160e-04	
   8.2800255e+03	   2.0811390e-04	
   8.2900248e+03	   2.0641020e-04	
   8.3000231e+03	   2.0458470e-04	
   8.3100224e+03	   2.0278610e-04	
   8.3200207e+03	   2.0075430e-04	
   8.3300200e+03	   1.9870400e-04	
   8.3400183e+03	   1.9664960e-04	
   8.3500175e+03	   1.9465360e-04	
   8.3600159e+03	   1.9245730e-04	
   8.3700151e+03	   1.9015740e-04	
   8.3800430e+03	   1.8791580e-04	
   8.3900423e+03	   1.8565710e-04	
   8.4000406e+03	   1.8320680e-04	
   8.4100399e+03	   1.8064050e-04	
   8.4200382e+03	   1.7833750e-04	
   8.4300375e+03	   1.7573330e-04	
   8.4400358e+03	   1.7317360e-04	
   8.4500637e+03	   1.7045510e-04	
   8.4600334e+03	   1.6785260e-04	
   8.4700327e+03	   1.6506010e-04	
   8.4800310e+03	   1.6247910e-04	
   8.4900599e+03	   1.5952110e-04	
   8.5000296e+03	   1.5658490e-04	
   8.5100279e+03	   1.5349920e-04	
   8.5200272e+03	   1.5051220e-04	
   8.5300255e+03	   1.4729920e-04	
   8.5400248e+03	   1.4398530e-04	
   8.5500231e+03	   1.4060560e-04	
   8.5600224e+03	   1.3840790e-04	
   8.5700207e+03	   1.3474500e-04	
   8.5800200e+03	   1.3136490e-04	
   8.5900183e+03	   1.2808150e-04	
   8.6000175e+03	   1.2514060e-04	
   8.6099873e+03	   1.2184790e-04	
   8.6200151e+03	   1.1878880e-04	
   8.6300144e+03	   1.1566380e-04	
   8.6400423e+03	   1.1244240e-04	
   8.6500406e+03	   1.0913490e-04	
   8.6600399e+03	   1.0557430e-04	
   8.6700382e+03	   1.0264460e-04	
   8.6800079e+03	   9.9648560e-05	
   8.6900358e+03	   9.6513540e-05	
   8.7000351e+03	   9.3319890e-05	
   8.7100048e+03	   9.0061720e-05	
   8.7200327e+03	   8.7027830e-05	
   8.7300310e+03	   8.4158880e-05	
   8.7400303e+03	   8.1205250e-05	
   8.7500000e+03	   7.8482010e-05	
   8.7600279e+03	   7.5719440e-05	
   8.7699976e+03	   7.3080350e-05	
   8.7800255e+03	   7.0200680e-05	
   8.7900248e+03	   6.7614590e-05	
   8.8000231e+03	   6.4974350e-05	
   8.8100224e+03	   6.2467300e-05	
   8.8200207e+03	   6.0179380e-05	
   8.8300200e+03	   5.7430060e-05	
   8.8400183e+03	   5.5018340e-05	
   8.8500175e+03	   5.2726630e-05	
   8.8600159e+03	   5.0410530e-05	
   8.8699856e+03	   4.8216670e-05	
   8.8800430e+03	   4.5975960e-05	
   8.8900423e+03	   4.3846460e-05	
   8.9000406e+03	   4.1782470e-05	
   8.9100685e+03	   3.9756540e-05	
   8.9200096e+03	   3.7812450e-05	
   8.9300375e+03	   3.5821870e-05	
   8.9400358e+03	   3.3957850e-05	
   8.9500055e+03	   3.2204530e-05	
   8.9600334e+03	   3.0508050e-05	
   8.9700031e+03	   2.8962040e-05	
   8.9800310e+03	   2.7476940e-05	
   8.9900303e+03	   2.6025290e-05	
   9.0000000e+03	   2.4587810e-05	
   9.0100279e+03	   2.3111350e-05	
   9.0200272e+03	   2.1675840e-05	
   9.0300255e+03	   2.0543820e-05	
   9.0399952e+03	   1.9317330e-05	
   9.0500231e+03	   1.8078220e-05	
   9.0599928e+03	   1.7008300e-05	
   9.0700207e+03	   1.5979470e-05	
   9.0799904e+03	   1.4963800e-05	
   9.0900183e+03	   1.4034450e-05	
   9.0999880e+03	   1.3119380e-05	
   9.1100159e+03	   1.2251270e-05	
   9.1200151e+03	   1.1476020e-05	
   9.1300144e+03	   1.0762340e-05	
   9.1400423e+03	   1.0035140e-05	
   9.1500406e+03	   9.3266450e-06	
   9.1600103e+03	   8.6935080e-06	
   9.1700382e+03	   8.1040440e-06	
   9.1800079e+03	   7.5185290e-06	
   9.1900358e+03	   7.0092620e-06	
   9.2000055e+03	   6.5215010e-06	
   9.2100048e+03	   6.0405190e-06	
   9.2200031e+03	   5.6216370e-06	
   9.2300310e+03	   5.2203950e-06	
   9.2400303e+03	   4.8146040e-06	
   9.2500000e+03	   4.4595230e-06	
   9.2600279e+03	   4.1694290e-06	
   9.2700272e+03	   3.8352430e-06	
   9.2800255e+03	   3.5535390e-06	
   9.2900248e+03	   3.3002710e-06	
   9.3000231e+03	   3.0623900e-06	
   9.3100224e+03	   2.8543530e-06	
   9.3200207e+03	   2.6713130e-06	
   9.3299904e+03	   2.4879260e-06	
   9.3400183e+03	   2.3261360e-06	
   9.3500175e+03	   2.1639410e-06	
   9.3599873e+03	   2.0130960e-06	
   9.3700151e+03	   1.8902650e-06	
   9.3800144e+03	   1.7672150e-06	
   9.3900423e+03	   1.6455450e-06	
   9.4000406e+03	   1.5471220e-06	
   9.4100103e+03	   1.4444440e-06	
   9.4200382e+03	   1.3501290e-06	
   9.4300079e+03	   1.2659740e-06	
   9.4400358e+03	   1.1958110e-06	
   9.4500055e+03	   1.1217600e-06	
   9.4600334e+03	   1.0566400e-06	
   9.4700031e+03	   9.9737160e-07	
   9.4800310e+03	   9.3903160e-07	
   9.4900303e+03	   8.9193230e-07	
   9.5000000e+03	   8.4589380e-07	
   9.5100279e+03	   8.0293150e-07	
   9.5199976e+03	   7.5980380e-07	
   9.5300255e+03	   7.2236650e-07	
   9.5399952e+03	   6.8442760e-07	
   9.5500231e+03	   6.5087390e-07	
   9.5599928e+03	   6.1682490e-07	
   9.5700207e+03	   5.9168910e-07	
   9.5799904e+03	   5.6083760e-07	
   9.5900183e+03	   5.3839490e-07	
   9.5999880e+03	   5.1698210e-07	
   9.6100159e+03	   4.9293500e-07	
   9.6200151e+03	   4.7425280e-07	
   9.6300144e+03	   4.5532880e-07	
   9.6400423e+03	   4.3844440e-07	
   9.6500120e+03	   4.2243400e-07	
   9.6600399e+03	   4.0764250e-07	
   9.6700096e+03	   3.9381740e-07	
   9.6800375e+03	   3.8080490e-07	
   9.6900072e+03	   3.6969280e-07	
   9.7000351e+03	   3.5923910e-07	
   9.7100334e+03	   3.4809340e-07	
   9.7200031e+03	   3.3806460e-07	
   9.7300310e+03	   3.2950830e-07	
   9.7400303e+03	   3.2238700e-07	
   9.7500296e+03	   3.1591320e-07	
   9.7599993e+03	   3.0848700e-07	
   9.7700272e+03	   3.0156380e-07	
   9.7799969e+03	   2.9606790e-07	
   9.7900248e+03	   2.8989790e-07	
   9.7999945e+03	   2.8394920e-07	
   9.8100224e+03	   2.7961390e-07	
   9.8199921e+03	   2.7640820e-07	
   9.8300200e+03	   2.7193990e-07	
   9.8399897e+03	   2.6718980e-07	
   9.8500175e+03	   2.6383300e-07	
   9.8599577e+03	   2.5985660e-07	
   9.8700447e+03	   2.5581990e-07	
   9.8800144e+03	   2.5182910e-07	
   9.8900127e+03	   2.4887420e-07	
   9.9000406e+03	   2.4539190e-07	
   9.9100399e+03	   2.4168040e-07	
   9.9200096e+03	   2.3847100e-07	
   9.9300375e+03	   2.3550650e-07	
   9.9400072e+03	   2.3239320e-07	
   9.9500351e+03	   2.2905180e-07	
   9.9600048e+03	   2.2614000e-07	
   9.9700327e+03	   2.2406260e-07	
   9.9800024e+03	   2.2023100e-07	
   9.9900303e+03	   2.1764220e-07	
   1.0000000e+04	   2.1506760e-07	
