   8.0000000e+03	   2.5178040e-04	
   8.0099993e+03	   2.5179770e-04	
   8.0200272e+03	   2.5171350e-04	
   8.0300255e+03	   2.5168020e-04	
   8.0400248e+03	   2.5168350e-04	
   8.0500231e+03	   2.5160760e-04	
   8.0600224e+03	   2.5165560e-04	
   8.0700207e+03	   2.5164440e-04	
   8.0800200e+03	   2.5167200e-04	
   8.0900478e+03	   2.5169070e-04	
   8.0999880e+03	   2.5170040e-04	
   8.1100454e+03	   2.5170520e-04	
   8.1200151e+03	   2.5167440e-04	
   8.1300430e+03	   2.5160420e-04	
   8.1400423e+03	   2.5155900e-04	
   8.1500406e+03	   2.5150370e-04	
   8.1600399e+03	   2.5141230e-04	
   8.1700382e+03	   2.5129980e-04	
   8.1800375e+03	   2.5117280e-04	
   8.1900358e+03	   2.5101630e-04	
   8.2000351e+03	   2.5084780e-04	
   8.2100334e+03	   2.5065440e-04	
   8.2200327e+03	   2.5043260e-04	
   8.2300606e+03	   2.5013810e-04	
   8.2400303e+03	   2.4982540e-04	
   8.2500296e+03	   2.4952380e-04	
   8.2600279e+03	   2.4918730e-04	
   8.2700558e+03	   2.4876550e-04	
   8.2800255e+03	   2.4836080e-04	
   8.2900248e+03	   2.4797130e-04	
   8.3000231e+03	   2.4745330e-04	
   8.3099928e+03	   2.4704240e-04	
   8.3200207e+03	   2.4649650e-04	
   8.3300200e+03	   2.4597440e-04	
   8.3400183e+03	   2.4544970e-04	
   8.3500175e+03	   2.4482490e-04	
   8.3600159e+03	   2.4407460e-04	
   8.3700151e+03	   2.4346790e-04	
   8.3800430e+03	   2.4280310e-04	
   8.3900127e+03	   2.4212770e-04	
   8.4000406e+03	   2.4134710e-04	
   8.4100399e+03	   2.4072330e-04	
   8.4200382e+03	   2.3988910e-04	
   8.4300375e+03	   2.3910510e-04	
   8.4400358e+03	   2.3833000e-04	
   8.4500351e+03	   2.3743050e-04	
   8.4600334e+03	   2.3652410e-04	
   8.4700327e+03	   2.3552310e-04	
   8.4800310e+03	   2.3457960e-04	
   8.4900303e+03	   2.3348340e-04	
   8.5000296e+03	   2.3232510e-04	
   8.5100279e+03	   2.3116510e-04	
   8.5200272e+03	   2.3001450e-04	
   8.5300255e+03	   2.2881260e-04	
   8.5399952e+03	   2.2752950e-04	
   8.5500231e+03	   2.2619720e-04	
   8.5599928e+03	   2.2477970e-04	
   8.5700207e+03	   2.2342090e-04	
   8.5800200e+03	   2.2201670e-04	
   8.5900183e+03	   2.2051810e-04	
   8.5999880e+03	   2.1907700e-04	
   8.6100159e+03	   2.1763540e-04	
   8.6200151e+03	   2.1612950e-04	
   8.6300144e+03	   2.1448160e-04	
   8.6400423e+03	   2.1278470e-04	
   8.6500406e+03	   2.1107020e-04	
   8.6600399e+03	   2.0928520e-04	
   8.6700382e+03	   2.0778250e-04	
   8.6800079e+03	   2.0577830e-04	
   8.6900358e+03	   2.0387450e-04	
   8.7000351e+03	   2.0195020e-04	
   8.7100334e+03	   2.0001060e-04	
   8.7200031e+03	   1.9805820e-04	
   8.7300310e+03	   1.9593890e-04	
   8.7400303e+03	   1.9382640e-04	
   8.7500296e+03	   1.9194790e-04	
   8.7600279e+03	   1.8974880e-04	
   8.7699976e+03	   1.8761570e-04	
   8.7800255e+03	   1.8548190e-04	
   8.7900248e+03	   1.8334840e-04	
   8.8000231e+03	   1.8101740e-04	
   8.8100224e+03	   1.7864040e-04	
   8.8199921e+03	   1.7663930e-04	
   8.8300200e+03	   1.7435600e-04	
   8.8400183e+03	   1.7229960e-04	
   8.8499880e+03	   1.6988150e-04	
   8.8600159e+03	   1.6755670e-04	
   8.8699856e+03	   1.6510700e-04	
   8.8800430e+03	   1.6264840e-04	
   8.8900127e+03	   1.6045670e-04	
   8.9000406e+03	   1.5795440e-04	
   8.9100399e+03	   1.5534140e-04	
   8.9200096e+03	   1.5276550e-04	
   8.9300375e+03	   1.5020300e-04	
   8.9400072e+03	   1.4785250e-04	
   8.9500055e+03	   1.4535220e-04	
   8.9600334e+03	   1.4258490e-04	
   8.9700031e+03	   1.4024490e-04	
   8.9800310e+03	   1.3773470e-04	
   8.9900303e+03	   1.3490600e-04	
   9.0000000e+03	   1.3240770e-04	
   9.0100279e+03	   1.3001050e-04	
   9.0199976e+03	   1.2728390e-04	
   9.0300255e+03	   1.2477500e-04	
   9.0399952e+03	   1.2233580e-04	
   9.0500526e+03	   1.1974610e-04	
   9.0599928e+03	   1.1721380e-04	
   9.0700207e+03	   1.1464570e-04	
   9.0799904e+03	   1.1207240e-04	
   9.0900183e+03	   1.0962960e-04	
   9.0999880e+03	   1.0711420e-04	
   9.1100159e+03	   1.0454050e-04	
   9.1200151e+03	   1.0223250e-04	
   9.1300144e+03	   9.9694060e-05	
   9.1400709e+03	   9.7059240e-05	
   9.1500120e+03	   9.4598700e-05	
   9.1600399e+03	   9.2192430e-05	
   9.1700382e+03	   8.9671950e-05	
   9.1800079e+03	   8.7290860e-05	
   9.1900358e+03	   8.4795760e-05	
   9.2000351e+03	   8.2608620e-05	
   9.2100334e+03	   8.0125230e-05	
   9.2200327e+03	   7.8176790e-05	
   9.2300310e+03	   7.5827750e-05	
   9.2400303e+03	   7.1868100e-05	
   9.2500000e+03	   7.0752520e-05	
   9.2600279e+03	   6.8406720e-05	
   9.2700272e+03	   6.6422540e-05	
   9.2800255e+03	   6.4365550e-05	
   9.2900248e+03	   6.2352240e-05	
   9.3000231e+03	   6.0386900e-05	
   9.3099928e+03	   5.8385460e-05	
   9.3200207e+03	   5.6486570e-05	
   9.3300200e+03	   5.4528630e-05	
   9.3399897e+03	   5.2818520e-05	
   9.3500175e+03	   5.1013420e-05	
   9.3599873e+03	   4.9311610e-05	
   9.3700151e+03	   4.7465980e-05	
   9.3800430e+03	   4.5942030e-05	
   9.3900423e+03	   4.4383810e-05	
   9.4000406e+03	   4.2859460e-05	
   9.4100103e+03	   4.1241120e-05	
   9.4200382e+03	   3.9613880e-05	
   9.4300079e+03	   3.8070630e-05	
   9.4400358e+03	   3.6668880e-05	
   9.4500351e+03	   3.5280530e-05	
   9.4600334e+03	   3.4004530e-05	
   9.4700031e+03	   3.2736670e-05	
   9.4800310e+03	   3.1440340e-05	
   9.4900303e+03	   3.0250860e-05	
   9.5000000e+03	   2.9018800e-05	
   9.5100279e+03	   2.7908750e-05	
   9.5199976e+03	   2.6753150e-05	
   9.5300255e+03	   2.5617640e-05	
   9.5400248e+03	   2.4466750e-05	
   9.5499945e+03	   2.3442170e-05	
   9.5600224e+03	   2.2447860e-05	
   9.5699921e+03	   2.1486250e-05	
   9.5799904e+03	   2.0545270e-05	
   9.5900183e+03	   1.9560680e-05	
   9.6000175e+03	   1.8696360e-05	
   9.6100159e+03	   1.7929280e-05	
   9.6200151e+03	   1.7156950e-05	
   9.6300430e+03	   1.6397960e-05	
   9.6400127e+03	   1.5696930e-05	
   9.6500406e+03	   1.4909560e-05	
   9.6600399e+03	   1.4143390e-05	
   9.6700096e+03	   1.3555500e-05	
   9.6800375e+03	   1.2882280e-05	
   9.6900072e+03	   1.2119710e-05	
   9.7000351e+03	   1.1652000e-05	
   9.7100048e+03	   1.1084690e-05	
   9.7200327e+03	   1.0547540e-05	
   9.7300024e+03	   1.0041990e-05	
   9.7400303e+03	   9.5116550e-06	
   9.7500000e+03	   9.0638330e-06	
   9.7600279e+03	   8.6238390e-06	
   9.7699976e+03	   8.2005210e-06	
   9.7800255e+03	   7.6466470e-06	
   9.7899952e+03	   7.3289950e-06	
   9.8000231e+03	   6.9555150e-06	
   9.8100224e+03	   6.6071020e-06	
   9.8199921e+03	   6.3073890e-06	
   9.8300200e+03	   5.9795330e-06	
   9.8399897e+03	   5.6883700e-06	
   9.8500175e+03	   5.4259590e-06	
   9.8599873e+03	   5.1335840e-06	
   9.8700447e+03	   4.8700120e-06	
   9.8800144e+03	   4.6160830e-06	
   9.8900127e+03	   4.3716300e-06	
   9.9000406e+03	   4.1307360e-06	
   9.9100399e+03	   3.9153180e-06	
   9.9200096e+03	   3.7354010e-06	
   9.9300375e+03	   3.5375630e-06	
   9.9400072e+03	   3.3593540e-06	
   9.9500351e+03	   3.1789500e-06	
   9.9600048e+03	   3.0060620e-06	
   9.9700327e+03	   2.8509900e-06	
   9.9800024e+03	   2.7091130e-06	
   9.9900303e+03	   2.5797660e-06	
   1.0000000e+04	   2.4456620e-06	
   1.0010028e+04	   2.3207230e-06	
   1.0019998e+04	   2.1994410e-06	
   1.0030025e+04	   2.0843020e-06	
   1.0040025e+04	   1.9812780e-06	
   1.0049994e+04	   1.8804520e-06	
   1.0060022e+04	   1.7889860e-06	
   1.0069992e+04	   1.7074940e-06	
   1.0080020e+04	   1.6076660e-06	
   1.0090018e+04	   1.5313730e-06	
   1.0099988e+04	   1.4593090e-06	
   1.0110016e+04	   1.3872970e-06	
   1.0120015e+04	   1.3157830e-06	
   1.0130043e+04	   1.2548930e-06	
   1.0140042e+04	   1.1904440e-06	
   1.0150041e+04	   1.1348080e-06	
   1.0160010e+04	   1.0787650e-06	
   1.0170038e+04	   1.0275290e-06	
   1.0180037e+04	   9.8289130e-07	
   1.0190036e+04	   9.3899030e-07	
   1.0200006e+04	   8.9637500e-07	
   1.0210033e+04	   8.4999390e-07	
   1.0220033e+04	   8.1061810e-07	
   1.0230002e+04	   7.7609980e-07	
   1.0240001e+04	   7.4286870e-07	
   1.0250030e+04	   7.0876190e-07	
   1.0259999e+04	   6.7565870e-07	
   1.0270027e+04	   6.4644480e-07	
   1.0280025e+04	   6.1927460e-07	
   1.0289995e+04	   5.9350030e-07	
   1.0300023e+04	   5.6819110e-07	
   1.0309993e+04	   5.4786720e-07	
   1.0320021e+04	   5.2726440e-07	
   1.0329990e+04	   5.0541520e-07	
   1.0340018e+04	   4.8445050e-07	
   1.0349988e+04	   4.6840510e-07	
   1.0360016e+04	   4.5003960e-07	
   1.0369986e+04	   4.3424690e-07	
   1.0380043e+04	   4.1912130e-07	
   1.0390042e+04	   4.0451310e-07	
   1.0400012e+04	   3.9439560e-07	
   1.0410040e+04	   3.8085860e-07	
   1.0420038e+04	   3.6577320e-07	
   1.0430008e+04	   3.5817280e-07	
   1.0440036e+04	   3.4856440e-07	
   1.0450006e+04	   3.3926760e-07	
   1.0460033e+04	   3.2926720e-07	
   1.0470003e+04	   3.2145910e-07	
   1.0480031e+04	   3.1402860e-07	
   1.0490001e+04	   3.0659700e-07	
   1.0500030e+04	   2.9975210e-07	
