   8.0000000e+03	   2.7827220e-04	
   8.0099993e+03	   2.3809260e-04	
   8.0200272e+03	   2.3804820e-04	
   8.0300255e+03	   2.3809190e-04	
   8.0399952e+03	   2.3813140e-04	
   8.0500231e+03	   2.3807070e-04	
   8.0600224e+03	   2.3805610e-04	
   8.0699921e+03	   2.3803910e-04	
   8.0800200e+03	   2.3797230e-04	
   8.0900183e+03	   2.3783090e-04	
   8.0999880e+03	   2.3782820e-04	
   8.1100159e+03	   2.3780350e-04	
   8.1200151e+03	   2.3769810e-04	
   8.1300144e+03	   2.3762630e-04	
   8.1400709e+03	   2.3749790e-04	
   8.1500120e+03	   2.3735990e-04	
   8.1600399e+03	   2.3723650e-04	
   8.1700382e+03	   2.3702990e-04	
   8.1800079e+03	   2.3684530e-04	
   8.1900358e+03	   2.3644020e-04	
   8.2000351e+03	   2.3544100e-04	
   8.2100334e+03	   2.3523470e-04	
   8.2200031e+03	   2.3497920e-04	
   8.2300606e+03	   2.3477130e-04	
   8.2400303e+03	   2.3458690e-04	
   8.2500296e+03	   2.3451520e-04	
   8.2600279e+03	   2.3434740e-04	
   8.2700272e+03	   2.3428070e-04	
   8.2800255e+03	   2.3419710e-04	
   8.2900248e+03	   2.3416840e-04	
   8.3000231e+03	   2.3418170e-04	
   8.3100224e+03	   2.3418210e-04	
   8.3200207e+03	   2.3419990e-04	
   8.3300200e+03	   2.3416090e-04	
   8.3400183e+03	   2.3404970e-04	
   8.3500175e+03	   2.3401840e-04	
   8.3600159e+03	   2.3393100e-04	
   8.3700151e+03	   2.3370430e-04	
   8.3800430e+03	   2.3335930e-04	
   8.3900127e+03	   2.3314290e-04	
   8.4000406e+03	   2.3292400e-04	
   8.4100399e+03	   2.3249880e-04	
   8.4200382e+03	   2.3215460e-04	
   8.4300079e+03	   2.3165670e-04	
   8.4400358e+03	   2.3123990e-04	
   8.4500351e+03	   2.3061570e-04	
   8.4600334e+03	   2.2998940e-04	
   8.4700327e+03	   2.2931420e-04	
   8.4800310e+03	   2.2863000e-04	
   8.4900303e+03	   2.2798480e-04	
   8.5000000e+03	   2.2704750e-04	
   8.5100279e+03	   2.2613240e-04	
   8.5200272e+03	   2.2516330e-04	
   8.5300255e+03	   2.2414940e-04	
   8.5399952e+03	   2.2311590e-04	
   8.5500231e+03	   2.2203800e-04	
   8.5600224e+03	   2.2092370e-04	
   8.5700207e+03	   2.1996610e-04	
   8.5800200e+03	   2.1807290e-04	
   8.5900183e+03	   2.1682500e-04	
   8.5999880e+03	   2.1561920e-04	
   8.6100159e+03	   2.1421240e-04	
   8.6200151e+03	   2.1280950e-04	
   8.6300144e+03	   2.1135480e-04	
   8.6400423e+03	   2.0973530e-04	
   8.6500406e+03	   2.0815030e-04	
   8.6600399e+03	   2.0642110e-04	
   8.6700382e+03	   2.0470530e-04	
   8.6800079e+03	   2.0313640e-04	
   8.6900654e+03	   2.0129110e-04	
   8.7000351e+03	   1.9957210e-04	
   8.7100334e+03	   1.9756520e-04	
   8.7200327e+03	   1.9559800e-04	
   8.7300310e+03	   1.9360060e-04	
   8.7400303e+03	   1.9143760e-04	
   8.7500296e+03	   1.8952250e-04	
   8.7600279e+03	   1.8725150e-04	
   8.7699976e+03	   1.8524140e-04	
   8.7800255e+03	   1.8301990e-04	
   8.7900248e+03	   1.8074660e-04	
   8.8000231e+03	   1.7884390e-04	
   8.8100224e+03	   1.7681600e-04	
   8.8200207e+03	   1.7441700e-04	
   8.8300200e+03	   1.7224770e-04	
   8.8400183e+03	   1.6976520e-04	
   8.8499880e+03	   1.6767500e-04	
   8.8600159e+03	   1.6521190e-04	
   8.8700151e+03	   1.6277230e-04	
   8.8800430e+03	   1.6025190e-04	
   8.8900127e+03	   1.5787470e-04	
   8.9000406e+03	   1.5529500e-04	
   8.9100399e+03	   1.5298880e-04	
   8.9200096e+03	   1.5054220e-04	
   8.9300375e+03	   1.4776900e-04	
   8.9400358e+03	   1.4530290e-04	
   8.9500055e+03	   1.4265020e-04	
   8.9600334e+03	   1.4027540e-04	
   8.9700031e+03	   1.3769460e-04	
   8.9800310e+03	   1.3473180e-04	
   8.9900303e+03	   1.3280190e-04	
   9.0000000e+03	   1.3004810e-04	
   9.0100279e+03	   1.2751760e-04	
   9.0200272e+03	   1.2483570e-04	
   9.0300255e+03	   1.2250300e-04	
   9.0399952e+03	   1.2007430e-04	
   9.0500526e+03	   1.1712560e-04	
   9.0599928e+03	   1.1481960e-04	
   9.0700207e+03	   1.1253860e-04	
   9.0800200e+03	   1.1028160e-04	
   9.0900183e+03	   1.0733360e-04	
   9.1000175e+03	   1.0490310e-04	
   9.1099873e+03	   1.0226820e-04	
   9.1200447e+03	   9.9913030e-05	
   9.1300144e+03	   9.7665080e-05	
   9.1400423e+03	   9.5100510e-05	
   9.1500406e+03	   9.2706420e-05	
   9.1600399e+03	   9.0323410e-05	
   9.1700382e+03	   8.7695710e-05	
   9.1800079e+03	   8.5231350e-05	
   9.1900654e+03	   8.2799540e-05	
   9.2000055e+03	   8.0418980e-05	
   9.2100334e+03	   7.7901940e-05	
   9.2200327e+03	   7.5577130e-05	
   9.2300310e+03	   7.3298860e-05	
   9.2400303e+03	   7.1234160e-05	
   9.2500000e+03	   6.9097060e-05	
   9.2600279e+03	   6.6820550e-05	
   9.2700272e+03	   6.4767610e-05	
   9.2799969e+03	   6.2665360e-05	
   9.2900248e+03	   6.0492930e-05	
   9.3000231e+03	   5.8578160e-05	
   9.3099928e+03	   5.6480690e-05	
   9.3200207e+03	   5.4722500e-05	
   9.3300200e+03	   5.2694380e-05	
   9.3399897e+03	   5.1040270e-05	
   9.3500175e+03	   4.9143840e-05	
   9.3600159e+03	   4.7480020e-05	
   9.3699856e+03	   4.5721400e-05	
   9.3800430e+03	   4.4170240e-05	
   9.3900127e+03	   4.2604400e-05	
   9.4000406e+03	   4.1116130e-05	
   9.4100103e+03	   3.9579270e-05	
   9.4200382e+03	   3.8041140e-05	
   9.4300079e+03	   3.6649440e-05	
   9.4400358e+03	   3.5320960e-05	
   9.4500351e+03	   3.3959340e-05	
   9.4600334e+03	   3.2722890e-05	
   9.4700031e+03	   3.1468610e-05	
   9.4800310e+03	   3.0173050e-05	
   9.4900303e+03	   2.9052140e-05	
   9.5000000e+03	   2.7972160e-05	
   9.5100279e+03	   2.6719900e-05	
   9.5199976e+03	   2.5763820e-05	
   9.5300255e+03	   2.4678710e-05	
   9.5400248e+03	   2.3654700e-05	
   9.5499945e+03	   2.2629810e-05	
   9.5600224e+03	   2.1669580e-05	
   9.5699921e+03	   2.0714530e-05	
   9.5800200e+03	   1.9789150e-05	
   9.5899897e+03	   1.8914470e-05	
   9.6000175e+03	   1.8074630e-05	
   9.6100159e+03	   1.7266720e-05	
   9.6200151e+03	   1.6440390e-05	
   9.6300430e+03	   1.5750380e-05	
   9.6400127e+03	   1.4998930e-05	
   9.6500406e+03	   1.4317690e-05	
   9.6600399e+03	   1.3619070e-05	
   9.6700096e+03	   1.2953060e-05	
   9.6800375e+03	   1.2292250e-05	
   9.6900358e+03	   1.1709860e-05	
   9.7000351e+03	   1.1144610e-05	
   9.7100334e+03	   1.0556880e-05	
   9.7200031e+03	   1.0039080e-05	
   9.7300024e+03	   9.5403630e-06	
   9.7400303e+03	   9.0645120e-06	
   9.7500000e+03	   8.6291980e-06	
   9.7600279e+03	   8.1926050e-06	
   9.7699976e+03	   7.7133850e-06	
   9.7800255e+03	   7.3790160e-06	
   9.7899952e+03	   6.9913670e-06	
   9.8000231e+03	   6.6454190e-06	
   9.8100224e+03	   6.3126850e-06	
   9.8199921e+03	   6.0073610e-06	
   9.8300200e+03	   5.7031940e-06	
   9.8399897e+03	   5.4051390e-06	
   9.8500175e+03	   5.1489930e-06	
   9.8599577e+03	   4.8996440e-06	
   9.8700447e+03	   4.6595600e-06	
   9.8800144e+03	   4.3960960e-06	
   9.8900127e+03	   4.1540240e-06	
   9.9000406e+03	   3.9250930e-06	
   9.9100399e+03	   3.7086150e-06	
   9.9200096e+03	   3.5170020e-06	
   9.9300375e+03	   3.3399110e-06	
   9.9400072e+03	   3.1638050e-06	
   9.9500351e+03	   3.0057410e-06	
   9.9600048e+03	   2.8559550e-06	
   9.9700327e+03	   2.7180330e-06	
   9.9800024e+03	   2.5727380e-06	
   9.9900303e+03	   2.4342020e-06	
   1.0000000e+04	   2.3166790e-06	
