6.5100E+2	2.7100E+2
6.5102E+2	2.9700E+2
6.5104E+2	2.9600E+2
6.5106E+2	2.3900E+2
6.5108E+2	2.8100E+2
6.5110E+2	2.6200E+2
6.5112E+2	2.6500E+2
6.5114E+2	3.2700E+2
6.5116E+2	2.9600E+2
6.5118E+2	2.6800E+2
6.5120E+2	2.8200E+2
6.5122E+2	2.6400E+2
6.5124E+2	2.5300E+2
6.5126E+2	3.0700E+2
6.5128E+2	2.7300E+2
6.5130E+2	2.9800E+2
6.5132E+2	2.7400E+2
6.5134E+2	2.4300E+2
6.5136E+2	2.6700E+2
6.5138E+2	2.9100E+2
6.5140E+2	2.5000E+2
6.5142E+2	2.3900E+2
6.5144E+2	2.6900E+2
6.5146E+2	2.2000E+2
6.5148E+2	2.5700E+2
6.5150E+2	2.6100E+2
6.5152E+2	2.4000E+2
6.5154E+2	2.8600E+2
6.5156E+2	2.6000E+2
6.5158E+2	2.2000E+2
6.5160E+2	2.5800E+2
6.5162E+2	2.7100E+2
6.5164E+2	2.3400E+2
6.5166E+2	2.6400E+2
6.5168E+2	2.6700E+2
6.5170E+2	2.6100E+2
6.5172E+2	2.5800E+2
6.5174E+2	2.6600E+2
6.5176E+2	2.6500E+2
6.5178E+2	2.2500E+2
6.5180E+2	2.1200E+2
6.5182E+2	2.2600E+2
6.5184E+2	2.4500E+2
6.5186E+2	2.1100E+2
6.5188E+2	2.7300E+2
6.5190E+2	2.4400E+2
6.5192E+2	2.1500E+2
6.5194E+2	2.6800E+2
6.5196E+2	2.4100E+2
6.5198E+2	2.3600E+2
6.5200E+2	2.3400E+2
6.5202E+2	2.6600E+2
6.5204E+2	2.2300E+2
6.5206E+2	2.2100E+2
6.5208E+2	2.9100E+2
6.5210E+2	2.4900E+2
6.5212E+2	2.2700E+2
6.5214E+2	2.8400E+2
6.5216E+2	2.2000E+2
6.5218E+2	2.5800E+2
6.5220E+2	2.3800E+2
6.5222E+2	2.4200E+2
6.5224E+2	1.9700E+2
6.5226E+2	2.2700E+2
6.5228E+2	2.1000E+2
6.5230E+2	2.3600E+2
6.5232E+2	1.9700E+2
6.5234E+2	2.1100E+2
6.5236E+2	2.1500E+2
6.5238E+2	2.1600E+2
6.5240E+2	2.1200E+2
6.5242E+2	2.0800E+2
6.5244E+2	2.2100E+2
6.5246E+2	2.1700E+2
6.5248E+2	2.1500E+2
6.5250E+2	2.1900E+2
6.5252E+2	2.3800E+2
6.5254E+2	2.5400E+2
6.5256E+2	1.9600E+2
6.5258E+2	2.5300E+2
6.5260E+2	1.9000E+2
6.5262E+2	2.0200E+2
6.5264E+2	2.1500E+2
6.5266E+2	1.7600E+2
6.5268E+2	2.0400E+2
6.5270E+2	2.1500E+2
6.5272E+2	2.3100E+2
6.5274E+2	1.7800E+2
6.5276E+2	2.5000E+2
6.5278E+2	1.7100E+2
6.5280E+2	2.3100E+2
6.5282E+2	2.0900E+2
6.5284E+2	2.0300E+2
6.5286E+2	1.8800E+2
6.5288E+2	2.4100E+2
6.5290E+2	2.2900E+2
6.5292E+2	1.7900E+2
6.5294E+2	2.0200E+2
6.5296E+2	1.8200E+2
6.5298E+2	2.0900E+2
6.5300E+2	1.9100E+2
6.5302E+2	1.8500E+2
6.5304E+2	2.2900E+2
6.5306E+2	1.8400E+2
6.5308E+2	2.0300E+2
6.5310E+2	2.0300E+2
6.5312E+2	2.0800E+2
6.5314E+2	2.2100E+2
6.5316E+2	2.0900E+2
6.5318E+2	1.7700E+2
6.5320E+2	1.9200E+2
6.5322E+2	1.9700E+2
6.5324E+2	1.8100E+2
6.5326E+2	2.2100E+2
6.5328E+2	1.8600E+2
6.5330E+2	1.9000E+2
6.5332E+2	1.8300E+2
6.5334E+2	1.9100E+2
6.5336E+2	1.8300E+2
6.5338E+2	1.9900E+2
6.5340E+2	1.9600E+2
6.5342E+2	1.8900E+2
6.5344E+2	2.0700E+2
6.5346E+2	1.5400E+2
6.5348E+2	1.6700E+2
6.5350E+2	1.7000E+2
6.5352E+2	1.7000E+2
6.5354E+2	1.9600E+2
6.5356E+2	1.7000E+2
6.5358E+2	1.7800E+2
6.5360E+2	1.7600E+2
6.5362E+2	2.1900E+2
6.5364E+2	2.2100E+2
6.5366E+2	1.8100E+2
6.5368E+2	1.8500E+2
6.5370E+2	1.6400E+2
6.5372E+2	1.7500E+2
6.5374E+2	2.0600E+2
6.5376E+2	1.6700E+2
6.5378E+2	1.7100E+2
6.5380E+2	1.6800E+2
6.5382E+2	1.7500E+2
6.5384E+2	1.9200E+2
6.5386E+2	1.7800E+2
6.5388E+2	1.8300E+2
6.5390E+2	1.8000E+2
6.5392E+2	1.8900E+2
6.5394E+2	1.9600E+2
6.5396E+2	1.7000E+2
6.5398E+2	1.9900E+2
6.5400E+2	1.7000E+2
6.5402E+2	1.8600E+2
6.5404E+2	1.8400E+2
6.5406E+2	1.4800E+2
6.5408E+2	1.9000E+2
6.5410E+2	1.7800E+2
6.5412E+2	1.7000E+2
6.5414E+2	1.7300E+2
6.5416E+2	1.6300E+2
6.5418E+2	1.6200E+2
6.5420E+2	1.6400E+2
6.5422E+2	1.7000E+2
6.5424E+2	1.7100E+2
6.5426E+2	1.6100E+2
6.5428E+2	1.5400E+2
6.5430E+2	1.8200E+2
6.5432E+2	1.5900E+2
6.5434E+2	1.5700E+2
6.5436E+2	1.7400E+2
6.5438E+2	1.6700E+2
6.5440E+2	1.8200E+2
6.5442E+2	1.5800E+2
6.5444E+2	1.9400E+2
6.5446E+2	1.4500E+2
6.5448E+2	1.9800E+2
6.5450E+2	1.6200E+2
6.5452E+2	1.6800E+2
6.5454E+2	1.6800E+2
6.5456E+2	1.7000E+2
6.5458E+2	1.6200E+2
6.5460E+2	1.8100E+2
6.5462E+2	1.6900E+2
6.5464E+2	1.5800E+2
6.5466E+2	1.4400E+2
6.5468E+2	1.5100E+2
6.5470E+2	1.8200E+2
6.5472E+2	1.4900E+2
6.5474E+2	1.4900E+2
6.5476E+2	1.5700E+2
6.5478E+2	1.7600E+2
6.5480E+2	1.5400E+2
6.5482E+2	1.7000E+2
6.5484E+2	1.7500E+2
6.5486E+2	1.6100E+2
6.5488E+2	1.6500E+2
6.5490E+2	1.6600E+2
6.5492E+2	1.4600E+2
6.5494E+2	1.6100E+2
6.5496E+2	1.6900E+2
6.5498E+2	1.7100E+2
6.5500E+2	1.2700E+2
6.5502E+2	1.3600E+2
6.5504E+2	1.6600E+2
6.5506E+2	1.1600E+2
6.5508E+2	1.6400E+2
6.5510E+2	1.6700E+2
6.5512E+2	1.5700E+2
6.5514E+2	1.5600E+2
6.5516E+2	1.4400E+2
6.5518E+2	1.4600E+2
6.5520E+2	1.7900E+2
6.5522E+2	1.7600E+2
6.5524E+2	1.5400E+2
6.5526E+2	1.4600E+2
6.5528E+2	1.5700E+2
6.5530E+2	1.5500E+2
6.5532E+2	1.4900E+2
6.5534E+2	1.5500E+2
6.5536E+2	1.7500E+2
6.5538E+2	1.6600E+2
6.5540E+2	1.4800E+2
6.5542E+2	1.5200E+2
6.5544E+2	1.6300E+2
6.5546E+2	1.5800E+2
6.5548E+2	1.3800E+2
6.5550E+2	1.4700E+2
6.5552E+2	1.4900E+2
6.5554E+2	1.4300E+2
6.5556E+2	1.7000E+2
6.5558E+2	1.3800E+2
6.5560E+2	1.4600E+2
6.5562E+2	1.5400E+2
6.5564E+2	1.5900E+2
6.5566E+2	1.4200E+2
6.5568E+2	1.3700E+2
6.5570E+2	1.4200E+2
6.5572E+2	1.6500E+2
6.5574E+2	1.6000E+2
6.5576E+2	1.3500E+2
6.5578E+2	1.4500E+2
6.5580E+2	1.5800E+2
6.5582E+2	1.7500E+2
6.5584E+2	1.3200E+2
6.5586E+2	1.4600E+2
6.5588E+2	1.5500E+2
6.5590E+2	1.5200E+2
6.5592E+2	1.5400E+2
6.5594E+2	1.5000E+2
6.5596E+2	1.4700E+2
6.5598E+2	1.5400E+2
6.5600E+2	1.4200E+2
6.5602E+2	1.5400E+2
6.5604E+2	1.2800E+2
6.5606E+2	1.5400E+2
6.5608E+2	1.2600E+2
6.5610E+2	1.6200E+2
6.5612E+2	1.5900E+2
6.5614E+2	1.3100E+2
6.5616E+2	1.5600E+2
6.5618E+2	1.4900E+2
6.5620E+2	1.4900E+2
6.5622E+2	1.4200E+2
6.5624E+2	1.5100E+2
6.5626E+2	1.6300E+2
6.5628E+2	1.5900E+2
6.5630E+2	1.6100E+2
6.5632E+2	1.6500E+2
6.5634E+2	1.4700E+2
6.5636E+2	1.6000E+2
6.5638E+2	1.2800E+2
6.5640E+2	1.4300E+2
6.5642E+2	1.5000E+2
6.5644E+2	1.4200E+2
6.5646E+2	1.2000E+2
6.5648E+2	1.1600E+2
6.5650E+2	1.4900E+2
6.5652E+2	1.5500E+2
6.5654E+2	1.5600E+2
6.5656E+2	1.4900E+2
6.5658E+2	1.4700E+2
6.5660E+2	1.4400E+2
6.5662E+2	1.2900E+2
6.5664E+2	1.3900E+2
6.5666E+2	1.1000E+2
6.5668E+2	1.1400E+2
6.5670E+2	1.5000E+2
6.5672E+2	1.1600E+2
6.5674E+2	1.3800E+2
6.5676E+2	1.2500E+2
6.5678E+2	1.5700E+2
6.5680E+2	1.2700E+2
6.5682E+2	1.2100E+2
6.5684E+2	1.4600E+2
6.5686E+2	1.3500E+2
6.5688E+2	1.4300E+2
6.5690E+2	1.3900E+2
6.5692E+2	1.3100E+2
6.5694E+2	1.2400E+2
6.5696E+2	1.2200E+2
6.5698E+2	1.2500E+2
6.5700E+2	1.3000E+2
