6.3500E+2	3.3482E+2
6.3502E+2	3.2108E+2
6.3504E+2	3.2172E+2
6.3506E+2	3.0560E+2
6.3508E+2	3.3651E+2
6.3510E+2	3.2724E+2
6.3512E+2	2.9568E+2
6.3514E+2	2.8971E+2
6.3516E+2	2.8667E+2
6.3518E+2	3.4599E+2
6.3520E+2	2.7709E+2
6.3522E+2	3.0420E+2
6.3524E+2	4.4253E+2
6.3526E+2	2.6646E+2
6.3528E+2	2.7135E+2
6.3530E+2	3.2533E+2
6.3532E+2	2.4037E+2
6.3534E+2	3.3386E+2
6.3536E+2	3.8695E+2
6.3538E+2	3.1626E+2
6.3540E+2	4.3132E+2
6.3542E+2	2.1745E+2
6.3544E+2	2.2709E+2
6.3546E+2	3.2843E+2
6.3548E+2	2.3428E+2
6.3550E+2	2.5752E+2
6.3552E+2	1.5488E+2
6.3554E+2	3.0437E+2
6.3556E+2	2.5838E+2
6.3558E+2	2.5336E+2
6.3560E+2	2.6047E+2
6.3562E+2	2.7422E+2
6.3564E+2	2.7097E+2
6.3566E+2	2.2843E+2
6.3568E+2	2.8345E+2
6.3570E+2	2.3958E+2
6.3572E+2	3.0758E+2
6.3574E+2	3.5260E+2
6.3576E+2	3.3806E+2
6.3578E+2	2.5380E+2
6.3580E+2	2.9600E+2
6.3582E+2	2.0188E+2
6.3584E+2	2.2851E+2
6.3586E+2	3.1786E+2
6.3588E+2	2.4416E+2
6.3590E+2	2.3776E+2
6.3592E+2	2.9493E+2
6.3594E+2	2.7643E+2
6.3596E+2	3.0230E+2
6.3598E+2	2.6755E+2
6.3600E+2	2.3466E+2
6.3602E+2	2.8703E+2
6.3604E+2	2.1750E+2
6.3606E+2	2.7346E+2
6.3608E+2	3.3876E+2
6.3610E+2	2.3043E+2
6.3612E+2	2.6542E+2
6.3614E+2	2.6612E+2
6.3616E+2	2.5470E+2
6.3618E+2	2.9876E+2
6.3620E+2	2.4230E+2
6.3622E+2	2.0596E+2
6.3624E+2	2.7853E+2
6.3626E+2	2.3809E+2
6.3628E+2	2.7388E+2
6.3630E+2	2.1795E+2
6.3632E+2	2.3819E+2
6.3634E+2	2.7333E+2
6.3636E+2	2.7606E+2
6.3638E+2	2.5315E+2
6.3640E+2	2.9815E+2
6.3642E+2	2.4899E+2
6.3644E+2	2.2134E+2
6.3646E+2	2.5332E+2
6.3648E+2	2.2604E+2
6.3650E+2	2.0493E+2
6.3652E+2	1.7890E+2
6.3654E+2	3.0311E+2
6.3656E+2	2.5739E+2
6.3658E+2	2.7920E+2
6.3660E+2	2.4403E+2
6.3662E+2	3.2424E+2
6.3664E+2	2.3681E+2
6.3666E+2	2.4164E+2
6.3668E+2	2.4879E+2
6.3670E+2	2.6309E+2
6.3672E+2	2.1662E+2
6.3674E+2	2.5570E+2
6.3676E+2	2.6307E+2
6.3678E+2	2.4605E+2
6.3680E+2	2.5687E+2
6.3682E+2	2.3494E+2
6.3684E+2	2.5096E+2
6.3686E+2	2.1807E+2
6.3688E+2	2.0558E+2
6.3690E+2	2.9269E+2
6.3692E+2	2.3159E+2
6.3694E+2	2.2960E+2
6.3696E+2	2.3245E+2
6.3698E+2	2.2564E+2
6.3700E+2	2.3575E+2
6.3702E+2	2.7302E+2
6.3704E+2	2.2642E+2
6.3706E+2	2.8019E+2
6.3708E+2	2.1579E+2
6.3710E+2	2.1811E+2
6.3712E+2	2.2794E+2
6.3714E+2	2.4817E+2
6.3716E+2	1.6725E+2
6.3718E+2	1.8601E+2
6.3720E+2	2.5906E+2
6.3722E+2	2.0667E+2
6.3724E+2	2.6572E+2
6.3726E+2	2.5707E+2
6.3728E+2	2.8900E+2
6.3730E+2	3.0814E+2
6.3732E+2	2.9430E+2
6.3734E+2	2.3387E+2
6.3736E+2	2.2431E+2
6.3738E+2	2.1780E+2
6.3740E+2	2.3274E+2
6.3742E+2	2.7699E+2
6.3744E+2	2.1555E+2
6.3746E+2	2.4015E+2
6.3748E+2	2.5287E+2
6.3750E+2	1.9173E+2
6.3752E+2	2.9855E+2
6.3754E+2	2.7136E+2
6.3756E+2	3.5102E+2
6.3758E+2	2.3341E+2
6.3760E+2	2.6490E+2
6.3762E+2	1.9366E+2
6.3764E+2	2.9132E+2
6.3766E+2	2.4577E+2
6.3768E+2	2.9589E+2
6.3770E+2	2.6564E+2
6.3772E+2	3.0616E+2
6.3774E+2	2.3076E+2
6.3776E+2	2.6868E+2
6.3778E+2	3.0895E+2
6.3780E+2	3.0978E+2
6.3782E+2	2.9352E+2
6.3784E+2	2.9644E+2
6.3786E+2	2.8536E+2
6.3788E+2	2.8100E+2
6.3790E+2	2.4790E+2
6.3792E+2	2.1386E+2
6.3794E+2	3.3623E+2
6.3796E+2	3.1380E+2
6.3798E+2	2.2417E+2
6.3800E+2	2.9258E+2
6.3802E+2	2.8981E+2
6.3804E+2	2.5525E+2
6.3806E+2	2.1074E+2
6.3808E+2	2.0309E+2
6.3810E+2	2.7444E+2
6.3812E+2	3.2662E+2
6.3814E+2	2.3842E+2
6.3816E+2	2.9549E+2
6.3818E+2	2.9104E+2
6.3820E+2	3.5130E+2
6.3822E+2	2.3271E+2
6.3824E+2	2.9245E+2
6.3826E+2	2.8876E+2
6.3828E+2	2.9546E+2
6.3830E+2	2.8613E+2
6.3832E+2	3.1613E+2
6.3834E+2	2.8163E+2
6.3836E+2	3.2579E+2
6.3838E+2	3.2598E+2
6.3840E+2	2.6221E+2
6.3842E+2	2.2270E+2
6.3844E+2	3.0976E+2
6.3846E+2	2.3696E+2
6.3848E+2	2.7362E+2
6.3850E+2	2.8972E+2
6.3852E+2	4.5712E+2
6.3854E+2	3.1494E+2
6.3856E+2	3.8531E+2
6.3858E+2	3.3728E+2
6.3860E+2	3.9585E+2
6.3862E+2	3.7280E+2
6.3864E+2	4.3007E+2
6.3866E+2	3.1764E+2
6.3868E+2	3.5676E+2
6.3870E+2	4.2510E+2
6.3872E+2	3.1955E+2
6.3874E+2	4.7367E+2
6.3876E+2	3.7577E+2
6.3878E+2	3.3271E+2
6.3880E+2	4.0865E+2
6.3882E+2	4.4591E+2
6.3884E+2	5.0053E+2
6.3886E+2	4.9390E+2
6.3888E+2	3.9557E+2
6.3890E+2	4.5360E+2
6.3892E+2	6.1914E+2
6.3894E+2	6.3957E+2
6.3896E+2	6.6328E+2
6.3898E+2	6.2747E+2
6.3900E+2	1.2079E+3
6.3902E+2	2.5377E+3
6.3904E+2	5.7791E+3
6.3906E+2	9.1585E+3
6.3908E+2	1.2847E+4
6.3910E+2	1.6592E+4
6.3912E+2	2.2020E+4
6.3914E+2	2.6504E+4
6.3916E+2	2.9702E+4
6.3918E+2	3.3044E+4
6.3920E+2	3.2318E+4
6.3922E+2	3.0217E+4
6.3924E+2	2.7092E+4
6.3926E+2	2.3703E+4
6.3928E+2	1.9625E+4
6.3930E+2	1.5411E+4
6.3932E+2	1.1101E+4
6.3934E+2	6.8652E+3
6.3936E+2	4.3987E+3
6.3938E+2	2.5768E+3
6.3940E+2	1.5716E+3
6.3942E+2	9.3957E+2
6.3944E+2	6.3357E+2
6.3946E+2	4.7500E+2
6.3948E+2	5.1143E+2
6.3950E+2	5.3271E+2
6.3952E+2	5.3316E+2
6.3954E+2	5.2438E+2
6.3956E+2	5.1554E+2
6.3958E+2	4.8641E+2
6.3960E+2	4.7012E+2
6.3962E+2	5.0793E+2
6.3964E+2	5.1164E+2
6.3966E+2	5.6662E+2
6.3968E+2	5.9499E+2
6.3970E+2	4.0601E+2
6.3972E+2	3.9678E+2
6.3974E+2	4.7056E+2
6.3976E+2	4.5435E+2
6.3978E+2	6.7702E+2
6.3980E+2	5.5681E+2
6.3982E+2	5.6269E+2
6.3984E+2	6.6540E+2
6.3986E+2	4.7487E+2
6.3988E+2	6.1924E+2
6.3990E+2	5.6972E+2
6.3992E+2	5.7737E+2
6.3994E+2	4.7633E+2
6.3996E+2	6.3578E+2
6.3998E+2	4.3706E+2
6.4000E+2	5.4892E+2
6.4002E+2	6.2567E+2
6.4004E+2	5.7412E+2
6.4006E+2	5.1715E+2
6.4008E+2	5.9652E+2
6.4010E+2	7.2230E+2
6.4012E+2	6.6509E+2
6.4014E+2	4.9510E+2
6.4016E+2	6.8022E+2
6.4018E+2	6.3443E+2
6.4020E+2	5.4247E+2
6.4022E+2	6.8816E+2
6.4024E+2	8.2796E+2
6.4026E+2	6.6360E+2
6.4028E+2	6.3957E+2
6.4030E+2	6.9397E+2
6.4032E+2	6.9280E+2
6.4034E+2	5.8583E+2
6.4036E+2	7.3147E+2
6.4038E+2	7.9190E+2
6.4040E+2	4.8476E+2
6.4042E+2	6.5177E+2
6.4044E+2	9.8785E+2
6.4046E+2	7.4333E+2
6.4048E+2	7.6112E+2
6.4050E+2	7.1010E+2
6.4052E+2	7.9133E+2
6.4054E+2	9.3225E+2
6.4056E+2	7.2777E+2
6.4058E+2	9.5594E+2
6.4060E+2	7.8151E+2
6.4062E+2	7.6771E+2
6.4064E+2	9.5474E+2
6.4066E+2	7.8915E+2
6.4068E+2	9.6837E+2
6.4070E+2	1.0936E+3
6.4072E+2	1.2294E+3
6.4074E+2	1.5769E+3
6.4076E+2	1.6138E+3
6.4078E+2	2.6675E+3
6.4080E+2	5.5146E+3
6.4082E+2	1.4732E+4
6.4084E+2	2.4917E+4
6.4086E+2	3.9240E+4
6.4088E+2	5.2779E+4
6.4090E+2	6.9742E+4
6.4092E+2	8.1519E+4
6.4094E+2	9.6593E+4
6.4096E+2	1.0420E+5
6.4098E+2	1.0132E+5
6.4100E+2	9.5501E+4
6.4102E+2	8.1454E+4
6.4104E+2	7.1460E+4
6.4106E+2	5.4416E+4
6.4108E+2	3.8306E+4
6.4110E+2	2.2795E+4
6.4112E+2	1.3472E+4
6.4114E+2	7.6459E+3
6.4116E+2	4.0044E+3
6.4118E+2	1.9518E+3
6.4120E+2	1.0338E+3
6.4122E+2	8.5572E+2
6.4124E+2	6.3053E+2
6.4126E+2	5.8934E+2
6.4128E+2	7.7350E+2
6.4130E+2	9.1301E+2
6.4132E+2	9.4447E+2
6.4134E+2	5.4952E+2
6.4136E+2	6.5381E+2
6.4138E+2	5.6638E+2
6.4140E+2	6.9138E+2
6.4142E+2	6.8963E+2
6.4144E+2	7.7658E+2
6.4146E+2	7.3125E+2
6.4148E+2	5.3061E+2
6.4150E+2	7.2973E+2
6.4152E+2	6.6410E+2
6.4154E+2	6.6012E+2
6.4156E+2	6.3555E+2
6.4158E+2	4.8193E+2
6.4160E+2	7.0387E+2
6.4162E+2	6.8989E+2
6.4164E+2	6.7546E+2
6.4166E+2	4.5180E+2
6.4168E+2	6.7481E+2
6.4170E+2	7.4958E+2
6.4172E+2	5.3145E+2
6.4174E+2	7.9655E+2
6.4176E+2	4.5677E+2
6.4178E+2	6.0805E+2
6.4180E+2	4.6941E+2
6.4182E+2	5.5637E+2
6.4184E+2	5.7499E+2
6.4186E+2	5.1062E+2
6.4188E+2	5.7702E+2
6.4190E+2	5.7306E+2
6.4192E+2	4.7129E+2
6.4194E+2	4.7343E+2
6.4196E+2	4.5729E+2
6.4198E+2	5.3118E+2
6.4200E+2	4.9363E+2
6.4202E+2	4.7567E+2
6.4204E+2	3.8356E+2
6.4206E+2	5.0363E+2
6.4208E+2	4.1318E+2
6.4210E+2	4.0922E+2
6.4212E+2	5.1299E+2
6.4214E+2	3.4422E+2
6.4216E+2	3.9522E+2
6.4218E+2	3.2380E+2
6.4220E+2	4.4883E+2
6.4222E+2	2.7539E+2
6.4224E+2	4.2554E+2
6.4226E+2	3.6041E+2
6.4228E+2	3.6077E+2
6.4230E+2	3.9529E+2
6.4232E+2	2.9268E+2
6.4234E+2	3.3849E+2
6.4236E+2	3.1497E+2
6.4238E+2	4.6378E+2
6.4240E+2	3.7503E+2
6.4242E+2	2.6421E+2
6.4244E+2	3.3890E+2
6.4246E+2	3.3727E+2
6.4248E+2	4.1710E+2
6.4250E+2	3.3670E+2
6.4252E+2	3.1835E+2
6.4254E+2	3.3829E+2
6.4256E+2	3.3677E+2
6.4258E+2	3.2514E+2
6.4260E+2	2.6977E+2
6.4262E+2	3.4017E+2
6.4264E+2	2.3991E+2
6.4266E+2	3.3504E+2
6.4268E+2	2.4305E+2
6.4270E+2	3.7405E+2
6.4272E+2	2.9272E+2
6.4274E+2	3.1736E+2
6.4276E+2	2.2627E+2
6.4278E+2	2.7576E+2
6.4280E+2	2.9191E+2
6.4282E+2	2.8208E+2
6.4284E+2	2.8372E+2
6.4286E+2	2.3632E+2
6.4288E+2	2.7460E+2
6.4290E+2	2.9539E+2
6.4292E+2	2.9820E+2
6.4294E+2	2.4856E+2
6.4296E+2	3.9100E+2
6.4298E+2	2.7718E+2
6.4300E+2	3.0286E+2
6.4302E+2	1.2943E+2
6.4304E+2	2.9706E+2
6.4306E+2	2.6121E+2
6.4308E+2	1.9052E+2
6.4310E+2	2.9697E+2
6.4312E+2	2.7882E+2
6.4314E+2	2.3721E+2
6.4316E+2	2.4498E+2
6.4318E+2	2.3895E+2
6.4320E+2	1.8210E+2
6.4322E+2	2.1521E+2
6.4324E+2	2.0619E+2
6.4326E+2	2.4983E+2
6.4328E+2	2.3413E+2
6.4330E+2	2.3362E+2
6.4332E+2	1.7935E+2
6.4334E+2	1.5197E+2
6.4336E+2	1.9061E+2
6.4338E+2	2.0583E+2
6.4340E+2	2.5812E+2
6.4342E+2	1.9149E+2
6.4344E+2	1.9770E+2
6.4346E+2	1.8407E+2
6.4348E+2	1.9776E+2
6.4350E+2	1.9007E+2
6.4352E+2	1.5533E+2
6.4354E+2	1.5191E+2
6.4356E+2	1.4867E+2
6.4358E+2	1.5493E+2
6.4360E+2	1.5515E+2
6.4362E+2	1.7747E+2
6.4364E+2	1.7844E+2
6.4366E+2	2.1709E+2
6.4368E+2	1.5561E+2
6.4370E+2	1.5315E+2
6.4372E+2	2.1603E+2
6.4374E+2	1.7105E+2
6.4376E+2	1.8860E+2
6.4378E+2	1.3706E+2
6.4380E+2	2.1070E+2
6.4382E+2	1.7055E+2
6.4384E+2	1.7119E+2
6.4386E+2	1.6618E+2
6.4388E+2	1.5463E+2
6.4390E+2	1.7218E+2
6.4392E+2	1.9731E+2
6.4394E+2	1.5430E+2
6.4396E+2	1.8456E+2
6.4398E+2	1.6358E+2
6.4400E+2	1.5844E+2
6.4402E+2	1.7701E+2
6.4404E+2	1.5005E+2
6.4406E+2	1.9271E+2
6.4408E+2	1.6947E+2
6.4410E+2	1.4621E+2
6.4412E+2	1.6451E+2
6.4414E+2	1.4609E+2
6.4416E+2	1.9615E+2
6.4418E+2	1.8028E+2
6.4420E+2	1.4616E+2
6.4422E+2	1.8364E+2
6.4424E+2	1.8783E+2
6.4426E+2	1.4769E+2
6.4428E+2	1.9767E+2
6.4430E+2	1.9726E+2
6.4432E+2	1.3847E+2
6.4434E+2	1.7610E+2
6.4436E+2	1.4872E+2
6.4438E+2	1.5229E+2
6.4440E+2	1.8837E+2
6.4442E+2	1.7895E+2
6.4444E+2	1.0283E+2
6.4446E+2	1.4903E+2
6.4448E+2	1.4627E+2
6.4450E+2	1.6120E+2
6.4452E+2	1.7772E+2
6.4454E+2	1.9783E+2
6.4456E+2	1.3836E+2
6.4458E+2	1.7926E+2
6.4460E+2	1.5943E+2
6.4462E+2	1.2119E+2
6.4464E+2	1.0484E+2
6.4466E+2	2.0625E+2
6.4468E+2	1.7142E+2
6.4470E+2	1.8942E+2
6.4472E+2	1.8466E+2
6.4474E+2	1.5861E+2
6.4476E+2	1.7330E+2
6.4478E+2	1.9281E+2
6.4480E+2	1.8768E+2
6.4482E+2	1.4506E+2
6.4484E+2	1.3744E+2
6.4486E+2	1.3953E+2
6.4488E+2	1.3172E+2
6.4490E+2	1.5247E+2
6.4492E+2	1.7248E+2
6.4494E+2	1.3895E+2
6.4496E+2	1.7118E+2
6.4498E+2	1.3085E+2
6.4500E+2	1.4555E+2
