6.3500E+2	4.1653E+2
6.3502E+2	3.6031E+2
6.3504E+2	4.1179E+2
6.3506E+2	3.7220E+2
6.3508E+2	3.7822E+2
6.3510E+2	4.0352E+2
6.3512E+2	3.2931E+2
6.3514E+2	3.3080E+2
6.3516E+2	3.5223E+2
6.3518E+2	4.0292E+2
6.3520E+2	4.0626E+2
6.3522E+2	4.2924E+2
6.3524E+2	3.3521E+2
6.3526E+2	3.7570E+2
6.3528E+2	3.3503E+2
6.3530E+2	3.3464E+2
6.3532E+2	3.7025E+2
6.3534E+2	3.4361E+2
6.3536E+2	4.0255E+2
6.3538E+2	2.2161E+2
6.3540E+2	3.0360E+2
6.3542E+2	2.6976E+2
6.3544E+2	3.5805E+2
6.3546E+2	2.9085E+2
6.3548E+2	3.4309E+2
6.3550E+2	2.1638E+2
6.3552E+2	2.9453E+2
6.3554E+2	3.9341E+2
6.3556E+2	3.5206E+2
6.3558E+2	2.5371E+2
6.3560E+2	3.7262E+2
6.3562E+2	3.3222E+2
6.3564E+2	2.3905E+2
6.3566E+2	2.8967E+2
6.3568E+2	2.3681E+2
6.3570E+2	3.1046E+2
6.3572E+2	2.7865E+2
6.3574E+2	1.7824E+2
6.3576E+2	2.3997E+2
6.3578E+2	2.8319E+2
6.3580E+2	2.0296E+2
6.3582E+2	2.9036E+2
6.3584E+2	2.9868E+2
6.3586E+2	2.2152E+2
6.3588E+2	2.8425E+2
6.3590E+2	3.4570E+2
6.3592E+2	3.7628E+2
6.3594E+2	2.7606E+2
6.3596E+2	2.7891E+2
6.3598E+2	3.0498E+2
6.3600E+2	2.6414E+2
6.3602E+2	3.2478E+2
6.3604E+2	3.5984E+2
6.3606E+2	2.5746E+2
6.3608E+2	3.3143E+2
6.3610E+2	3.1051E+2
6.3612E+2	2.7065E+2
6.3614E+2	2.4855E+2
6.3616E+2	2.5225E+2
6.3618E+2	2.4671E+2
6.3620E+2	2.9598E+2
6.3622E+2	2.5122E+2
6.3624E+2	3.5522E+2
6.3626E+2	2.9654E+2
6.3628E+2	2.7454E+2
6.3630E+2	2.8729E+2
6.3632E+2	2.6847E+2
6.3634E+2	3.0669E+2
6.3636E+2	2.6696E+2
6.3638E+2	2.6496E+2
6.3640E+2	2.2992E+2
6.3642E+2	2.8930E+2
6.3644E+2	2.9538E+2
6.3646E+2	2.7851E+2
6.3648E+2	3.4545E+2
6.3650E+2	3.2081E+2
6.3652E+2	2.7401E+2
6.3654E+2	2.7061E+2
6.3656E+2	3.6916E+2
6.3658E+2	2.6144E+2
6.3660E+2	3.0492E+2
6.3662E+2	3.2886E+2
6.3664E+2	3.3742E+2
6.3666E+2	2.7150E+2
6.3668E+2	2.5633E+2
6.3670E+2	2.6871E+2
6.3672E+2	2.8491E+2
6.3674E+2	2.1113E+2
6.3676E+2	2.8985E+2
6.3678E+2	2.5676E+2
6.3680E+2	3.1504E+2
6.3682E+2	3.1318E+2
6.3684E+2	3.1909E+2
6.3686E+2	2.4803E+2
6.3688E+2	2.7510E+2
6.3690E+2	3.5223E+2
6.3692E+2	2.0157E+2
6.3694E+2	2.2760E+2
6.3696E+2	2.7403E+2
6.3698E+2	3.0120E+2
6.3700E+2	2.7829E+2
6.3702E+2	2.5657E+2
6.3704E+2	2.6674E+2
6.3706E+2	3.1277E+2
6.3708E+2	2.7332E+2
6.3710E+2	3.8303E+2
6.3712E+2	2.7670E+2
6.3714E+2	2.5107E+2
6.3716E+2	2.1094E+2
6.3718E+2	2.6933E+2
6.3720E+2	2.7353E+2
6.3722E+2	2.8060E+2
6.3724E+2	2.9848E+2
6.3726E+2	2.9334E+2
6.3728E+2	2.6726E+2
6.3730E+2	3.1403E+2
6.3732E+2	2.9770E+2
6.3734E+2	2.6770E+2
6.3736E+2	3.1096E+2
6.3738E+2	3.2447E+2
6.3740E+2	3.2523E+2
6.3742E+2	3.1663E+2
6.3744E+2	3.3464E+2
6.3746E+2	2.5488E+2
6.3748E+2	2.7735E+2
6.3750E+2	3.3466E+2
6.3752E+2	3.3375E+2
6.3754E+2	3.4063E+2
6.3756E+2	2.9822E+2
6.3758E+2	3.0216E+2
6.3760E+2	2.7642E+2
6.3762E+2	3.2682E+2
6.3764E+2	2.7242E+2
6.3766E+2	4.0801E+2
6.3768E+2	3.5698E+2
6.3770E+2	3.2714E+2
6.3772E+2	3.0733E+2
6.3774E+2	3.7075E+2
6.3776E+2	3.5242E+2
6.3778E+2	2.9305E+2
6.3780E+2	2.7852E+2
6.3782E+2	2.9136E+2
6.3784E+2	3.2982E+2
6.3786E+2	2.5554E+2
6.3788E+2	2.9312E+2
6.3790E+2	3.4184E+2
6.3792E+2	3.5277E+2
6.3794E+2	2.6279E+2
6.3796E+2	3.5078E+2
6.3798E+2	3.5743E+2
6.3800E+2	3.0362E+2
6.3802E+2	2.9874E+2
6.3804E+2	2.6212E+2
6.3806E+2	3.4964E+2
6.3808E+2	3.2318E+2
6.3810E+2	2.9781E+2
6.3812E+2	2.9538E+2
6.3814E+2	3.2417E+2
6.3816E+2	3.7006E+2
6.3818E+2	3.3635E+2
6.3820E+2	3.5496E+2
6.3822E+2	3.7609E+2
6.3824E+2	4.1819E+2
6.3826E+2	3.1925E+2
6.3828E+2	4.2909E+2
6.3830E+2	3.3953E+2
6.3832E+2	3.5346E+2
6.3834E+2	3.5113E+2
6.3836E+2	3.2537E+2
6.3838E+2	2.6392E+2
6.3840E+2	4.0403E+2
6.3842E+2	3.9719E+2
6.3844E+2	2.9075E+2
6.3846E+2	3.6471E+2
6.3848E+2	3.4405E+2
6.3850E+2	2.8976E+2
6.3852E+2	3.9549E+2
6.3854E+2	3.0324E+2
6.3856E+2	4.1639E+2
6.3858E+2	3.7309E+2
6.3860E+2	3.6486E+2
6.3862E+2	3.5207E+2
6.3864E+2	3.6702E+2
6.3866E+2	3.2527E+2
6.3868E+2	3.3492E+2
6.3870E+2	3.2252E+2
6.3872E+2	2.7325E+2
6.3874E+2	3.9252E+2
6.3876E+2	2.7864E+2
6.3878E+2	3.1225E+2
6.3880E+2	4.6265E+2
6.3882E+2	4.3843E+2
6.3884E+2	3.5287E+2
6.3886E+2	4.7112E+2
6.3888E+2	4.0242E+2
6.3890E+2	3.9819E+2
6.3892E+2	3.3084E+2
6.3894E+2	4.3010E+2
6.3896E+2	3.6379E+2
6.3898E+2	4.0273E+2
6.3900E+2	3.2397E+2
6.3902E+2	3.4101E+2
6.3904E+2	3.5747E+2
6.3906E+2	4.0483E+2
6.3908E+2	4.1021E+2
6.3910E+2	4.1409E+2
6.3912E+2	3.7297E+2
6.3914E+2	4.0686E+2
6.3916E+2	5.1514E+2
6.3918E+2	6.3520E+2
6.3920E+2	8.0323E+2
6.3922E+2	1.0315E+3
6.3924E+2	2.9558E+3
6.3926E+2	8.0829E+3
6.3928E+2	1.3354E+4
6.3930E+2	1.6230E+4
6.3932E+2	1.8249E+4
6.3934E+2	1.5029E+4
6.3936E+2	1.1148E+4
6.3938E+2	9.0353E+3
6.3940E+2	6.5379E+3
6.3942E+2	4.9366E+3
6.3944E+2	3.5791E+3
6.3946E+2	3.2317E+3
6.3948E+2	2.2672E+3
6.3950E+2	1.6927E+3
6.3952E+2	1.2450E+3
6.3954E+2	8.6305E+2
6.3956E+2	4.9522E+2
6.3958E+2	5.0164E+2
6.3960E+2	4.3863E+2
6.3962E+2	4.7423E+2
6.3964E+2	4.2339E+2
6.3966E+2	5.1709E+2
6.3968E+2	4.0639E+2
6.3970E+2	3.8193E+2
6.3972E+2	4.0447E+2
6.3974E+2	3.7218E+2
6.3976E+2	3.6519E+2
6.3978E+2	3.9701E+2
6.3980E+2	3.0490E+2
6.3982E+2	3.9575E+2
6.3984E+2	3.8976E+2
6.3986E+2	4.7468E+2
6.3988E+2	3.4557E+2
6.3990E+2	3.5208E+2
6.3992E+2	3.7691E+2
6.3994E+2	4.7302E+2
6.3996E+2	3.9755E+2
6.3998E+2	3.9241E+2
6.4000E+2	3.6271E+2
6.4002E+2	4.6126E+2
6.4004E+2	4.1718E+2
6.4006E+2	3.9436E+2
6.4008E+2	3.0447E+2
6.4010E+2	4.3279E+2
6.4012E+2	5.7676E+2
6.4014E+2	4.5650E+2
6.4016E+2	4.3216E+2
6.4018E+2	5.3248E+2
6.4020E+2	4.5131E+2
6.4022E+2	4.1507E+2
6.4024E+2	4.3294E+2
6.4026E+2	4.5974E+2
6.4028E+2	4.1489E+2
6.4030E+2	3.5565E+2
6.4032E+2	4.7618E+2
6.4034E+2	5.5159E+2
6.4036E+2	3.9323E+2
6.4038E+2	2.5664E+2
6.4040E+2	4.5726E+2
6.4042E+2	3.6928E+2
6.4044E+2	4.2431E+2
6.4046E+2	3.5852E+2
6.4048E+2	3.7840E+2
6.4050E+2	4.0006E+2
6.4052E+2	5.2803E+2
6.4054E+2	5.5702E+2
6.4056E+2	4.1612E+2
6.4058E+2	4.3737E+2
6.4060E+2	4.6984E+2
6.4062E+2	5.1177E+2
6.4064E+2	5.7485E+2
6.4066E+2	3.6971E+2
6.4068E+2	4.3753E+2
6.4070E+2	5.3404E+2
6.4072E+2	4.1115E+2
6.4074E+2	4.1594E+2
6.4076E+2	4.8888E+2
6.4078E+2	6.2684E+2
6.4080E+2	4.3110E+2
6.4082E+2	3.9344E+2
6.4084E+2	5.2792E+2
6.4086E+2	4.7718E+2
6.4088E+2	4.5682E+2
6.4090E+2	6.5387E+2
6.4092E+2	8.5128E+2
6.4094E+2	7.4708E+2
6.4096E+2	1.3346E+3
6.4098E+2	2.3377E+3
6.4100E+2	4.5332E+3
6.4102E+2	1.3764E+4
6.4104E+2	3.2616E+4
6.4106E+2	5.1153E+4
6.4108E+2	6.0438E+4
6.4110E+2	5.5346E+4
6.4112E+2	4.1154E+4
6.4114E+2	3.1347E+4
6.4116E+2	2.1808E+4
6.4118E+2	1.5991E+4
6.4120E+2	1.3008E+4
6.4122E+2	1.0168E+4
6.4124E+2	7.1451E+3
6.4126E+2	5.2615E+3
6.4128E+2	3.6122E+3
6.4130E+2	2.3057E+3
6.4132E+2	1.6073E+3
6.4134E+2	1.0053E+3
6.4136E+2	5.5498E+2
6.4138E+2	6.0489E+2
6.4140E+2	7.4181E+2
6.4142E+2	4.5757E+2
6.4144E+2	4.9785E+2
6.4146E+2	4.9312E+2
6.4148E+2	5.9058E+2
6.4150E+2	3.6404E+2
6.4152E+2	5.0224E+2
6.4154E+2	4.4428E+2
6.4156E+2	5.0997E+2
6.4158E+2	4.9005E+2
6.4160E+2	4.9698E+2
6.4162E+2	3.1293E+2
6.4164E+2	5.2119E+2
6.4166E+2	5.1676E+2
6.4168E+2	4.3246E+2
6.4170E+2	3.6408E+2
6.4172E+2	4.7678E+2
6.4174E+2	3.6636E+2
6.4176E+2	4.5748E+2
6.4178E+2	4.4849E+2
6.4180E+2	5.1718E+2
6.4182E+2	4.9480E+2
6.4184E+2	4.3991E+2
6.4186E+2	4.6999E+2
6.4188E+2	3.6640E+2
6.4190E+2	2.9273E+2
6.4192E+2	3.9888E+2
6.4194E+2	4.5658E+2
6.4196E+2	3.4037E+2
6.4198E+2	2.9947E+2
6.4200E+2	4.3525E+2
6.4202E+2	3.3703E+2
6.4204E+2	3.9711E+2
6.4206E+2	3.1762E+2
6.4208E+2	2.9194E+2
6.4210E+2	4.3797E+2
6.4212E+2	4.3337E+2
6.4214E+2	2.8584E+2
6.4216E+2	3.2676E+2
6.4218E+2	3.1524E+2
6.4220E+2	2.5587E+2
6.4222E+2	3.1691E+2
6.4224E+2	2.6754E+2
6.4226E+2	2.9310E+2
6.4228E+2	2.9473E+2
6.4230E+2	2.4999E+2
6.4232E+2	3.7332E+2
6.4234E+2	3.3700E+2
6.4236E+2	2.2838E+2
6.4238E+2	2.3620E+2
6.4240E+2	3.0812E+2
6.4242E+2	3.5663E+2
6.4244E+2	2.7440E+2
6.4246E+2	2.8887E+2
6.4248E+2	3.5764E+2
6.4250E+2	2.5990E+2
6.4252E+2	2.4879E+2
6.4254E+2	2.6218E+2
6.4256E+2	2.5372E+2
6.4258E+2	3.1322E+2
6.4260E+2	2.4397E+2
6.4262E+2	2.9826E+2
6.4264E+2	3.2121E+2
6.4266E+2	2.4174E+2
6.4268E+2	2.3053E+2
6.4270E+2	2.2987E+2
6.4272E+2	2.1844E+2
6.4274E+2	2.0994E+2
6.4276E+2	1.8981E+2
6.4278E+2	2.2425E+2
6.4280E+2	2.4523E+2
6.4282E+2	2.2329E+2
6.4284E+2	2.7354E+2
6.4286E+2	2.3868E+2
6.4288E+2	2.3047E+2
6.4290E+2	2.3279E+2
6.4292E+2	2.8415E+2
6.4294E+2	2.1289E+2
6.4296E+2	2.0751E+2
6.4298E+2	1.9191E+2
6.4300E+2	2.9155E+2
6.4302E+2	2.1576E+2
6.4304E+2	2.3359E+2
6.4306E+2	1.7854E+2
6.4308E+2	2.1303E+2
6.4310E+2	2.4165E+2
6.4312E+2	1.5307E+2
6.4314E+2	2.3807E+2
6.4316E+2	1.9487E+2
6.4318E+2	1.9737E+2
6.4320E+2	2.3094E+2
6.4322E+2	1.8114E+2
6.4324E+2	2.1034E+2
6.4326E+2	2.0895E+2
6.4328E+2	2.1915E+2
6.4330E+2	2.3816E+2
6.4332E+2	2.1135E+2
6.4334E+2	2.4251E+2
6.4336E+2	2.2634E+2
6.4338E+2	1.6777E+2
6.4340E+2	1.8421E+2
6.4342E+2	2.3634E+2
6.4344E+2	1.9907E+2
6.4346E+2	2.0608E+2
6.4348E+2	2.0960E+2
6.4350E+2	1.8044E+2
6.4352E+2	1.9694E+2
6.4354E+2	1.9537E+2
6.4356E+2	1.7201E+2
6.4358E+2	2.4464E+2
6.4360E+2	2.4071E+2
6.4362E+2	2.2883E+2
6.4364E+2	2.2368E+2
6.4366E+2	1.5824E+2
6.4368E+2	2.5150E+2
6.4370E+2	2.5574E+2
6.4372E+2	2.5131E+2
6.4374E+2	2.2943E+2
6.4376E+2	2.5042E+2
6.4378E+2	1.8862E+2
6.4380E+2	2.0568E+2
6.4382E+2	2.0287E+2
6.4384E+2	2.0702E+2
6.4386E+2	2.3817E+2
6.4388E+2	1.9590E+2
6.4390E+2	1.8123E+2
6.4392E+2	2.2147E+2
6.4394E+2	2.0300E+2
6.4396E+2	1.9778E+2
6.4398E+2	2.1187E+2
6.4400E+2	2.3237E+2
6.4402E+2	2.3643E+2
6.4404E+2	2.4823E+2
6.4406E+2	2.0997E+2
6.4408E+2	2.3347E+2
6.4410E+2	1.9951E+2
6.4412E+2	2.0244E+2
6.4414E+2	2.0799E+2
6.4416E+2	2.1684E+2
6.4418E+2	2.2801E+2
6.4420E+2	1.7898E+2
6.4422E+2	2.0150E+2
6.4424E+2	1.9878E+2
6.4426E+2	1.8973E+2
6.4428E+2	2.6349E+2
6.4430E+2	2.3802E+2
6.4432E+2	1.4536E+2
6.4434E+2	1.7839E+2
6.4436E+2	1.7100E+2
6.4438E+2	1.5886E+2
6.4440E+2	1.9085E+2
6.4442E+2	1.9887E+2
6.4444E+2	2.1846E+2
6.4446E+2	2.0561E+2
6.4448E+2	2.6819E+2
6.4450E+2	1.6513E+2
6.4452E+2	2.0914E+2
6.4454E+2	2.1858E+2
6.4456E+2	2.7622E+2
6.4458E+2	2.5335E+2
6.4460E+2	1.8065E+2
6.4462E+2	2.1600E+2
6.4464E+2	2.2152E+2
6.4466E+2	2.6293E+2
6.4468E+2	1.9995E+2
6.4470E+2	2.0568E+2
6.4472E+2	1.8173E+2
6.4474E+2	1.9029E+2
6.4476E+2	1.5535E+2
6.4478E+2	2.0181E+2
6.4480E+2	2.3403E+2
6.4482E+2	2.3764E+2
6.4484E+2	2.0201E+2
6.4486E+2	2.0781E+2
6.4488E+2	2.2563E+2
6.4490E+2	1.9917E+2
6.4492E+2	2.4230E+2
6.4494E+2	1.6375E+2
6.4496E+2	2.2800E+2
6.4498E+2	2.0735E+2
6.4500E+2	1.8844E+2
