6.3500E+2	6.0688E+2
6.3502E+2	8.4840E+2
6.3504E+2	5.6845E+2
6.3506E+2	8.6426E+2
6.3508E+2	8.5993E+2
6.3510E+2	6.5459E+2
6.3512E+2	6.5568E+2
6.3514E+2	4.3908E+2
6.3516E+2	5.1333E+2
6.3518E+2	6.9560E+2
6.3520E+2	8.6800E+2
6.3522E+2	5.3540E+2
6.3524E+2	7.2453E+2
6.3526E+2	6.1674E+2
6.3528E+2	5.5983E+2
6.3530E+2	4.1305E+2
6.3532E+2	6.4639E+2
6.3534E+2	6.2823E+2
6.3536E+2	4.3713E+2
6.3538E+2	5.7511E+2
6.3540E+2	6.5483E+2
6.3542E+2	5.9619E+2
6.3544E+2	4.7456E+2
6.3546E+2	4.1010E+2
6.3548E+2	4.3367E+2
6.3550E+2	5.7565E+2
6.3552E+2	5.5347E+2
6.3554E+2	4.2974E+2
6.3556E+2	5.3143E+2
6.3558E+2	5.4962E+2
6.3560E+2	4.5614E+2
6.3562E+2	3.9283E+2
6.3564E+2	3.3024E+2
6.3566E+2	4.2231E+2
6.3568E+2	3.3796E+2
6.3570E+2	3.2088E+2
6.3572E+2	3.1747E+2
6.3574E+2	3.3248E+2
6.3576E+2	3.7439E+2
6.3578E+2	3.4630E+2
6.3580E+2	3.1158E+2
6.3582E+2	3.2388E+2
6.3584E+2	3.9537E+2
6.3586E+2	4.6156E+2
6.3588E+2	3.5485E+2
6.3590E+2	3.4696E+2
6.3592E+2	4.1367E+2
6.3594E+2	3.3744E+2
6.3596E+2	4.4927E+2
6.3598E+2	3.1767E+2
6.3600E+2	2.7653E+2
6.3602E+2	3.1548E+2
6.3604E+2	3.3959E+2
6.3606E+2	3.0765E+2
6.3608E+2	3.1843E+2
6.3610E+2	4.3475E+2
6.3612E+2	2.4269E+2
6.3614E+2	3.1739E+2
6.3616E+2	2.4840E+2
6.3618E+2	2.7584E+2
6.3620E+2	2.1581E+2
6.3622E+2	2.7753E+2
6.3624E+2	2.5961E+2
6.3626E+2	2.4051E+2
6.3628E+2	2.0991E+2
6.3630E+2	1.7590E+2
6.3632E+2	2.4300E+2
6.3634E+2	3.1883E+2
6.3636E+2	2.5570E+2
6.3638E+2	3.1509E+2
6.3640E+2	2.1586E+2
6.3642E+2	2.2713E+2
6.3644E+2	2.7760E+2
6.3646E+2	2.4850E+2
6.3648E+2	2.7616E+2
6.3650E+2	2.3744E+2
6.3652E+2	2.2243E+2
6.3654E+2	2.3997E+2
6.3656E+2	1.9585E+2
6.3658E+2	2.0727E+2
6.3660E+2	2.0433E+2
6.3662E+2	1.8985E+2
6.3664E+2	1.8464E+2
6.3666E+2	2.3219E+2
6.3668E+2	2.6670E+2
6.3670E+2	2.2701E+2
6.3672E+2	1.8403E+2
6.3674E+2	1.3744E+2
6.3676E+2	1.7013E+2
6.3678E+2	1.3680E+2
6.3680E+2	1.4898E+2
6.3682E+2	1.6408E+2
6.3684E+2	2.0567E+2
6.3686E+2	1.5710E+2
6.3688E+2	1.9217E+2
6.3690E+2	1.7231E+2
6.3692E+2	1.7824E+2
6.3694E+2	1.7620E+2
6.3696E+2	1.5570E+2
6.3698E+2	1.9411E+2
6.3700E+2	1.5180E+2
6.3702E+2	1.7661E+2
6.3704E+2	2.0602E+2
6.3706E+2	1.9744E+2
6.3708E+2	1.6643E+2
6.3710E+2	1.7310E+2
6.3712E+2	1.6553E+2
6.3714E+2	1.9260E+2
6.3716E+2	1.3381E+2
6.3718E+2	1.8853E+2
6.3720E+2	2.5760E+2
6.3722E+2	2.5604E+2
6.3724E+2	2.0974E+2
6.3726E+2	2.6681E+2
6.3728E+2	2.4763E+2
6.3730E+2	2.0719E+2
6.3732E+2	1.8676E+2
6.3734E+2	2.7425E+2
6.3736E+2	2.4009E+2
6.3738E+2	2.1443E+2
6.3740E+2	1.6568E+2
6.3742E+2	2.1642E+2
6.3744E+2	1.7468E+2
6.3746E+2	2.4474E+2
6.3748E+2	2.3695E+2
6.3750E+2	1.9891E+2
6.3752E+2	2.0949E+2
6.3754E+2	2.2310E+2
6.3756E+2	2.8572E+2
6.3758E+2	2.4635E+2
6.3760E+2	2.0315E+2
6.3762E+2	2.0781E+2
6.3764E+2	2.7077E+2
6.3766E+2	2.4754E+2
6.3768E+2	2.7568E+2
6.3770E+2	2.7804E+2
6.3772E+2	2.5702E+2
6.3774E+2	2.4790E+2
6.3776E+2	1.6921E+2
6.3778E+2	1.9796E+2
6.3780E+2	2.0676E+2
6.3782E+2	2.1716E+2
6.3784E+2	3.3861E+2
6.3786E+2	3.1608E+2
6.3788E+2	4.1908E+2
6.3790E+2	3.1624E+2
6.3792E+2	2.6748E+2
6.3794E+2	3.9296E+2
6.3796E+2	2.5717E+2
6.3798E+2	2.7893E+2
6.3800E+2	3.3474E+2
6.3802E+2	2.6860E+2
6.3804E+2	3.3404E+2
6.3806E+2	3.2297E+2
6.3808E+2	3.9647E+2
6.3810E+2	3.1287E+2
6.3812E+2	3.9441E+2
6.3814E+2	3.5238E+2
6.3816E+2	3.3819E+2
6.3818E+2	3.5401E+2
6.3820E+2	3.9614E+2
6.3822E+2	4.2492E+2
6.3824E+2	3.3197E+2
6.3826E+2	4.0687E+2
6.3828E+2	4.0986E+2
6.3830E+2	4.9108E+2
6.3832E+2	3.7223E+2
6.3834E+2	5.0890E+2
6.3836E+2	4.1620E+2
6.3838E+2	3.9830E+2
6.3840E+2	4.9019E+2
6.3842E+2	4.5454E+2
6.3844E+2	4.3263E+2
6.3846E+2	4.5357E+2
6.3848E+2	4.3341E+2
6.3850E+2	5.3543E+2
6.3852E+2	5.1621E+2
6.3854E+2	4.3455E+2
6.3856E+2	5.9469E+2
6.3858E+2	4.2510E+2
6.3860E+2	5.3161E+2
6.3862E+2	4.6804E+2
6.3864E+2	6.2725E+2
6.3866E+2	5.2839E+2
6.3868E+2	5.7154E+2
6.3870E+2	6.7392E+2
6.3872E+2	5.9341E+2
6.3874E+2	7.4045E+2
6.3876E+2	6.8471E+2
6.3878E+2	7.1535E+2
6.3880E+2	6.6939E+2
6.3882E+2	6.1201E+2
6.3884E+2	7.0057E+2
6.3886E+2	6.3241E+2
6.3888E+2	7.4404E+2
6.3890E+2	7.1446E+2
6.3892E+2	7.6757E+2
6.3894E+2	7.3499E+2
6.3896E+2	7.5591E+2
6.3898E+2	8.1271E+2
6.3900E+2	8.0360E+2
6.3902E+2	8.8862E+2
6.3904E+2	1.0088E+3
6.3906E+2	1.1893E+3
6.3908E+2	2.1695E+3
6.3910E+2	4.1281E+3
6.3912E+2	8.1183E+3
6.3914E+2	1.2145E+4
6.3916E+2	1.5973E+4
6.3918E+2	2.0396E+4
6.3920E+2	2.6129E+4
6.3922E+2	3.1230E+4
6.3924E+2	3.7566E+4
6.3926E+2	4.3194E+4
6.3928E+2	5.1016E+4
6.3930E+2	5.7403E+4
6.3932E+2	6.3848E+4
6.3934E+2	6.8540E+4
6.3936E+2	6.8407E+4
6.3938E+2	6.9291E+4
6.3940E+2	6.7395E+4
6.3942E+2	6.7328E+4
6.3944E+2	6.3281E+4
6.3946E+2	6.0326E+4
6.3948E+2	5.2904E+4
6.3950E+2	4.8031E+4
6.3952E+2	4.1059E+4
6.3954E+2	3.5420E+4
6.3956E+2	2.7349E+4
6.3958E+2	1.9585E+4
6.3960E+2	1.5795E+4
6.3962E+2	1.3179E+4
6.3964E+2	9.0690E+3
6.3966E+2	6.2467E+3
6.3968E+2	4.5982E+3
6.3970E+2	3.5399E+3
6.3972E+2	2.3515E+3
6.3974E+2	1.7482E+3
6.3976E+2	1.3409E+3
6.3978E+2	1.1653E+3
6.3980E+2	1.2512E+3
6.3982E+2	1.3736E+3
6.3984E+2	1.2778E+3
6.3986E+2	1.3915E+3
6.3988E+2	1.3113E+3
6.3990E+2	1.2150E+3
6.3992E+2	1.0727E+3
6.3994E+2	1.2423E+3
6.3996E+2	1.1104E+3
6.3998E+2	1.3929E+3
6.4000E+2	1.3715E+3
6.4002E+2	1.4187E+3
6.4004E+2	1.0230E+3
6.4006E+2	1.2360E+3
6.4008E+2	1.3445E+3
6.4010E+2	1.5852E+3
6.4012E+2	1.8108E+3
6.4014E+2	1.3113E+3
6.4016E+2	1.3730E+3
6.4018E+2	1.3489E+3
6.4020E+2	1.4474E+3
6.4022E+2	1.6463E+3
6.4024E+2	1.2514E+3
6.4026E+2	1.4099E+3
6.4028E+2	1.4479E+3
6.4030E+2	1.6618E+3
6.4032E+2	1.5851E+3
6.4034E+2	1.5112E+3
6.4036E+2	1.4694E+3
6.4038E+2	2.0184E+3
6.4040E+2	1.6085E+3
6.4042E+2	1.4897E+3
6.4044E+2	1.4882E+3
6.4046E+2	1.5713E+3
6.4048E+2	1.7601E+3
6.4050E+2	1.6630E+3
6.4052E+2	1.8311E+3
6.4054E+2	1.6944E+3
6.4056E+2	1.8887E+3
6.4058E+2	1.8564E+3
6.4060E+2	1.8146E+3
6.4062E+2	2.1765E+3
6.4064E+2	2.5715E+3
6.4066E+2	2.1700E+3
6.4068E+2	2.4020E+3
6.4070E+2	2.2483E+3
6.4072E+2	2.2569E+3
6.4074E+2	2.2086E+3
6.4076E+2	2.5301E+3
6.4078E+2	2.2229E+3
6.4080E+2	2.8467E+3
6.4082E+2	3.3059E+3
6.4084E+2	4.5219E+3
6.4086E+2	1.0644E+4
6.4088E+2	2.1861E+4
6.4090E+2	3.3499E+4
6.4092E+2	4.6457E+4
6.4094E+2	6.2816E+4
6.4096E+2	8.2665E+4
6.4098E+2	1.0130E+5
6.4100E+2	1.2045E+5
6.4102E+2	1.4366E+5
6.4104E+2	1.7038E+5
6.4106E+2	1.9658E+5
6.4108E+2	2.1513E+5
6.4110E+2	2.2893E+5
6.4112E+2	2.3254E+5
6.4114E+2	2.3571E+5
6.4116E+2	2.2997E+5
6.4118E+2	2.1446E+5
6.4120E+2	2.0647E+5
6.4122E+2	1.9260E+5
6.4124E+2	1.8044E+5
6.4126E+2	1.5820E+5
6.4128E+2	1.3622E+5
6.4130E+2	1.0884E+5
6.4132E+2	8.5784E+4
6.4134E+2	6.7949E+4
6.4136E+2	5.1555E+4
6.4138E+2	4.0314E+4
6.4140E+2	3.0598E+4
6.4142E+2	2.0849E+4
6.4144E+2	1.6530E+4
6.4146E+2	1.0839E+4
6.4148E+2	7.9052E+3
6.4150E+2	5.0359E+3
6.4152E+2	3.1627E+3
6.4154E+2	2.3057E+3
6.4156E+2	2.1104E+3
6.4158E+2	2.2494E+3
6.4160E+2	2.0600E+3
6.4162E+2	2.1262E+3
6.4164E+2	2.2767E+3
6.4166E+2	1.9425E+3
6.4168E+2	2.2288E+3
6.4170E+2	2.2036E+3
6.4172E+2	2.2658E+3
6.4174E+2	2.0242E+3
6.4176E+2	2.0286E+3
6.4178E+2	2.0096E+3
6.4180E+2	2.2409E+3
6.4182E+2	1.9324E+3
6.4184E+2	1.9915E+3
6.4186E+2	1.7724E+3
6.4188E+2	1.7185E+3
6.4190E+2	1.8763E+3
6.4192E+2	1.9618E+3
6.4194E+2	1.5701E+3
6.4196E+2	1.7283E+3
6.4198E+2	1.4292E+3
6.4200E+2	1.4652E+3
6.4202E+2	1.8604E+3
6.4204E+2	1.6083E+3
6.4206E+2	1.7551E+3
6.4208E+2	1.3036E+3
6.4210E+2	1.4716E+3
6.4212E+2	1.5894E+3
6.4214E+2	1.4087E+3
6.4216E+2	1.3851E+3
6.4218E+2	1.2942E+3
6.4220E+2	1.3983E+3
6.4222E+2	1.1079E+3
6.4224E+2	1.3116E+3
6.4226E+2	1.2148E+3
6.4228E+2	1.5229E+3
6.4230E+2	1.3702E+3
6.4232E+2	1.1305E+3
6.4234E+2	1.1329E+3
6.4236E+2	1.1078E+3
6.4238E+2	1.1039E+3
6.4240E+2	1.0698E+3
6.4242E+2	1.1637E+3
6.4244E+2	1.1155E+3
6.4246E+2	1.4277E+3
6.4248E+2	9.8031E+2
6.4250E+2	1.1539E+3
6.4252E+2	1.1155E+3
6.4254E+2	1.2436E+3
6.4256E+2	8.8967E+2
6.4258E+2	1.0700E+3
6.4260E+2	1.1592E+3
6.4262E+2	8.7718E+2
6.4264E+2	8.2287E+2
6.4266E+2	1.0873E+3
6.4268E+2	8.1692E+2
6.4270E+2	8.1668E+2
6.4272E+2	7.9616E+2
6.4274E+2	7.3576E+2
6.4276E+2	7.4176E+2
6.4278E+2	7.9615E+2
6.4280E+2	7.8403E+2
6.4282E+2	6.4020E+2
6.4284E+2	7.9254E+2
6.4286E+2	6.4979E+2
6.4288E+2	7.2438E+2
6.4290E+2	6.5362E+2
6.4292E+2	5.7205E+2
6.4294E+2	6.5728E+2
6.4296E+2	5.4690E+2
6.4298E+2	8.7330E+2
6.4300E+2	6.3203E+2
6.4302E+2	6.6369E+2
6.4304E+2	5.9739E+2
6.4306E+2	4.5036E+2
6.4308E+2	5.7949E+2
6.4310E+2	4.3491E+2
6.4312E+2	6.6487E+2
6.4314E+2	4.1505E+2
6.4316E+2	4.7731E+2
6.4318E+2	7.7299E+2
6.4320E+2	6.8593E+2
6.4322E+2	3.5275E+2
6.4324E+2	3.5623E+2
6.4326E+2	3.7727E+2
6.4328E+2	4.4455E+2
6.4330E+2	3.9540E+2
6.4332E+2	5.6184E+2
6.4334E+2	3.9101E+2
6.4336E+2	4.1925E+2
6.4338E+2	4.2372E+2
6.4340E+2	3.5233E+2
6.4342E+2	3.2037E+2
6.4344E+2	1.9854E+2
6.4346E+2	2.2720E+2
6.4348E+2	2.5819E+2
6.4350E+2	3.3854E+2
6.4352E+2	1.7342E+2
6.4354E+2	1.7717E+2
6.4356E+2	3.1504E+2
6.4358E+2	2.6871E+2
6.4360E+2	1.8886E+2
6.4362E+2	1.7390E+2
6.4364E+2	1.5689E+2
6.4366E+2	2.1816E+2
6.4368E+2	2.3817E+2
6.4370E+2	1.3720E+2
6.4372E+2	1.3793E+2
6.4374E+2	1.2005E+2
6.4376E+2	8.5464E+1
6.4378E+2	1.8864E+2
6.4380E+2	1.3771E+2
6.4382E+2	1.2064E+2
6.4384E+2	2.4813E+2
6.4386E+2	9.7157E+1
6.4388E+2	9.0533E+1
6.4390E+2	1.3014E+2
6.4392E+2	1.5427E+2
6.4394E+2	1.0949E+2
6.4396E+2	1.7091E+2
6.4398E+2	1.6820E+2
6.4400E+2	7.1311E+1
6.4402E+2	1.9214E+2
6.4404E+2	1.9782E+2
6.4406E+2	1.4773E+2
6.4408E+2	1.4405E+2
6.4410E+2	8.5742E+1
6.4412E+2	5.2434E+1
6.4414E+2	1.6619E+2
6.4416E+2	1.3242E+2
6.4418E+2	1.1266E+2
6.4420E+2	1.5433E+2
6.4422E+2	1.1622E+2
6.4424E+2	7.3813E+1
6.4426E+2	7.4731E+1
6.4428E+2	1.1434E+2
6.4430E+2	1.2923E+2
6.4432E+2	8.5716E+1
6.4434E+2	7.3843E+1
6.4436E+2	1.2922E+2
6.4438E+2	1.5007E+2
6.4440E+2	1.4400E+2
6.4442E+2	1.8650E+2
6.4444E+2	1.5916E+2
6.4446E+2	7.5354E+1
6.4448E+2	9.3526E+1
6.4450E+2	7.4998E+1
6.4452E+2	1.6871E+2
6.4454E+2	1.2001E+2
6.4456E+2	1.0500E+2
6.4458E+2	7.9440E+1
6.4460E+2	7.6895E+1
6.4462E+2	1.0058E+2
6.4464E+2	1.3661E+2
6.4466E+2	1.4747E+2
6.4468E+2	8.7447E+1
6.4470E+2	5.1425E+1
6.4472E+2	1.3660E+2
6.4474E+2	9.5976E+1
6.4476E+2	1.5703E+2
6.4478E+2	1.1171E+2
6.4480E+2	1.3708E+2
6.4482E+2	7.4584E+1
6.4484E+2	9.2560E+1
6.4486E+2	8.5671E+1
6.4488E+2	8.9950E+1
6.4490E+2	1.5991E+2
6.4492E+2	8.5667E+1
6.4494E+2	1.3494E+2
6.4496E+2	2.5527E+2
6.4498E+2	9.9345E+1
6.4500E+2	9.2553E+1
