6.5000E+2	1.0644E+4
6.5002E+2	1.0872E+4
6.5004E+2	1.0413E+4
6.5006E+2	1.1032E+4
6.5008E+2	1.0820E+4
6.5010E+2	1.0693E+4
6.5012E+2	1.0436E+4
6.5014E+2	1.0345E+4
6.5016E+2	9.8077E+3
6.5018E+2	9.3149E+3
6.5020E+2	1.0410E+4
6.5022E+2	9.4082E+3
6.5024E+2	1.0179E+4
6.5026E+2	1.0052E+4
6.5028E+2	9.2379E+3
6.5030E+2	9.9482E+3
6.5032E+2	9.6475E+3
6.5034E+2	8.9015E+3
6.5036E+2	9.1326E+3
6.5038E+2	8.7838E+3
6.5040E+2	9.5674E+3
6.5042E+2	9.8311E+3
6.5044E+2	8.8353E+3
6.5046E+2	9.3813E+3
6.5048E+2	9.0175E+3
6.5050E+2	8.8584E+3
6.5052E+2	8.3729E+3
6.5054E+2	9.2215E+3
6.5056E+2	9.2862E+3
6.5058E+2	9.7836E+3
6.5060E+2	8.1586E+3
6.5062E+2	9.1027E+3
6.5064E+2	8.0792E+3
6.5066E+2	8.5648E+3
6.5068E+2	9.3337E+3
6.5070E+2	7.7526E+3
6.5072E+2	8.4782E+3
6.5074E+2	9.1557E+3
6.5076E+2	7.8519E+3
6.5078E+2	7.8655E+3
6.5080E+2	8.3589E+3
6.5082E+2	8.6632E+3
6.5084E+2	7.8238E+3
6.5086E+2	7.8569E+3
6.5088E+2	8.0069E+3
6.5090E+2	8.1456E+3
6.5092E+2	8.2733E+3
6.5094E+2	7.7829E+3
6.5096E+2	8.2029E+3
6.5098E+2	7.2835E+3
6.5100E+2	8.1726E+3
6.5102E+2	8.3808E+3
6.5104E+2	7.9083E+3
6.5106E+2	7.7016E+3
6.5108E+2	7.3077E+3
6.5110E+2	7.4603E+3
6.5112E+2	8.1007E+3
6.5114E+2	7.8763E+3
6.5116E+2	7.5447E+3
6.5118E+2	7.8203E+3
6.5120E+2	7.7377E+3
6.5122E+2	7.9477E+3
6.5124E+2	7.6518E+3
6.5126E+2	7.7254E+3
6.5128E+2	7.1922E+3
6.5130E+2	6.9206E+3
6.5132E+2	7.7992E+3
6.5134E+2	7.0902E+3
6.5136E+2	7.0821E+3
6.5138E+2	6.5879E+3
6.5140E+2	7.0095E+3
6.5142E+2	7.0949E+3
6.5144E+2	7.5132E+3
6.5146E+2	6.4529E+3
6.5148E+2	6.5917E+3
6.5150E+2	6.6545E+3
6.5152E+2	6.9759E+3
6.5154E+2	6.6362E+3
6.5156E+2	6.8436E+3
6.5158E+2	6.4171E+3
6.5160E+2	6.3709E+3
6.5162E+2	6.9281E+3
6.5164E+2	6.3488E+3
6.5166E+2	7.0154E+3
6.5168E+2	6.4658E+3
6.5170E+2	6.6627E+3
6.5172E+2	6.7574E+3
6.5174E+2	6.1738E+3
6.5176E+2	5.7870E+3
6.5178E+2	5.9109E+3
6.5180E+2	6.6755E+3
6.5182E+2	5.6393E+3
6.5184E+2	6.5441E+3
6.5186E+2	5.9187E+3
6.5188E+2	6.4089E+3
6.5190E+2	6.1491E+3
6.5192E+2	5.9700E+3
6.5194E+2	6.5082E+3
6.5196E+2	5.8973E+3
6.5198E+2	7.1654E+3
6.5200E+2	6.0812E+3
6.5202E+2	6.5873E+3
6.5204E+2	6.1636E+3
6.5206E+2	5.6145E+3
6.5208E+2	6.2555E+3
6.5210E+2	5.7055E+3
6.5212E+2	6.0354E+3
6.5214E+2	5.7051E+3
6.5216E+2	6.1146E+3
6.5218E+2	6.2057E+3
6.5220E+2	6.0662E+3
6.5222E+2	5.6879E+3
6.5224E+2	6.5520E+3
6.5226E+2	5.0972E+3
6.5228E+2	5.6530E+3
6.5230E+2	5.3223E+3
6.5232E+2	5.5073E+3
6.5234E+2	5.7860E+3
6.5236E+2	5.3979E+3
6.5238E+2	5.4418E+3
6.5240E+2	5.1123E+3
6.5242E+2	5.3458E+3
6.5244E+2	5.1747E+3
6.5246E+2	5.3658E+3
6.5248E+2	5.5206E+3
6.5250E+2	5.6211E+3
6.5252E+2	5.9948E+3
6.5254E+2	5.3016E+3
6.5256E+2	5.2274E+3
6.5258E+2	4.8646E+3
6.5260E+2	4.9101E+3
6.5262E+2	5.1290E+3
6.5264E+2	5.1552E+3
6.5266E+2	5.0766E+3
6.5268E+2	4.9780E+3
6.5270E+2	4.6998E+3
6.5272E+2	5.0375E+3
6.5274E+2	5.6725E+3
6.5276E+2	4.5873E+3
6.5278E+2	4.6950E+3
6.5280E+2	5.4461E+3
6.5282E+2	4.6230E+3
6.5284E+2	4.7732E+3
6.5286E+2	5.2979E+3
6.5288E+2	4.7980E+3
6.5290E+2	5.2102E+3
6.5292E+2	4.5007E+3
6.5294E+2	4.6981E+3
6.5296E+2	5.1404E+3
6.5298E+2	4.8204E+3
6.5300E+2	4.5791E+3
6.5302E+2	4.7383E+3
6.5304E+2	4.1582E+3
6.5306E+2	4.9555E+3
6.5308E+2	4.2674E+3
6.5310E+2	4.4020E+3
6.5312E+2	4.0416E+3
6.5314E+2	4.3944E+3
6.5316E+2	4.7604E+3
6.5318E+2	4.7420E+3
6.5320E+2	4.3297E+3
6.5322E+2	4.8942E+3
6.5324E+2	4.3824E+3
6.5326E+2	4.1842E+3
6.5328E+2	4.4534E+3
6.5330E+2	4.2753E+3
6.5332E+2	4.7116E+3
6.5334E+2	4.3013E+3
6.5336E+2	4.2997E+3
6.5338E+2	4.3408E+3
6.5340E+2	4.7421E+3
6.5342E+2	4.8697E+3
6.5344E+2	4.7154E+3
6.5346E+2	4.0358E+3
6.5348E+2	3.8242E+3
6.5350E+2	4.7206E+3
6.5352E+2	4.6651E+3
6.5354E+2	3.7808E+3
6.5356E+2	4.4809E+3
6.5358E+2	4.2291E+3
6.5360E+2	4.1749E+3
6.5362E+2	4.6907E+3
6.5364E+2	4.3417E+3
6.5366E+2	4.3027E+3
6.5368E+2	4.1993E+3
6.5370E+2	4.7498E+3
6.5372E+2	4.5017E+3
6.5374E+2	3.9672E+3
6.5376E+2	3.7982E+3
6.5378E+2	4.1706E+3
6.5380E+2	4.3772E+3
6.5382E+2	4.4855E+3
6.5384E+2	4.5204E+3
6.5386E+2	4.1401E+3
6.5388E+2	3.5110E+3
6.5390E+2	4.0031E+3
6.5392E+2	4.3164E+3
6.5394E+2	3.6087E+3
6.5396E+2	4.2949E+3
6.5398E+2	4.1163E+3
6.5400E+2	4.1369E+3
6.5402E+2	3.6331E+3
6.5404E+2	3.8895E+3
6.5406E+2	3.5359E+3
6.5408E+2	4.2289E+3
6.5410E+2	4.1369E+3
6.5412E+2	4.2217E+3
6.5414E+2	4.0753E+3
6.5416E+2	4.1114E+3
6.5418E+2	3.6077E+3
6.5420E+2	3.8097E+3
6.5422E+2	3.4023E+3
6.5424E+2	3.8106E+3
6.5426E+2	4.2478E+3
6.5428E+2	3.5958E+3
6.5430E+2	3.7100E+3
6.5432E+2	3.1753E+3
6.5434E+2	3.6455E+3
6.5436E+2	3.5918E+3
6.5438E+2	3.0444E+3
6.5440E+2	3.3297E+3
6.5442E+2	3.9496E+3
6.5444E+2	3.5469E+3
6.5446E+2	3.5444E+3
6.5448E+2	3.6396E+3
6.5450E+2	3.3271E+3
6.5452E+2	3.4618E+3
6.5454E+2	3.6797E+3
6.5456E+2	3.6841E+3
6.5458E+2	3.6038E+3
6.5460E+2	3.5468E+3
6.5462E+2	2.9533E+3
6.5464E+2	3.7848E+3
6.5466E+2	3.8866E+3
6.5468E+2	3.4785E+3
6.5470E+2	3.0873E+3
6.5472E+2	3.8687E+3
6.5474E+2	3.2786E+3
6.5476E+2	3.2696E+3
6.5478E+2	3.1178E+3
6.5480E+2	3.2412E+3
6.5482E+2	3.5658E+3
6.5484E+2	2.9380E+3
6.5486E+2	3.3063E+3
6.5488E+2	3.4643E+3
6.5490E+2	3.3684E+3
6.5492E+2	3.4356E+3
6.5494E+2	3.5155E+3
6.5496E+2	2.7338E+3
6.5498E+2	3.4268E+3
6.5500E+2	3.3841E+3
6.5502E+2	3.1967E+3
6.5504E+2	3.0101E+3
6.5506E+2	3.1633E+3
6.5508E+2	2.9371E+3
6.5510E+2	3.3224E+3
6.5512E+2	2.9738E+3
6.5514E+2	3.6609E+3
6.5516E+2	3.1739E+3
6.5518E+2	3.1232E+3
6.5520E+2	3.0360E+3
6.5522E+2	2.9554E+3
6.5524E+2	3.2191E+3
6.5526E+2	3.3354E+3
6.5528E+2	3.3630E+3
6.5530E+2	2.9262E+3
6.5532E+2	3.0394E+3
6.5534E+2	2.9423E+3
6.5536E+2	3.6252E+3
6.5538E+2	2.4875E+3
6.5540E+2	3.1181E+3
6.5542E+2	2.8867E+3
6.5544E+2	3.2604E+3
6.5546E+2	3.0001E+3
6.5548E+2	3.6576E+3
6.5550E+2	3.0203E+3
6.5552E+2	2.8663E+3
6.5554E+2	2.5475E+3
6.5556E+2	2.9647E+3
6.5558E+2	2.8187E+3
6.5560E+2	3.1120E+3
6.5562E+2	2.9215E+3
6.5564E+2	2.7946E+3
6.5566E+2	3.6009E+3
6.5568E+2	2.9428E+3
6.5570E+2	3.2954E+3
6.5572E+2	2.6762E+3
6.5574E+2	3.0701E+3
6.5576E+2	2.9062E+3
6.5578E+2	2.5185E+3
6.5580E+2	2.8531E+3
6.5582E+2	3.1465E+3
6.5584E+2	2.9219E+3
6.5586E+2	3.1395E+3
6.5588E+2	3.3983E+3
6.5590E+2	3.0908E+3
6.5592E+2	2.7901E+3
6.5594E+2	3.1209E+3
6.5596E+2	3.2152E+3
6.5598E+2	2.5248E+3
6.5600E+2	2.7584E+3
6.5602E+2	3.1502E+3
6.5604E+2	3.0183E+3
6.5606E+2	2.7616E+3
6.5608E+2	2.7699E+3
6.5610E+2	2.7537E+3
6.5612E+2	2.8855E+3
6.5614E+2	2.4382E+3
6.5616E+2	2.6847E+3
6.5618E+2	2.7621E+3
6.5620E+2	2.3563E+3
6.5622E+2	2.6851E+3
6.5624E+2	2.8537E+3
6.5626E+2	2.5653E+3
6.5628E+2	2.3050E+3
6.5630E+2	2.4471E+3
6.5632E+2	2.4812E+3
6.5634E+2	2.7254E+3
6.5636E+2	2.5731E+3
6.5638E+2	2.5645E+3
6.5640E+2	2.5488E+3
6.5642E+2	2.9071E+3
6.5644E+2	2.6681E+3
6.5646E+2	2.2989E+3
6.5648E+2	2.5360E+3
6.5650E+2	2.8539E+3
6.5652E+2	2.7623E+3
6.5654E+2	2.5787E+3
6.5656E+2	2.3977E+3
6.5658E+2	2.6535E+3
6.5660E+2	2.4644E+3
6.5662E+2	2.6043E+3
6.5664E+2	2.3985E+3
6.5666E+2	2.1682E+3
6.5668E+2	2.5579E+3
6.5670E+2	2.4840E+3
6.5672E+2	2.6707E+3
6.5674E+2	2.8949E+3
6.5676E+2	2.3081E+3
6.5678E+2	2.4794E+3
6.5680E+2	2.1976E+3
6.5682E+2	2.4976E+3
6.5684E+2	2.5576E+3
6.5686E+2	2.2576E+3
6.5688E+2	2.6436E+3
6.5690E+2	2.3562E+3
6.5692E+2	2.3977E+3
6.5694E+2	2.5512E+3
6.5696E+2	2.7392E+3
6.5698E+2	2.3407E+3
6.5700E+2	2.4554E+3
