6.4600E+2	8.3000E+1
6.4602E+2	9.7000E+1
6.4604E+2	8.3000E+1
6.4606E+2	8.7000E+1
6.4608E+2	7.7000E+1
6.4610E+2	7.5000E+1
6.4612E+2	1.0900E+2
6.4614E+2	6.9000E+1
6.4616E+2	9.3000E+1
6.4618E+2	7.8000E+1
6.4620E+2	8.7000E+1
6.4622E+2	1.0300E+2
6.4624E+2	1.0900E+2
6.4626E+2	8.9000E+1
6.4628E+2	8.0000E+1
6.4630E+2	8.1000E+1
6.4632E+2	7.9000E+1
6.4634E+2	7.8000E+1
6.4636E+2	7.5000E+1
6.4638E+2	7.5000E+1
6.4640E+2	7.6000E+1
6.4642E+2	7.1000E+1
6.4644E+2	6.7000E+1
6.4646E+2	5.4000E+1
6.4648E+2	9.1000E+1
6.4650E+2	8.6000E+1
6.4652E+2	7.8000E+1
6.4654E+2	9.4000E+1
6.4656E+2	8.3000E+1
6.4658E+2	8.4000E+1
6.4660E+2	7.5000E+1
6.4662E+2	5.3000E+1
6.4664E+2	7.0000E+1
6.4666E+2	8.0000E+1
6.4668E+2	7.7000E+1
6.4670E+2	9.9000E+1
6.4672E+2	7.5000E+1
6.4674E+2	8.7000E+1
6.4676E+2	7.4000E+1
6.4678E+2	6.1000E+1
6.4680E+2	6.7000E+1
6.4682E+2	7.2000E+1
6.4684E+2	6.6000E+1
6.4686E+2	7.4000E+1
6.4688E+2	7.2000E+1
6.4690E+2	6.9000E+1
6.4692E+2	8.3000E+1
6.4694E+2	7.2000E+1
6.4696E+2	8.3000E+1
6.4698E+2	7.3000E+1
6.4700E+2	7.2000E+1
6.4702E+2	8.9000E+1
6.4704E+2	7.4000E+1
6.4706E+2	6.6000E+1
6.4708E+2	6.8000E+1
6.4710E+2	8.9000E+1
6.4712E+2	8.3000E+1
6.4714E+2	6.8000E+1
6.4716E+2	9.4000E+1
6.4718E+2	6.8000E+1
6.4720E+2	7.4000E+1
6.4722E+2	7.6000E+1
6.4724E+2	7.3000E+1
6.4726E+2	8.7000E+1
6.4728E+2	7.5000E+1
6.4730E+2	7.0000E+1
6.4732E+2	7.3000E+1
6.4734E+2	8.5000E+1
6.4736E+2	8.3000E+1
6.4738E+2	8.7000E+1
6.4740E+2	7.0000E+1
6.4742E+2	6.5000E+1
6.4744E+2	6.8000E+1
6.4746E+2	8.1000E+1
6.4748E+2	7.5000E+1
6.4750E+2	7.3000E+1
6.4752E+2	6.4000E+1
6.4754E+2	5.6000E+1
6.4756E+2	7.0000E+1
6.4758E+2	6.0000E+1
6.4760E+2	5.1000E+1
6.4762E+2	8.0000E+1
6.4764E+2	6.2000E+1
6.4766E+2	6.5000E+1
6.4768E+2	6.4000E+1
6.4770E+2	6.1000E+1
6.4772E+2	7.5000E+1
6.4774E+2	6.9000E+1
6.4776E+2	6.8000E+1
6.4778E+2	6.2000E+1
6.4780E+2	6.1000E+1
6.4782E+2	8.3000E+1
6.4784E+2	5.0000E+1
6.4786E+2	6.7000E+1
6.4788E+2	7.0000E+1
6.4790E+2	6.4000E+1
6.4792E+2	7.4000E+1
6.4794E+2	5.8000E+1
6.4796E+2	7.5000E+1
6.4798E+2	7.3000E+1
6.4800E+2	6.5000E+1
6.4802E+2	5.1000E+1
6.4804E+2	6.9000E+1
6.4806E+2	7.3000E+1
6.4808E+2	7.2000E+1
6.4810E+2	6.2000E+1
6.4812E+2	5.7000E+1
6.4814E+2	5.3000E+1
6.4816E+2	6.0000E+1
6.4818E+2	5.8000E+1
6.4820E+2	7.4000E+1
6.4822E+2	5.2000E+1
6.4824E+2	7.5000E+1
6.4826E+2	6.0000E+1
6.4828E+2	5.3000E+1
6.4830E+2	4.5000E+1
6.4832E+2	6.8000E+1
6.4834E+2	5.2000E+1
6.4836E+2	4.6000E+1
6.4838E+2	4.6000E+1
6.4840E+2	8.0000E+1
6.4842E+2	5.1000E+1
6.4844E+2	5.1000E+1
6.4846E+2	4.1000E+1
6.4848E+2	5.3000E+1
6.4850E+2	5.8000E+1
6.4852E+2	6.5000E+1
6.4854E+2	6.6000E+1
6.4856E+2	6.2000E+1
6.4858E+2	4.2000E+1
6.4860E+2	5.8000E+1
6.4862E+2	6.7000E+1
6.4864E+2	5.6000E+1
6.4866E+2	6.0000E+1
6.4868E+2	6.8000E+1
6.4870E+2	4.5000E+1
6.4872E+2	7.2000E+1
6.4874E+2	5.5000E+1
6.4876E+2	5.5000E+1
6.4878E+2	5.7000E+1
6.4880E+2	6.0000E+1
6.4882E+2	6.8000E+1
6.4884E+2	5.2000E+1
6.4886E+2	6.8000E+1
6.4888E+2	5.9000E+1
6.4890E+2	7.3000E+1
6.4892E+2	4.8000E+1
6.4894E+2	5.7000E+1
6.4896E+2	4.9000E+1
6.4898E+2	5.6000E+1
6.4900E+2	4.2000E+1
6.4902E+2	7.3000E+1
6.4904E+2	7.0000E+1
6.4906E+2	6.6000E+1
6.4908E+2	4.1000E+1
6.4910E+2	4.2000E+1
6.4912E+2	5.5000E+1
6.4914E+2	7.2000E+1
6.4916E+2	5.0000E+1
6.4918E+2	5.0000E+1
6.4920E+2	5.5000E+1
6.4922E+2	4.3000E+1
6.4924E+2	5.7000E+1
6.4926E+2	5.8000E+1
6.4928E+2	5.3000E+1
6.4930E+2	4.4000E+1
6.4932E+2	5.5000E+1
6.4934E+2	5.9000E+1
6.4936E+2	4.8000E+1
6.4938E+2	4.9000E+1
6.4940E+2	4.6000E+1
6.4942E+2	4.2000E+1
6.4944E+2	4.3000E+1
6.4946E+2	5.4000E+1
6.4948E+2	5.3000E+1
6.4950E+2	5.2000E+1
6.4952E+2	3.4000E+1
6.4954E+2	6.7000E+1
6.4956E+2	5.2000E+1
6.4958E+2	3.9000E+1
6.4960E+2	5.1000E+1
6.4962E+2	3.9000E+1
6.4964E+2	3.8000E+1
6.4966E+2	6.5000E+1
6.4968E+2	4.4000E+1
6.4970E+2	4.1000E+1
6.4972E+2	4.3000E+1
6.4974E+2	4.7000E+1
6.4976E+2	5.3000E+1
6.4978E+2	6.7000E+1
6.4980E+2	3.9000E+1
6.4982E+2	5.6000E+1
6.4984E+2	4.3000E+1
6.4986E+2	5.4000E+1
6.4988E+2	5.2000E+1
6.4990E+2	4.1000E+1
6.4992E+2	6.4000E+1
6.4994E+2	4.2000E+1
6.4996E+2	5.1000E+1
6.4998E+2	4.7000E+1
6.5000E+2	5.5000E+1
6.5002E+2	4.2000E+1
6.5004E+2	5.2000E+1
6.5006E+2	4.9000E+1
6.5008E+2	5.1000E+1
6.5010E+2	3.9000E+1
6.5012E+2	4.3000E+1
6.5014E+2	5.7000E+1
6.5016E+2	4.6000E+1
6.5018E+2	4.0000E+1
6.5020E+2	4.8000E+1
6.5022E+2	4.1000E+1
6.5024E+2	5.1000E+1
6.5026E+2	4.3000E+1
6.5028E+2	3.7000E+1
6.5030E+2	3.9000E+1
6.5032E+2	4.6000E+1
6.5034E+2	4.8000E+1
6.5036E+2	6.2000E+1
6.5038E+2	4.4000E+1
6.5040E+2	4.5000E+1
6.5042E+2	3.5000E+1
6.5044E+2	4.0000E+1
6.5046E+2	5.3000E+1
6.5048E+2	5.5000E+1
6.5050E+2	3.3000E+1
6.5052E+2	6.0000E+1
6.5054E+2	3.9000E+1
6.5056E+2	5.3000E+1
6.5058E+2	5.3000E+1
6.5060E+2	3.0000E+1
6.5062E+2	6.5000E+1
6.5064E+2	4.7000E+1
6.5066E+2	4.5000E+1
6.5068E+2	3.8000E+1
6.5070E+2	6.4000E+1
6.5072E+2	4.1000E+1
6.5074E+2	3.4000E+1
6.5076E+2	4.2000E+1
6.5078E+2	3.8000E+1
6.5080E+2	2.3000E+1
6.5082E+2	4.8000E+1
6.5084E+2	3.4000E+1
6.5086E+2	3.6000E+1
6.5088E+2	4.3000E+1
6.5090E+2	3.5000E+1
6.5092E+2	3.3000E+1
6.5094E+2	4.2000E+1
6.5096E+2	3.3000E+1
6.5098E+2	4.3000E+1
6.5100E+2	4.2000E+1
6.5102E+2	4.8000E+1
6.5104E+2	2.9000E+1
6.5106E+2	4.3000E+1
6.5108E+2	4.1000E+1
6.5110E+2	5.5000E+1
6.5112E+2	4.4000E+1
6.5114E+2	5.2000E+1
6.5116E+2	4.1000E+1
6.5118E+2	4.3000E+1
6.5120E+2	4.4000E+1
6.5122E+2	6.1000E+1
6.5124E+2	4.0000E+1
6.5126E+2	3.7000E+1
6.5128E+2	4.3000E+1
6.5130E+2	2.5000E+1
6.5132E+2	3.5000E+1
6.5134E+2	4.3000E+1
6.5136E+2	5.2000E+1
6.5138E+2	3.8000E+1
6.5140E+2	4.9000E+1
6.5142E+2	4.2000E+1
6.5144E+2	3.7000E+1
6.5146E+2	4.5000E+1
6.5148E+2	4.7000E+1
6.5150E+2	4.1000E+1
6.5152E+2	4.1000E+1
6.5154E+2	4.3000E+1
6.5156E+2	5.1000E+1
6.5158E+2	2.5000E+1
6.5160E+2	2.2000E+1
6.5162E+2	3.3000E+1
6.5164E+2	3.7000E+1
6.5166E+2	3.8000E+1
6.5168E+2	2.8000E+1
6.5170E+2	4.2000E+1
6.5172E+2	4.2000E+1
6.5174E+2	4.9000E+1
6.5176E+2	4.2000E+1
6.5178E+2	3.7000E+1
6.5180E+2	4.6000E+1
6.5182E+2	4.4000E+1
6.5184E+2	3.5000E+1
6.5186E+2	4.3000E+1
6.5188E+2	4.5000E+1
6.5190E+2	5.9000E+1
6.5192E+2	2.4000E+1
6.5194E+2	4.7000E+1
6.5196E+2	3.5000E+1
6.5198E+2	5.9000E+1
6.5200E+2	3.4000E+1
6.5202E+2	6.0000E+1
6.5204E+2	5.3000E+1
6.5206E+2	4.8000E+1
6.5208E+2	4.4000E+1
6.5210E+2	3.4000E+1
6.5212E+2	3.7000E+1
6.5214E+2	4.9000E+1
6.5216E+2	5.5000E+1
6.5218E+2	5.0000E+1
6.5220E+2	5.6000E+1
6.5222E+2	5.3000E+1
6.5224E+2	6.6000E+1
6.5226E+2	5.0000E+1
6.5228E+2	5.9000E+1
6.5230E+2	5.2000E+1
6.5232E+2	5.4000E+1
6.5234E+2	7.0000E+1
6.5236E+2	5.3000E+1
6.5238E+2	5.2000E+1
6.5240E+2	7.1000E+1
6.5242E+2	6.6000E+1
6.5244E+2	5.3000E+1
6.5246E+2	6.4000E+1
6.5248E+2	4.4000E+1
6.5250E+2	6.8000E+1
6.5252E+2	6.7000E+1
6.5254E+2	5.7000E+1
6.5256E+2	4.6000E+1
6.5258E+2	5.5000E+1
6.5260E+2	5.1000E+1
6.5262E+2	4.6000E+1
6.5264E+2	3.3000E+1
6.5266E+2	3.9000E+1
6.5268E+2	5.1000E+1
6.5270E+2	6.1000E+1
6.5272E+2	5.5000E+1
6.5274E+2	3.3000E+1
6.5276E+2	3.7000E+1
6.5278E+2	3.4000E+1
6.5280E+2	2.6000E+1
6.5282E+2	2.3000E+1
6.5284E+2	5.5000E+1
6.5286E+2	4.5000E+1
6.5288E+2	3.2000E+1
6.5290E+2	5.7000E+1
6.5292E+2	4.7000E+1
6.5294E+2	5.0000E+1
6.5296E+2	3.6000E+1
6.5298E+2	6.7000E+1
6.5300E+2	3.4000E+1
6.5302E+2	3.4000E+1
6.5304E+2	4.5000E+1
6.5306E+2	4.4000E+1
6.5308E+2	3.9000E+1
6.5310E+2	3.6000E+1
6.5312E+2	3.6000E+1
6.5314E+2	3.6000E+1
6.5316E+2	3.7000E+1
6.5318E+2	2.6000E+1
6.5320E+2	2.3000E+1
6.5322E+2	3.8000E+1
6.5324E+2	5.1000E+1
6.5326E+2	3.6000E+1
6.5328E+2	4.9000E+1
6.5330E+2	3.3000E+1
6.5332E+2	3.5000E+1
6.5334E+2	4.6000E+1
6.5336E+2	3.1000E+1
6.5338E+2	5.8000E+1
6.5340E+2	4.0000E+1
6.5342E+2	4.6000E+1
6.5344E+2	3.5000E+1
6.5346E+2	3.6000E+1
6.5348E+2	3.4000E+1
6.5350E+2	2.8000E+1
6.5352E+2	3.2000E+1
6.5354E+2	4.5000E+1
6.5356E+2	3.2000E+1
6.5358E+2	3.0000E+1
6.5360E+2	3.4000E+1
6.5362E+2	3.7000E+1
6.5364E+2	3.9000E+1
6.5366E+2	3.4000E+1
6.5368E+2	4.2000E+1
6.5370E+2	2.9000E+1
6.5372E+2	2.5000E+1
6.5374E+2	1.8000E+1
6.5376E+2	2.7000E+1
6.5378E+2	3.2000E+1
6.5380E+2	2.9000E+1
6.5382E+2	3.8000E+1
6.5384E+2	3.9000E+1
6.5386E+2	3.4000E+1
6.5388E+2	2.9000E+1
6.5390E+2	3.9000E+1
6.5392E+2	2.9000E+1
6.5394E+2	4.1000E+1
6.5396E+2	4.1000E+1
6.5398E+2	2.2000E+1
6.5400E+2	3.5000E+1
6.5402E+2	2.7000E+1
6.5404E+2	3.4000E+1
6.5406E+2	2.6000E+1
6.5408E+2	2.6000E+1
6.5410E+2	3.7000E+1
6.5412E+2	2.5000E+1
6.5414E+2	3.2000E+1
6.5416E+2	3.1000E+1
6.5418E+2	2.7000E+1
6.5420E+2	3.1000E+1
6.5422E+2	3.1000E+1
6.5424E+2	4.0000E+1
6.5426E+2	4.0000E+1
6.5428E+2	2.5000E+1
6.5430E+2	1.9000E+1
6.5432E+2	2.8000E+1
6.5434E+2	3.4000E+1
6.5436E+2	3.2000E+1
6.5438E+2	2.6000E+1
6.5440E+2	3.6000E+1
6.5442E+2	3.1000E+1
6.5444E+2	3.7000E+1
6.5446E+2	2.3000E+1
6.5448E+2	2.3000E+1
6.5450E+2	2.2000E+1
6.5452E+2	2.4000E+1
6.5454E+2	3.1000E+1
6.5456E+2	3.0000E+1
6.5458E+2	3.0000E+1
6.5460E+2	3.8000E+1
6.5462E+2	2.9000E+1
6.5464E+2	3.2000E+1
6.5466E+2	2.0000E+1
6.5468E+2	2.6000E+1
6.5470E+2	2.5000E+1
6.5472E+2	3.7000E+1
6.5474E+2	4.1000E+1
6.5476E+2	2.0000E+1
6.5478E+2	3.3000E+1
6.5480E+2	3.8000E+1
6.5482E+2	3.9000E+1
6.5484E+2	2.8000E+1
6.5486E+2	3.5000E+1
6.5488E+2	3.1000E+1
6.5490E+2	2.9000E+1
6.5492E+2	3.2000E+1
6.5494E+2	2.9000E+1
6.5496E+2	4.0000E+1
6.5498E+2	4.7000E+1
6.5500E+2	2.8000E+1
6.5502E+2	4.4000E+1
6.5504E+2	4.5000E+1
6.5506E+2	2.4000E+1
6.5508E+2	2.9000E+1
6.5510E+2	2.8000E+1
6.5512E+2	1.3000E+1
6.5514E+2	3.3000E+1
6.5516E+2	3.2000E+1
6.5518E+2	4.5000E+1
6.5520E+2	2.1000E+1
6.5522E+2	4.5000E+1
6.5524E+2	4.0000E+1
6.5526E+2	4.1000E+1
6.5528E+2	2.2000E+1
6.5530E+2	3.1000E+1
6.5532E+2	2.4000E+1
6.5534E+2	2.8000E+1
6.5536E+2	2.8000E+1
6.5538E+2	1.8000E+1
6.5540E+2	2.7000E+1
6.5542E+2	3.1000E+1
6.5544E+2	3.4000E+1
6.5546E+2	2.7000E+1
6.5548E+2	3.7000E+1
6.5550E+2	4.9000E+1
6.5552E+2	3.0000E+1
6.5554E+2	3.8000E+1
6.5556E+2	2.5000E+1
6.5558E+2	2.8000E+1
6.5560E+2	3.6000E+1
6.5562E+2	4.8000E+1
6.5564E+2	3.3000E+1
6.5566E+2	1.5000E+1
6.5568E+2	2.3000E+1
6.5570E+2	2.4000E+1
6.5572E+2	2.7000E+1
6.5574E+2	2.4000E+1
6.5576E+2	1.9000E+1
6.5578E+2	3.3000E+1
6.5580E+2	3.0000E+1
6.5582E+2	3.1000E+1
6.5584E+2	3.4000E+1
6.5586E+2	2.6000E+1
6.5588E+2	1.8000E+1
6.5590E+2	2.8000E+1
6.5592E+2	3.4000E+1
6.5594E+2	2.6000E+1
6.5596E+2	2.4000E+1
6.5598E+2	3.5000E+1
6.5600E+2	1.6000E+1
6.5602E+2	3.2000E+1
6.5604E+2	3.4000E+1
6.5606E+2	3.3000E+1
6.5608E+2	3.4000E+1
6.5610E+2	2.9000E+1
6.5612E+2	2.7000E+1
6.5614E+2	2.7000E+1
6.5616E+2	3.1000E+1
6.5618E+2	1.9000E+1
6.5620E+2	2.7000E+1
6.5622E+2	5.0000E+1
6.5624E+2	2.4000E+1
6.5626E+2	2.0000E+1
6.5628E+2	2.8000E+1
6.5630E+2	2.7000E+1
6.5632E+2	3.5000E+1
6.5634E+2	2.8000E+1
6.5636E+2	3.1000E+1
6.5638E+2	3.0000E+1
6.5640E+2	4.1000E+1
6.5642E+2	2.1000E+1
6.5644E+2	4.7000E+1
6.5646E+2	3.2000E+1
6.5648E+2	2.0000E+1
6.5650E+2	2.3000E+1
6.5652E+2	2.9000E+1
6.5654E+2	3.5000E+1
6.5656E+2	3.4000E+1
6.5658E+2	2.2000E+1
6.5660E+2	3.6000E+1
6.5662E+2	3.7000E+1
6.5664E+2	2.6000E+1
6.5666E+2	1.7000E+1
6.5668E+2	3.9000E+1
6.5670E+2	3.1000E+1
6.5672E+2	2.2000E+1
6.5674E+2	3.0000E+1
6.5676E+2	2.2000E+1
6.5678E+2	3.1000E+1
6.5680E+2	2.1000E+1
6.5682E+2	2.3000E+1
6.5684E+2	3.5000E+1
6.5686E+2	2.2000E+1
6.5688E+2	2.5000E+1
6.5690E+2	2.2000E+1
6.5692E+2	2.1000E+1
6.5694E+2	2.0000E+1
6.5696E+2	1.8000E+1
6.5698E+2	3.1000E+1
6.5700E+2	3.0000E+1
6.5702E+2	2.0000E+1
6.5704E+2	2.7000E+1
6.5706E+2	3.1000E+1
6.5708E+2	2.9000E+1
6.5710E+2	2.3000E+1
6.5712E+2	2.3000E+1
6.5714E+2	2.6000E+1
6.5716E+2	3.5000E+1
6.5718E+2	1.4000E+1
6.5720E+2	3.8000E+1
6.5722E+2	1.6000E+1
6.5724E+2	3.8000E+1
6.5726E+2	2.6000E+1
6.5728E+2	3.0000E+1
6.5730E+2	2.3000E+1
6.5732E+2	2.1000E+1
6.5734E+2	3.0000E+1
6.5736E+2	4.2000E+1
6.5738E+2	3.1000E+1
6.5740E+2	2.9000E+1
6.5742E+2	2.4000E+1
6.5744E+2	2.4000E+1
6.5746E+2	2.3000E+1
6.5748E+2	2.7000E+1
6.5750E+2	1.6000E+1
6.5752E+2	2.2000E+1
6.5754E+2	2.5000E+1
6.5756E+2	1.7000E+1
6.5758E+2	3.1000E+1
6.5760E+2	2.2000E+1
6.5762E+2	2.3000E+1
6.5764E+2	3.1000E+1
6.5766E+2	2.5000E+1
6.5768E+2	1.5000E+1
6.5770E+2	2.5000E+1
6.5772E+2	3.2000E+1
6.5774E+2	3.2000E+1
6.5776E+2	1.2000E+1
6.5778E+2	3.8000E+1
6.5780E+2	2.0000E+1
6.5782E+2	2.2000E+1
6.5784E+2	2.1000E+1
6.5786E+2	2.5000E+1
6.5788E+2	2.0000E+1
6.5790E+2	1.9000E+1
6.5792E+2	1.7000E+1
6.5794E+2	2.8000E+1
6.5796E+2	3.2000E+1
6.5798E+2	2.9000E+1
6.5800E+2	1.9000E+1
6.5802E+2	2.8000E+1
6.5804E+2	2.3000E+1
6.5806E+2	2.2000E+1
6.5808E+2	1.9000E+1
6.5810E+2	2.2000E+1
6.5812E+2	2.5000E+1
6.5814E+2	3.1000E+1
6.5816E+2	2.8000E+1
6.5818E+2	3.2000E+1
6.5820E+2	2.1000E+1
6.5822E+2	2.5000E+1
6.5824E+2	2.4000E+1
6.5826E+2	2.1000E+1
6.5828E+2	2.9000E+1
6.5830E+2	3.2000E+1
6.5832E+2	2.7000E+1
6.5834E+2	1.9000E+1
6.5836E+2	2.1000E+1
6.5838E+2	2.8000E+1
6.5840E+2	2.0000E+1
6.5842E+2	1.9000E+1
6.5844E+2	2.4000E+1
6.5846E+2	2.2000E+1
6.5848E+2	2.2000E+1
6.5850E+2	2.7000E+1
6.5852E+2	1.5000E+1
6.5854E+2	3.1000E+1
6.5856E+2	2.7000E+1
6.5858E+2	2.0000E+1
6.5860E+2	2.4000E+1
6.5862E+2	1.6000E+1
6.5864E+2	3.1000E+1
6.5866E+2	2.2000E+1
6.5868E+2	2.8000E+1
6.5870E+2	4.1000E+1
6.5872E+2	2.3000E+1
6.5874E+2	2.7000E+1
6.5876E+2	1.6000E+1
6.5878E+2	2.9000E+1
6.5880E+2	3.2000E+1
6.5882E+2	3.2000E+1
6.5884E+2	2.8000E+1
6.5886E+2	2.6000E+1
6.5888E+2	2.2000E+1
6.5890E+2	3.2000E+1
6.5892E+2	2.9000E+1
6.5894E+2	2.9000E+1
6.5896E+2	3.3000E+1
6.5898E+2	1.8000E+1
6.5900E+2	1.7000E+1
