6.1000E+2	3.5000E+2
6.1002E+2	3.6400E+2
6.1004E+2	3.3800E+2
6.1006E+2	3.7300E+2
6.1008E+2	3.5100E+2
6.1010E+2	3.7200E+2
6.1012E+2	4.0300E+2
6.1014E+2	3.6200E+2
6.1016E+2	3.6700E+2
6.1018E+2	4.1600E+2
6.1020E+2	3.4500E+2
6.1022E+2	3.6800E+2
6.1024E+2	3.7500E+2
6.1026E+2	3.8400E+2
6.1028E+2	3.9400E+2
6.1030E+2	3.9800E+2
6.1032E+2	3.6600E+2
6.1034E+2	3.8500E+2
6.1036E+2	4.0800E+2
6.1038E+2	4.0400E+2
6.1040E+2	3.8200E+2
6.1042E+2	4.0200E+2
6.1044E+2	4.2500E+2
6.1046E+2	3.5300E+2
6.1048E+2	3.7500E+2
6.1050E+2	3.9600E+2
6.1052E+2	3.8700E+2
6.1054E+2	4.0300E+2
6.1056E+2	4.5900E+2
6.1058E+2	4.1300E+2
6.1060E+2	4.4600E+2
6.1062E+2	3.8900E+2
6.1064E+2	3.7800E+2
6.1066E+2	4.0700E+2
6.1068E+2	4.6200E+2
6.1070E+2	4.2000E+2
6.1072E+2	4.2000E+2
6.1074E+2	4.6700E+2
6.1076E+2	3.8600E+2
6.1078E+2	4.5500E+2
6.1080E+2	4.0800E+2
6.1082E+2	4.1300E+2
6.1084E+2	4.7100E+2
6.1086E+2	4.0500E+2
6.1088E+2	4.2100E+2
6.1090E+2	4.2300E+2
6.1092E+2	4.7800E+2
6.1094E+2	4.4000E+2
6.1096E+2	3.9600E+2
6.1098E+2	4.0700E+2
6.1100E+2	4.1600E+2
6.1102E+2	3.8800E+2
6.1104E+2	3.8600E+2
6.1106E+2	4.9100E+2
6.1108E+2	4.7100E+2
6.1110E+2	4.3200E+2
6.1112E+2	4.6100E+2
6.1114E+2	4.4100E+2
6.1116E+2	4.3400E+2
6.1118E+2	4.3200E+2
6.1120E+2	4.6100E+2
6.1122E+2	4.6600E+2
6.1124E+2	4.5400E+2
6.1126E+2	4.7600E+2
6.1128E+2	4.8900E+2
6.1130E+2	4.9200E+2
6.1132E+2	4.9300E+2
6.1134E+2	4.4500E+2
6.1136E+2	4.5700E+2
6.1138E+2	4.5300E+2
6.1140E+2	5.0300E+2
6.1142E+2	4.8500E+2
6.1144E+2	5.0900E+2
6.1146E+2	4.6500E+2
6.1148E+2	4.5800E+2
6.1150E+2	4.6500E+2
6.1152E+2	4.6800E+2
6.1154E+2	4.6200E+2
6.1156E+2	5.4600E+2
6.1158E+2	5.1400E+2
6.1160E+2	5.0300E+2
6.1162E+2	5.0000E+2
6.1164E+2	5.1700E+2
6.1166E+2	4.5500E+2
6.1168E+2	5.6700E+2
6.1170E+2	5.1400E+2
6.1172E+2	4.8000E+2
6.1174E+2	5.2900E+2
6.1176E+2	5.6300E+2
6.1178E+2	5.3700E+2
6.1180E+2	5.1200E+2
6.1182E+2	5.4800E+2
6.1184E+2	5.3800E+2
6.1186E+2	5.4900E+2
6.1188E+2	4.9800E+2
6.1190E+2	5.4200E+2
6.1192E+2	5.1200E+2
6.1194E+2	5.1100E+2
6.1196E+2	5.3300E+2
6.1198E+2	5.4200E+2
6.1200E+2	5.9500E+2
6.1202E+2	5.0300E+2
6.1204E+2	5.8000E+2
6.1206E+2	5.5300E+2
6.1208E+2	5.0600E+2
6.1210E+2	5.1000E+2
6.1212E+2	5.5100E+2
6.1214E+2	5.6600E+2
6.1216E+2	5.5900E+2
6.1218E+2	5.5000E+2
6.1220E+2	5.8100E+2
6.1222E+2	5.8700E+2
6.1224E+2	5.9700E+2
6.1226E+2	5.4500E+2
6.1228E+2	5.8600E+2
6.1230E+2	5.5000E+2
6.1232E+2	6.1900E+2
6.1234E+2	6.3100E+2
6.1236E+2	6.0000E+2
6.1238E+2	6.0400E+2
6.1240E+2	5.9900E+2
6.1242E+2	6.0800E+2
6.1244E+2	6.2100E+2
6.1246E+2	5.5100E+2
6.1248E+2	6.1900E+2
6.1250E+2	5.8600E+2
6.1252E+2	6.0200E+2
6.1254E+2	6.0300E+2
6.1256E+2	5.8300E+2
6.1258E+2	6.1400E+2
6.1260E+2	6.2100E+2
6.1262E+2	6.3600E+2
6.1264E+2	6.1400E+2
6.1266E+2	5.8200E+2
6.1268E+2	5.9800E+2
6.1270E+2	6.0800E+2
6.1272E+2	6.3500E+2
6.1274E+2	5.8800E+2
6.1276E+2	6.3100E+2
6.1278E+2	6.7100E+2
6.1280E+2	6.5600E+2
6.1282E+2	6.2800E+2
6.1284E+2	6.6000E+2
6.1286E+2	6.4200E+2
6.1288E+2	6.2300E+2
6.1290E+2	6.4200E+2
6.1292E+2	6.0800E+2
6.1294E+2	6.5800E+2
6.1296E+2	6.4900E+2
6.1298E+2	6.3900E+2
6.1300E+2	6.8300E+2
6.1302E+2	6.6600E+2
6.1304E+2	6.8200E+2
6.1306E+2	6.8100E+2
6.1308E+2	7.1800E+2
6.1310E+2	6.4500E+2
6.1312E+2	6.4000E+2
6.1314E+2	6.9200E+2
6.1316E+2	6.7800E+2
6.1318E+2	6.8800E+2
6.1320E+2	7.0400E+2
6.1322E+2	6.4400E+2
6.1324E+2	6.8800E+2
6.1326E+2	6.5000E+2
6.1328E+2	6.6100E+2
6.1330E+2	6.8400E+2
6.1332E+2	7.0800E+2
6.1334E+2	6.9000E+2
6.1336E+2	6.9100E+2
6.1338E+2	7.4700E+2
6.1340E+2	7.3200E+2
6.1342E+2	7.6400E+2
6.1344E+2	7.7200E+2
6.1346E+2	7.0000E+2
6.1348E+2	7.5800E+2
6.1350E+2	7.7700E+2
6.1352E+2	7.1800E+2
6.1354E+2	7.1500E+2
6.1356E+2	7.3600E+2
6.1358E+2	7.2700E+2
6.1360E+2	7.7900E+2
6.1362E+2	7.2500E+2
6.1364E+2	7.9100E+2
6.1366E+2	7.4500E+2
6.1368E+2	7.9500E+2
6.1370E+2	8.2200E+2
6.1372E+2	7.9700E+2
6.1374E+2	7.4900E+2
6.1376E+2	7.8900E+2
6.1378E+2	8.1000E+2
6.1380E+2	7.9000E+2
6.1382E+2	7.8600E+2
6.1384E+2	7.8000E+2
6.1386E+2	8.3100E+2
6.1388E+2	7.9200E+2
6.1390E+2	8.1300E+2
6.1392E+2	8.2500E+2
6.1394E+2	7.6700E+2
6.1396E+2	7.9000E+2
6.1398E+2	8.0100E+2
6.1400E+2	7.9900E+2
6.1402E+2	7.7200E+2
6.1404E+2	8.1900E+2
6.1406E+2	8.4500E+2
6.1408E+2	8.7500E+2
6.1410E+2	8.4600E+2
6.1412E+2	8.4500E+2
6.1414E+2	8.9800E+2
6.1416E+2	8.7600E+2
6.1418E+2	8.9600E+2
6.1420E+2	8.3800E+2
6.1422E+2	8.6800E+2
6.1424E+2	8.6400E+2
6.1426E+2	8.9700E+2
6.1428E+2	8.8600E+2
6.1430E+2	8.8300E+2
6.1432E+2	8.8200E+2
6.1434E+2	8.1500E+2
6.1436E+2	9.0400E+2
6.1438E+2	8.6900E+2
6.1440E+2	8.3000E+2
6.1442E+2	9.0100E+2
6.1444E+2	8.6100E+2
6.1446E+2	9.4100E+2
6.1448E+2	9.8200E+2
6.1450E+2	8.4000E+2
6.1452E+2	9.2600E+2
6.1454E+2	8.7400E+2
6.1456E+2	9.2200E+2
6.1458E+2	8.9900E+2
6.1460E+2	9.6200E+2
6.1462E+2	9.8300E+2
6.1464E+2	9.7000E+2
6.1466E+2	9.7000E+2
6.1468E+2	1.0130E+3
6.1470E+2	9.5900E+2
6.1472E+2	9.8000E+2
6.1474E+2	1.0010E+3
6.1476E+2	9.7600E+2
6.1478E+2	9.5500E+2
6.1480E+2	1.0320E+3
6.1482E+2	1.0520E+3
6.1484E+2	9.1500E+2
6.1486E+2	9.4200E+2
6.1488E+2	9.9200E+2
6.1490E+2	9.5300E+2
6.1492E+2	1.0380E+3
6.1494E+2	1.0950E+3
6.1496E+2	1.0420E+3
6.1498E+2	1.0510E+3
6.1500E+2	9.8000E+2
6.1502E+2	1.1220E+3
6.1504E+2	1.0250E+3
6.1506E+2	1.0070E+3
6.1508E+2	1.0890E+3
6.1510E+2	1.1380E+3
6.1512E+2	1.0230E+3
6.1514E+2	1.0980E+3
6.1516E+2	1.0980E+3
6.1518E+2	1.0890E+3
6.1520E+2	1.1690E+3
6.1522E+2	1.0520E+3
6.1524E+2	1.1130E+3
6.1526E+2	1.0380E+3
6.1528E+2	1.0670E+3
6.1530E+2	1.1080E+3
6.1532E+2	1.0920E+3
6.1534E+2	1.0980E+3
6.1536E+2	1.1780E+3
6.1538E+2	1.1150E+3
6.1540E+2	1.1230E+3
6.1542E+2	1.1380E+3
6.1544E+2	1.1160E+3
6.1546E+2	1.2040E+3
6.1548E+2	1.1740E+3
6.1550E+2	1.2010E+3
6.1552E+2	1.1570E+3
6.1554E+2	1.1550E+3
6.1556E+2	1.1940E+3
6.1558E+2	1.2000E+3
6.1560E+2	1.1780E+3
6.1562E+2	1.2290E+3
6.1564E+2	1.2180E+3
6.1566E+2	1.2690E+3
6.1568E+2	1.3430E+3
6.1570E+2	1.2040E+3
6.1572E+2	1.2160E+3
6.1574E+2	1.2950E+3
6.1576E+2	1.2520E+3
6.1578E+2	1.3060E+3
6.1580E+2	1.2790E+3
6.1582E+2	1.2900E+3
6.1584E+2	1.3540E+3
6.1586E+2	1.4580E+3
6.1588E+2	1.2900E+3
6.1590E+2	1.3980E+3
6.1592E+2	1.2180E+3
6.1594E+2	1.3250E+3
6.1596E+2	1.3950E+3
6.1598E+2	1.3170E+3
6.1600E+2	1.3740E+3
6.1602E+2	1.3210E+3
6.1604E+2	1.3660E+3
6.1606E+2	1.3700E+3
6.1608E+2	1.3120E+3
6.1610E+2	1.3520E+3
6.1612E+2	1.3620E+3
6.1614E+2	1.3310E+3
6.1616E+2	1.4480E+3
6.1618E+2	1.4100E+3
6.1620E+2	1.3710E+3
6.1622E+2	1.4190E+3
6.1624E+2	1.3920E+3
6.1626E+2	1.3880E+3
6.1628E+2	1.3930E+3
6.1630E+2	1.3790E+3
6.1632E+2	1.3500E+3
6.1634E+2	1.4680E+3
6.1636E+2	1.5090E+3
6.1638E+2	1.4150E+3
6.1640E+2	1.4430E+3
6.1642E+2	1.4490E+3
6.1644E+2	1.4540E+3
6.1646E+2	1.5220E+3
6.1648E+2	1.5190E+3
6.1650E+2	1.3870E+3
6.1652E+2	1.4250E+3
6.1654E+2	1.5100E+3
6.1656E+2	1.6010E+3
6.1658E+2	1.5010E+3
6.1660E+2	1.4940E+3
6.1662E+2	1.5610E+3
6.1664E+2	1.6930E+3
6.1666E+2	1.5500E+3
6.1668E+2	1.6320E+3
6.1670E+2	1.5970E+3
6.1672E+2	1.5920E+3
6.1674E+2	1.5630E+3
6.1676E+2	1.6330E+3
6.1678E+2	1.7040E+3
6.1680E+2	1.6760E+3
6.1682E+2	1.6270E+3
6.1684E+2	1.5660E+3
6.1686E+2	1.6200E+3
6.1688E+2	1.6860E+3
6.1690E+2	1.6660E+3
6.1692E+2	1.7150E+3
6.1694E+2	1.7310E+3
6.1696E+2	1.6610E+3
6.1698E+2	1.6870E+3
6.1700E+2	1.6100E+3
6.1702E+2	1.6910E+3
6.1704E+2	1.7090E+3
6.1706E+2	1.6760E+3
6.1708E+2	1.7380E+3
6.1710E+2	1.8210E+3
6.1712E+2	1.7830E+3
6.1714E+2	1.8290E+3
6.1716E+2	1.8010E+3
6.1718E+2	1.7740E+3
6.1720E+2	1.8090E+3
6.1722E+2	1.8140E+3
6.1724E+2	1.8340E+3
6.1726E+2	1.8830E+3
6.1728E+2	1.8990E+3
6.1730E+2	1.8020E+3
6.1732E+2	1.7810E+3
6.1734E+2	1.7580E+3
6.1736E+2	1.8600E+3
6.1738E+2	1.7660E+3
6.1740E+2	1.8490E+3
6.1742E+2	1.7890E+3
6.1744E+2	1.8590E+3
6.1746E+2	1.9440E+3
6.1748E+2	1.8880E+3
6.1750E+2	1.8170E+3
6.1752E+2	1.8210E+3
6.1754E+2	1.8590E+3
6.1756E+2	1.8850E+3
6.1758E+2	1.7780E+3
6.1760E+2	1.9310E+3
6.1762E+2	2.0340E+3
6.1764E+2	1.9600E+3
6.1766E+2	1.9500E+3
6.1768E+2	2.0770E+3
6.1770E+2	2.1560E+3
6.1772E+2	2.0540E+3
6.1774E+2	1.9470E+3
6.1776E+2	2.0950E+3
6.1778E+2	2.0430E+3
6.1780E+2	2.0280E+3
6.1782E+2	2.1360E+3
6.1784E+2	2.0700E+3
6.1786E+2	1.9860E+3
6.1788E+2	2.0930E+3
6.1790E+2	2.1020E+3
6.1792E+2	2.1330E+3
6.1794E+2	2.1940E+3
6.1796E+2	2.0560E+3
6.1798E+2	2.2370E+3
6.1800E+2	2.1880E+3
6.1802E+2	2.1700E+3
6.1804E+2	2.2150E+3
6.1806E+2	2.2220E+3
6.1808E+2	2.1770E+3
6.1810E+2	2.1940E+3
6.1812E+2	2.2980E+3
6.1814E+2	2.2460E+3
6.1816E+2	2.3120E+3
6.1818E+2	2.2770E+3
6.1820E+2	2.2790E+3
6.1822E+2	2.1530E+3
6.1824E+2	2.3350E+3
6.1826E+2	2.2510E+3
6.1828E+2	2.1950E+3
6.1830E+2	2.2350E+3
6.1832E+2	2.4080E+3
6.1834E+2	2.3180E+3
6.1836E+2	2.4090E+3
6.1838E+2	2.3350E+3
6.1840E+2	2.3550E+3
6.1842E+2	2.3780E+3
6.1844E+2	2.3850E+3
6.1846E+2	2.3310E+3
6.1848E+2	2.4480E+3
6.1850E+2	2.2850E+3
6.1852E+2	2.3330E+3
6.1854E+2	2.4670E+3
6.1856E+2	2.3080E+3
6.1858E+2	2.4470E+3
6.1860E+2	2.3350E+3
6.1862E+2	2.5040E+3
