6.1000E+2	1.6128E+3
6.1002E+2	1.7811E+3
6.1004E+2	1.5784E+3
6.1006E+2	1.6923E+3
6.1008E+2	1.7599E+3
6.1010E+2	1.7521E+3
6.1012E+2	2.0231E+3
6.1014E+2	1.6590E+3
6.1016E+2	2.2487E+3
6.1018E+2	1.9900E+3
6.1020E+2	1.9892E+3
6.1022E+2	1.9314E+3
6.1024E+2	2.0710E+3
6.1026E+2	2.0045E+3
6.1028E+2	2.1742E+3
6.1030E+2	1.7889E+3
6.1032E+2	1.9708E+3
6.1034E+2	1.8748E+3
6.1036E+2	1.9278E+3
6.1038E+2	2.2063E+3
6.1040E+2	1.9037E+3
6.1042E+2	1.8108E+3
6.1044E+2	2.0494E+3
6.1046E+2	1.7485E+3
6.1048E+2	1.7219E+3
6.1050E+2	1.8799E+3
6.1052E+2	1.7845E+3
6.1054E+2	1.7593E+3
6.1056E+2	2.1503E+3
6.1058E+2	1.8816E+3
6.1060E+2	2.1410E+3
6.1062E+2	1.9846E+3
6.1064E+2	1.6011E+3
6.1066E+2	1.8902E+3
6.1068E+2	2.2417E+3
6.1070E+2	1.7414E+3
6.1072E+2	2.2711E+3
6.1074E+2	2.3471E+3
6.1076E+2	2.2423E+3
6.1078E+2	2.5057E+3
6.1080E+2	2.0052E+3
6.1082E+2	2.1536E+3
6.1084E+2	2.0150E+3
6.1086E+2	1.9847E+3
6.1088E+2	2.2517E+3
6.1090E+2	1.9265E+3
6.1092E+2	2.2188E+3
6.1094E+2	1.9790E+3
6.1096E+2	2.1565E+3
6.1098E+2	2.2753E+3
6.1100E+2	2.0524E+3
6.1102E+2	1.7331E+3
6.1104E+2	2.1565E+3
6.1106E+2	2.4063E+3
6.1108E+2	2.4523E+3
6.1110E+2	2.1996E+3
6.1112E+2	1.9957E+3
6.1114E+2	2.0504E+3
6.1116E+2	2.0647E+3
6.1118E+2	2.1131E+3
6.1120E+2	2.0716E+3
6.1122E+2	2.4211E+3
6.1124E+2	2.2639E+3
6.1126E+2	2.3044E+3
6.1128E+2	2.1941E+3
6.1130E+2	2.1434E+3
6.1132E+2	2.1270E+3
6.1134E+2	2.0931E+3
6.1136E+2	2.0376E+3
6.1138E+2	2.0070E+3
6.1140E+2	1.8112E+3
6.1142E+2	2.3473E+3
6.1144E+2	1.8573E+3
6.1146E+2	2.2448E+3
6.1148E+2	2.5957E+3
6.1150E+2	2.2024E+3
6.1152E+2	2.2696E+3
6.1154E+2	2.1811E+3
6.1156E+2	2.1655E+3
6.1158E+2	2.4931E+3
6.1160E+2	2.2660E+3
6.1162E+2	2.1435E+3
6.1164E+2	2.2421E+3
6.1166E+2	2.2861E+3
6.1168E+2	2.2853E+3
6.1170E+2	2.4094E+3
6.1172E+2	2.2442E+3
6.1174E+2	2.2231E+3
6.1176E+2	2.5228E+3
6.1178E+2	2.1272E+3
6.1180E+2	2.3430E+3
6.1182E+2	2.3627E+3
6.1184E+2	2.4790E+3
6.1186E+2	2.5232E+3
6.1188E+2	2.2102E+3
6.1190E+2	2.2773E+3
6.1192E+2	2.4890E+3
6.1194E+2	2.1715E+3
6.1196E+2	2.5961E+3
6.1198E+2	2.5286E+3
6.1200E+2	2.1878E+3
6.1202E+2	2.4898E+3
6.1204E+2	2.4087E+3
6.1206E+2	2.2608E+3
6.1208E+2	2.4245E+3
6.1210E+2	2.3646E+3
6.1212E+2	2.3943E+3
6.1214E+2	2.3204E+3
6.1216E+2	2.3807E+3
6.1218E+2	2.4887E+3
6.1220E+2	2.4661E+3
6.1222E+2	2.1869E+3
6.1224E+2	2.7425E+3
6.1226E+2	2.7739E+3
6.1228E+2	2.1581E+3
6.1230E+2	2.6420E+3
6.1232E+2	2.5963E+3
6.1234E+2	2.4845E+3
6.1236E+2	2.4215E+3
6.1238E+2	2.5378E+3
6.1240E+2	2.7099E+3
6.1242E+2	2.4570E+3
6.1244E+2	2.4895E+3
6.1246E+2	2.2234E+3
6.1248E+2	2.3008E+3
6.1250E+2	2.4192E+3
6.1252E+2	2.5628E+3
6.1254E+2	2.5155E+3
6.1256E+2	2.5631E+3
6.1258E+2	2.5892E+3
6.1260E+2	2.4380E+3
6.1262E+2	2.5443E+3
6.1264E+2	2.7210E+3
6.1266E+2	2.4730E+3
6.1268E+2	2.4735E+3
6.1270E+2	2.3408E+3
6.1272E+2	2.5565E+3
6.1274E+2	2.2820E+3
6.1276E+2	2.6170E+3
6.1278E+2	2.5857E+3
6.1280E+2	2.5627E+3
6.1282E+2	2.3899E+3
6.1284E+2	2.8653E+3
6.1286E+2	2.3630E+3
6.1288E+2	2.3298E+3
6.1290E+2	2.6239E+3
6.1292E+2	2.6056E+3
6.1294E+2	2.2671E+3
6.1296E+2	2.6163E+3
6.1298E+2	2.5586E+3
6.1300E+2	2.5064E+3
6.1302E+2	3.1657E+3
6.1304E+2	2.3265E+3
6.1306E+2	2.7781E+3
6.1308E+2	2.9619E+3
6.1310E+2	2.9957E+3
6.1312E+2	2.6688E+3
6.1314E+2	2.6650E+3
6.1316E+2	2.4775E+3
6.1318E+2	2.4161E+3
6.1320E+2	2.5994E+3
6.1322E+2	2.8011E+3
6.1324E+2	2.6062E+3
6.1326E+2	2.5214E+3
6.1328E+2	2.8389E+3
6.1330E+2	2.6649E+3
6.1332E+2	2.7209E+3
6.1334E+2	2.7423E+3
6.1336E+2	2.4813E+3
6.1338E+2	2.7677E+3
6.1340E+2	2.8303E+3
6.1342E+2	2.7071E+3
6.1344E+2	2.9567E+3
6.1346E+2	2.9761E+3
6.1348E+2	2.4786E+3
6.1350E+2	2.7232E+3
6.1352E+2	3.0197E+3
6.1354E+2	2.7957E+3
6.1356E+2	2.6699E+3
6.1358E+2	2.6325E+3
6.1360E+2	3.2011E+3
6.1362E+2	3.0081E+3
6.1364E+2	2.9897E+3
6.1366E+2	2.6654E+3
6.1368E+2	2.7826E+3
6.1370E+2	2.8787E+3
6.1372E+2	2.7116E+3
6.1374E+2	3.1603E+3
6.1376E+2	2.9244E+3
6.1378E+2	2.7472E+3
6.1380E+2	2.2121E+3
6.1382E+2	2.5759E+3
6.1384E+2	2.7965E+3
6.1386E+2	3.0573E+3
6.1388E+2	2.4879E+3
6.1390E+2	2.5519E+3
6.1392E+2	2.9244E+3
6.1394E+2	2.7541E+3
6.1396E+2	2.9849E+3
6.1398E+2	2.6845E+3
6.1400E+2	3.0866E+3
6.1402E+2	2.9246E+3
6.1404E+2	3.0450E+3
6.1406E+2	3.0950E+3
6.1408E+2	2.6241E+3
6.1410E+2	2.7594E+3
6.1412E+2	3.0922E+3
6.1414E+2	3.1794E+3
6.1416E+2	3.0048E+3
6.1418E+2	2.9493E+3
6.1420E+2	3.0457E+3
6.1422E+2	3.4014E+3
6.1424E+2	2.8585E+3
6.1426E+2	2.6296E+3
6.1428E+2	2.9496E+3
6.1430E+2	2.7915E+3
6.1432E+2	3.0406E+3
6.1434E+2	3.0462E+3
6.1436E+2	2.7167E+3
6.1438E+2	3.0562E+3
6.1440E+2	3.0056E+3
6.1442E+2	3.2473E+3
6.1444E+2	3.1896E+3
6.1446E+2	3.1087E+3
6.1448E+2	3.1755E+3
6.1450E+2	3.1614E+3
6.1452E+2	3.2646E+3
6.1454E+2	3.5984E+3
6.1456E+2	2.9568E+3
6.1458E+2	3.1291E+3
6.1460E+2	3.4337E+3
6.1462E+2	3.1147E+3
6.1464E+2	3.5117E+3
6.1466E+2	3.7016E+3
6.1468E+2	3.4045E+3
6.1470E+2	3.6657E+3
6.1472E+2	3.3736E+3
6.1474E+2	3.5578E+3
6.1476E+2	3.6292E+3
6.1478E+2	3.5522E+3
6.1480E+2	3.6649E+3
6.1482E+2	3.7755E+3
6.1484E+2	4.3123E+3
6.1486E+2	4.2299E+3
6.1488E+2	4.1879E+3
6.1490E+2	4.3261E+3
6.1492E+2	4.3097E+3
6.1494E+2	5.0001E+3
6.1496E+2	4.8977E+3
6.1498E+2	4.8853E+3
6.1500E+2	5.1650E+3
6.1502E+2	4.9649E+3
6.1504E+2	4.9443E+3
6.1506E+2	5.7325E+3
6.1508E+2	5.8846E+3
6.1510E+2	6.0048E+3
6.1512E+2	5.8714E+3
6.1514E+2	6.6304E+3
6.1516E+2	6.2025E+3
6.1518E+2	6.5443E+3
6.1520E+2	6.5715E+3
6.1522E+2	6.3720E+3
6.1524E+2	6.7929E+3
6.1526E+2	7.0082E+3
6.1528E+2	6.1902E+3
6.1530E+2	6.0531E+3
6.1532E+2	6.6632E+3
6.1534E+2	5.9265E+3
6.1536E+2	6.2632E+3
6.1538E+2	5.6133E+3
6.1540E+2	5.4887E+3
6.1542E+2	5.2933E+3
6.1544E+2	5.3154E+3
6.1546E+2	5.2576E+3
6.1548E+2	4.5221E+3
6.1550E+2	5.0747E+3
6.1552E+2	4.4945E+3
6.1554E+2	4.6860E+3
6.1556E+2	4.3659E+3
6.1558E+2	4.1809E+3
6.1560E+2	3.9553E+3
6.1562E+2	4.2791E+3
6.1564E+2	4.1900E+3
6.1566E+2	4.2441E+3
6.1568E+2	4.1356E+3
6.1570E+2	4.0141E+3
6.1572E+2	3.9550E+3
6.1574E+2	4.2597E+3
6.1576E+2	4.0209E+3
6.1578E+2	3.9381E+3
6.1580E+2	3.7275E+3
6.1582E+2	3.8977E+3
6.1584E+2	4.0402E+3
6.1586E+2	3.9282E+3
6.1588E+2	4.4957E+3
6.1590E+2	3.7730E+3
6.1592E+2	3.5377E+3
6.1594E+2	3.4319E+3
6.1596E+2	3.7622E+3
6.1598E+2	4.0059E+3
6.1600E+2	4.1433E+3
6.1602E+2	3.8797E+3
6.1604E+2	3.8789E+3
6.1606E+2	3.8932E+3
6.1608E+2	3.8579E+3
6.1610E+2	3.8760E+3
6.1612E+2	4.1622E+3
6.1614E+2	4.3631E+3
6.1616E+2	4.5391E+3
6.1618E+2	3.5647E+3
6.1620E+2	4.3623E+3
6.1622E+2	4.5122E+3
6.1624E+2	4.3945E+3
6.1626E+2	3.9564E+3
6.1628E+2	4.2113E+3
6.1630E+2	4.6051E+3
6.1632E+2	4.5262E+3
6.1634E+2	5.0094E+3
6.1636E+2	4.5447E+3
6.1638E+2	4.5889E+3
6.1640E+2	4.6124E+3
6.1642E+2	4.3411E+3
6.1644E+2	4.9131E+3
6.1646E+2	4.6585E+3
6.1648E+2	4.7047E+3
6.1650E+2	4.3026E+3
6.1652E+2	4.7150E+3
6.1654E+2	4.3300E+3
6.1656E+2	4.8005E+3
6.1658E+2	4.9152E+3
6.1660E+2	4.3175E+3
6.1662E+2	4.4576E+3
6.1664E+2	4.6237E+3
6.1666E+2	4.8159E+3
6.1668E+2	5.0403E+3
6.1670E+2	4.1716E+3
6.1672E+2	3.9346E+3
6.1674E+2	3.9638E+3
6.1676E+2	4.4600E+3
6.1678E+2	4.8183E+3
6.1680E+2	4.4191E+3
6.1682E+2	4.1015E+3
6.1684E+2	5.0525E+3
6.1686E+2	4.3573E+3
6.1688E+2	4.5509E+3
6.1690E+2	4.6801E+3
6.1692E+2	4.6324E+3
6.1694E+2	4.4595E+3
6.1696E+2	4.9139E+3
6.1698E+2	4.5563E+3
6.1700E+2	4.2342E+3
6.1702E+2	3.9050E+3
6.1704E+2	4.2344E+3
6.1706E+2	4.4449E+3
6.1708E+2	4.5350E+3
6.1710E+2	4.6077E+3
6.1712E+2	4.4753E+3
6.1714E+2	4.4363E+3
6.1716E+2	4.5799E+3
6.1718E+2	4.4579E+3
6.1720E+2	4.5437E+3
6.1722E+2	4.6533E+3
6.1724E+2	4.4507E+3
6.1726E+2	4.6008E+3
6.1728E+2	4.3715E+3
6.1730E+2	4.0940E+3
6.1732E+2	4.3066E+3
6.1734E+2	4.3214E+3
6.1736E+2	4.3941E+3
6.1738E+2	4.9162E+3
6.1740E+2	5.1160E+3
6.1742E+2	4.2680E+3
6.1744E+2	4.5782E+3
6.1746E+2	4.4187E+3
6.1748E+2	4.7435E+3
6.1750E+2	4.8332E+3
6.1752E+2	4.7367E+3
6.1754E+2	4.5128E+3
6.1756E+2	4.2797E+3
6.1758E+2	4.8777E+3
6.1760E+2	4.4709E+3
6.1762E+2	4.8783E+3
6.1764E+2	4.3523E+3
6.1766E+2	4.3975E+3
6.1768E+2	4.7151E+3
6.1770E+2	4.4222E+3
6.1772E+2	4.5180E+3
6.1774E+2	5.0988E+3
6.1776E+2	4.8335E+3
6.1778E+2	4.1723E+3
6.1780E+2	4.3037E+3
6.1782E+2	4.0526E+3
6.1784E+2	4.9648E+3
6.1786E+2	4.5680E+3
6.1788E+2	4.6807E+3
6.1790E+2	4.6985E+3
6.1792E+2	5.2867E+3
6.1794E+2	4.7002E+3
6.1796E+2	5.0193E+3
6.1798E+2	4.5800E+3
6.1800E+2	4.6410E+3
6.1802E+2	4.9364E+3
6.1804E+2	4.1745E+3
6.1806E+2	4.9506E+3
6.1808E+2	4.6377E+3
6.1810E+2	4.8023E+3
6.1812E+2	4.9185E+3
6.1814E+2	4.9411E+3
6.1816E+2	4.9097E+3
6.1818E+2	4.9372E+3
6.1820E+2	5.0176E+3
6.1822E+2	5.0545E+3
6.1824E+2	4.8601E+3
6.1826E+2	5.5331E+3
6.1828E+2	5.5328E+3
6.1830E+2	5.2146E+3
6.1832E+2	5.5551E+3
6.1834E+2	5.1246E+3
6.1836E+2	4.7688E+3
6.1838E+2	4.8552E+3
6.1840E+2	4.8156E+3
6.1842E+2	5.1314E+3
6.1844E+2	4.9169E+3
6.1846E+2	5.2913E+3
6.1848E+2	5.0743E+3
6.1850E+2	4.7240E+3
6.1852E+2	5.2362E+3
6.1854E+2	5.7670E+3
6.1856E+2	5.3308E+3
6.1858E+2	4.7810E+3
6.1860E+2	4.8874E+3
6.1862E+2	5.3924E+3
6.1864E+2	5.4175E+3
6.1866E+2	5.5286E+3
6.1868E+2	4.7955E+3
6.1870E+2	5.1485E+3
6.1872E+2	4.9623E+3
6.1874E+2	5.2178E+3
6.1876E+2	5.2581E+3
6.1878E+2	5.1635E+3
6.1880E+2	5.3071E+3
6.1882E+2	4.9269E+3
6.1884E+2	5.2946E+3
6.1886E+2	5.2982E+3
6.1888E+2	5.4650E+3
6.1890E+2	5.3136E+3
6.1892E+2	5.7465E+3
6.1894E+2	5.5500E+3
6.1896E+2	5.2864E+3
6.1898E+2	5.5320E+3
6.1900E+2	5.0677E+3
6.1902E+2	4.6987E+3
6.1904E+2	5.6854E+3
6.1906E+2	5.3664E+3
6.1908E+2	5.1164E+3
6.1910E+2	5.6733E+3
6.1912E+2	5.4495E+3
6.1914E+2	5.4448E+3
6.1916E+2	5.3667E+3
6.1918E+2	5.7962E+3
6.1920E+2	5.5868E+3
6.1922E+2	6.0246E+3
6.1924E+2	6.0105E+3
6.1926E+2	5.6334E+3
6.1928E+2	5.5939E+3
6.1930E+2	5.4943E+3
6.1932E+2	5.9003E+3
6.1934E+2	5.6147E+3
6.1936E+2	5.7239E+3
6.1938E+2	5.9108E+3
6.1940E+2	5.5453E+3
6.1942E+2	6.1942E+3
6.1944E+2	5.8770E+3
6.1946E+2	5.4535E+3
6.1948E+2	5.9437E+3
6.1950E+2	6.4408E+3
6.1952E+2	5.6957E+3
6.1954E+2	5.6859E+3
6.1956E+2	6.0929E+3
6.1958E+2	5.5522E+3
6.1960E+2	5.7375E+3
6.1962E+2	6.2699E+3
6.1964E+2	6.2256E+3
6.1966E+2	5.6843E+3
6.1968E+2	6.1642E+3
6.1970E+2	6.0906E+3
6.1972E+2	6.3479E+3
6.1974E+2	5.9370E+3
6.1976E+2	5.9939E+3
6.1978E+2	6.6260E+3
6.1980E+2	6.4414E+3
6.1982E+2	5.8273E+3
6.1984E+2	6.6011E+3
6.1986E+2	6.5297E+3
6.1988E+2	6.3406E+3
6.1990E+2	6.5699E+3
6.1992E+2	6.4056E+3
6.1994E+2	6.4659E+3
6.1996E+2	6.1531E+3
6.1998E+2	6.2691E+3
6.2000E+2	6.5855E+3
6.2002E+2	6.6068E+3
6.2004E+2	6.3108E+3
6.2006E+2	6.9026E+3
6.2008E+2	6.5631E+3
6.2010E+2	6.6462E+3
6.2012E+2	6.4675E+3
6.2014E+2	6.4333E+3
6.2016E+2	6.3273E+3
6.2018E+2	6.8123E+3
6.2020E+2	6.7272E+3
6.2022E+2	6.4194E+3
6.2024E+2	6.2841E+3
6.2026E+2	7.0049E+3
6.2028E+2	7.1485E+3
6.2030E+2	6.9096E+3
6.2032E+2	6.9408E+3
6.2034E+2	6.6254E+3
6.2036E+2	6.4314E+3
6.2038E+2	6.8882E+3
6.2040E+2	6.5255E+3
6.2042E+2	6.8177E+3
6.2044E+2	6.8126E+3
6.2046E+2	6.9584E+3
6.2048E+2	7.3279E+3
6.2050E+2	7.0601E+3
6.2052E+2	7.0516E+3
6.2054E+2	6.9447E+3
6.2056E+2	7.2115E+3
6.2058E+2	6.8480E+3
6.2060E+2	7.2440E+3
6.2062E+2	6.4098E+3
6.2064E+2	7.0907E+3
6.2066E+2	7.5415E+3
6.2068E+2	6.5276E+3
6.2070E+2	7.4627E+3
6.2072E+2	7.1644E+3
6.2074E+2	7.4991E+3
6.2076E+2	6.8128E+3
6.2078E+2	7.1330E+3
6.2080E+2	7.3799E+3
6.2082E+2	8.1252E+3
6.2084E+2	7.4237E+3
6.2086E+2	7.5257E+3
6.2088E+2	7.8911E+3
6.2090E+2	7.2950E+3
6.2092E+2	7.3809E+3
6.2094E+2	7.4400E+3
6.2096E+2	7.3238E+3
6.2098E+2	7.2925E+3
6.2100E+2	7.0650E+3
6.2102E+2	7.7264E+3
6.2104E+2	7.3281E+3
6.2106E+2	7.7406E+3
6.2108E+2	7.5550E+3
6.2110E+2	7.4020E+3
6.2112E+2	7.9540E+3
6.2114E+2	7.6965E+3
6.2116E+2	8.1209E+3
6.2118E+2	6.8982E+3
6.2120E+2	8.0952E+3
6.2122E+2	7.8156E+3
6.2124E+2	7.6015E+3
6.2126E+2	8.0957E+3
6.2128E+2	8.3738E+3
6.2130E+2	7.5736E+3
6.2132E+2	8.1931E+3
6.2134E+2	7.7577E+3
6.2136E+2	7.8085E+3
6.2138E+2	8.4823E+3
6.2140E+2	7.6605E+3
6.2142E+2	8.2255E+3
6.2144E+2	8.1564E+3
6.2146E+2	8.4043E+3
6.2148E+2	8.7368E+3
6.2150E+2	8.2325E+3
6.2152E+2	7.8273E+3
6.2154E+2	8.2944E+3
6.2156E+2	8.4735E+3
6.2158E+2	8.0412E+3
6.2160E+2	8.4736E+3
6.2162E+2	8.4338E+3
6.2164E+2	8.1582E+3
6.2166E+2	8.1362E+3
6.2168E+2	8.6580E+3
6.2170E+2	8.1856E+3
6.2172E+2	8.0701E+3
6.2174E+2	8.4473E+3
6.2176E+2	8.8270E+3
6.2178E+2	8.7146E+3
6.2180E+2	8.4726E+3
6.2182E+2	8.6721E+3
6.2184E+2	8.7002E+3
6.2186E+2	8.8004E+3
6.2188E+2	8.3951E+3
6.2190E+2	8.8748E+3
6.2192E+2	8.7124E+3
6.2194E+2	8.8864E+3
6.2196E+2	8.7004E+3
6.2198E+2	8.5287E+3
6.2200E+2	8.7612E+3
6.2202E+2	9.1568E+3
6.2204E+2	9.2557E+3
6.2206E+2	8.5385E+3
6.2208E+2	8.3670E+3
6.2210E+2	8.4785E+3
6.2212E+2	8.9014E+3
6.2214E+2	9.4115E+3
6.2216E+2	8.5743E+3
6.2218E+2	8.8274E+3
6.2220E+2	8.9589E+3
6.2222E+2	9.1125E+3
6.2224E+2	8.9339E+3
6.2226E+2	9.2416E+3
6.2228E+2	9.8946E+3
6.2230E+2	9.5343E+3
6.2232E+2	9.2475E+3
6.2234E+2	9.8038E+3
6.2236E+2	9.0932E+3
6.2238E+2	9.7626E+3
6.2240E+2	9.5996E+3
6.2242E+2	9.3135E+3
6.2244E+2	8.6686E+3
6.2246E+2	9.8145E+3
6.2248E+2	9.3922E+3
6.2250E+2	1.0153E+4
6.2252E+2	9.7680E+3
6.2254E+2	9.9095E+3
6.2256E+2	8.9214E+3
6.2258E+2	1.0376E+4
6.2260E+2	9.3402E+3
6.2262E+2	9.7258E+3
6.2264E+2	9.1956E+3
6.2266E+2	1.0134E+4
6.2268E+2	1.0201E+4
6.2270E+2	9.5790E+3
6.2272E+2	1.0173E+4
6.2274E+2	9.9314E+3
6.2276E+2	9.7204E+3
6.2278E+2	9.4945E+3
6.2280E+2	1.0072E+4
6.2282E+2	9.3929E+3
6.2284E+2	1.0029E+4
6.2286E+2	9.7724E+3
6.2288E+2	1.0011E+4
6.2290E+2	1.0932E+4
6.2292E+2	1.0403E+4
6.2294E+2	1.0320E+4
6.2296E+2	1.0764E+4
6.2298E+2	1.0762E+4
6.2300E+2	1.1017E+4
6.2302E+2	1.0988E+4
6.2304E+2	1.0789E+4
6.2306E+2	1.0390E+4
6.2308E+2	1.0438E+4
6.2310E+2	1.0608E+4
6.2312E+2	1.0599E+4
6.2314E+2	1.1329E+4
6.2316E+2	1.1168E+4
6.2318E+2	1.0640E+4
6.2320E+2	1.0923E+4
6.2322E+2	1.0205E+4
6.2324E+2	1.0849E+4
6.2326E+2	1.0433E+4
6.2328E+2	9.9974E+3
6.2330E+2	1.1133E+4
6.2332E+2	1.0657E+4
6.2334E+2	1.1472E+4
6.2336E+2	1.1567E+4
6.2338E+2	1.0883E+4
6.2340E+2	1.1781E+4
6.2342E+2	1.1480E+4
6.2344E+2	1.1939E+4
6.2346E+2	1.2764E+4
6.2348E+2	1.2268E+4
6.2350E+2	1.2423E+4
6.2352E+2	1.2740E+4
6.2354E+2	1.2404E+4
6.2356E+2	1.2360E+4
6.2358E+2	1.2489E+4
6.2360E+2	1.2602E+4
6.2362E+2	1.2123E+4
6.2364E+2	1.3320E+4
6.2366E+2	1.2488E+4
6.2368E+2	1.1796E+4
6.2370E+2	1.2709E+4
6.2372E+2	1.3017E+4
6.2374E+2	1.2576E+4
6.2376E+2	1.3054E+4
6.2378E+2	1.2477E+4
6.2380E+2	1.2682E+4
6.2382E+2	1.3263E+4
6.2384E+2	1.2461E+4
6.2386E+2	1.2879E+4
6.2388E+2	1.2567E+4
6.2390E+2	1.3532E+4
6.2392E+2	1.3153E+4
6.2394E+2	1.2742E+4
6.2396E+2	1.2587E+4
6.2398E+2	1.3182E+4
6.2400E+2	1.3266E+4
6.2402E+2	1.3696E+4
6.2404E+2	1.3023E+4
6.2406E+2	1.4333E+4
6.2408E+2	1.3641E+4
6.2410E+2	1.4129E+4
6.2412E+2	1.3957E+4
6.2414E+2	1.4342E+4
6.2416E+2	1.4049E+4
6.2418E+2	1.4216E+4
6.2420E+2	1.4500E+4
6.2422E+2	1.5734E+4
6.2424E+2	1.5683E+4
6.2426E+2	1.6971E+4
6.2428E+2	1.7339E+4
6.2430E+2	1.6607E+4
6.2432E+2	1.7886E+4
6.2434E+2	1.8607E+4
6.2436E+2	2.0440E+4
6.2438E+2	2.0843E+4
6.2440E+2	2.2168E+4
6.2442E+2	2.2726E+4
6.2444E+2	2.3302E+4
6.2446E+2	2.2734E+4
6.2448E+2	2.3642E+4
6.2450E+2	2.5580E+4
6.2452E+2	2.5056E+4
6.2454E+2	2.6406E+4
6.2456E+2	2.7071E+4
6.2458E+2	2.6509E+4
6.2460E+2	2.6969E+4
6.2462E+2	2.8092E+4
6.2464E+2	2.6182E+4
6.2466E+2	2.8922E+4
6.2468E+2	2.7605E+4
6.2470E+2	2.6534E+4
6.2472E+2	2.7167E+4
6.2474E+2	2.6752E+4
6.2476E+2	2.6512E+4
6.2478E+2	2.5970E+4
6.2480E+2	2.6805E+4
6.2482E+2	2.4567E+4
6.2484E+2	2.5492E+4
6.2486E+2	2.3774E+4
6.2488E+2	2.3482E+4
6.2490E+2	2.2835E+4
6.2492E+2	2.1788E+4
6.2494E+2	2.1564E+4
6.2496E+2	2.0912E+4
6.2498E+2	2.0268E+4
6.2500E+2	1.9051E+4
6.2502E+2	1.8914E+4
6.2504E+2	1.8937E+4
6.2506E+2	1.8106E+4
6.2508E+2	1.8104E+4
6.2510E+2	1.6936E+4
6.2512E+2	1.7570E+4
6.2514E+2	1.7406E+4
6.2516E+2	1.7321E+4
6.2518E+2	1.6620E+4
6.2520E+2	1.6846E+4
6.2522E+2	1.6087E+4
6.2524E+2	1.6191E+4
6.2526E+2	1.6529E+4
6.2528E+2	1.6247E+4
6.2530E+2	1.6914E+4
6.2532E+2	1.6595E+4
6.2534E+2	1.6639E+4
6.2536E+2	1.7664E+4
6.2538E+2	1.6848E+4
6.2540E+2	1.6838E+4
6.2542E+2	1.7278E+4
6.2544E+2	1.7662E+4
6.2546E+2	1.7264E+4
6.2548E+2	1.8207E+4
6.2550E+2	1.8529E+4
6.2552E+2	1.8450E+4
6.2554E+2	1.7939E+4
6.2556E+2	1.7960E+4
6.2558E+2	1.9101E+4
6.2560E+2	1.8764E+4
6.2562E+2	1.8407E+4
6.2564E+2	1.9542E+4
6.2566E+2	1.8402E+4
6.2568E+2	1.8361E+4
6.2570E+2	1.9539E+4
6.2572E+2	1.9989E+4
6.2574E+2	1.9925E+4
6.2576E+2	1.9269E+4
6.2578E+2	1.8536E+4
6.2580E+2	2.0336E+4
6.2582E+2	2.0609E+4
6.2584E+2	1.9230E+4
6.2586E+2	1.9063E+4
6.2588E+2	2.0563E+4
6.2590E+2	2.1471E+4
6.2592E+2	2.0198E+4
6.2594E+2	2.1387E+4
6.2596E+2	2.0988E+4
6.2598E+2	2.0950E+4
6.2600E+2	2.0614E+4
6.2602E+2	2.1328E+4
6.2604E+2	2.1701E+4
6.2606E+2	2.0677E+4
6.2608E+2	2.1528E+4
6.2610E+2	2.1404E+4
6.2612E+2	2.2386E+4
6.2614E+2	2.1442E+4
6.2616E+2	2.1867E+4
6.2618E+2	2.2686E+4
6.2620E+2	2.0988E+4
6.2622E+2	2.1804E+4
6.2624E+2	2.2525E+4
6.2626E+2	2.2745E+4
6.2628E+2	2.2837E+4
6.2630E+2	2.2388E+4
6.2632E+2	2.4016E+4
6.2634E+2	2.3482E+4
6.2636E+2	2.3568E+4
6.2638E+2	2.4058E+4
6.2640E+2	2.3719E+4
6.2642E+2	2.4177E+4
6.2644E+2	2.4358E+4
6.2646E+2	2.3799E+4
6.2648E+2	2.5454E+4
6.2650E+2	2.4764E+4
6.2652E+2	2.5483E+4
6.2654E+2	2.5449E+4
6.2656E+2	2.6111E+4
6.2658E+2	2.5598E+4
6.2660E+2	2.5753E+4
6.2662E+2	2.5872E+4
6.2664E+2	2.6663E+4
6.2666E+2	2.8342E+4
6.2668E+2	2.7958E+4
6.2670E+2	2.8879E+4
6.2672E+2	2.8964E+4
6.2674E+2	3.0012E+4
6.2676E+2	3.0613E+4
6.2678E+2	3.0873E+4
6.2680E+2	3.2508E+4
6.2682E+2	3.4171E+4
6.2684E+2	3.3344E+4
6.2686E+2	3.4851E+4
6.2688E+2	3.7004E+4
6.2690E+2	3.8767E+4
6.2692E+2	3.8823E+4
6.2694E+2	3.9351E+4
6.2696E+2	4.1019E+4
6.2698E+2	4.2148E+4
6.2700E+2	4.3435E+4
6.2702E+2	4.4963E+4
6.2704E+2	4.5218E+4
6.2706E+2	4.6953E+4
6.2708E+2	4.6024E+4
6.2710E+2	4.8123E+4
6.2712E+2	4.9150E+4
6.2714E+2	4.7594E+4
6.2716E+2	5.0666E+4
6.2718E+2	5.0245E+4
6.2720E+2	5.0925E+4
6.2722E+2	5.0791E+4
6.2724E+2	5.0123E+4
6.2726E+2	5.0069E+4
6.2728E+2	4.8606E+4
6.2730E+2	5.0059E+4
6.2732E+2	4.9647E+4
6.2734E+2	4.9302E+4
6.2736E+2	4.8893E+4
6.2738E+2	4.8789E+4
6.2740E+2	4.9083E+4
6.2742E+2	4.8206E+4
6.2744E+2	4.7557E+4
6.2746E+2	4.6911E+4
6.2748E+2	4.4570E+4
6.2750E+2	4.6426E+4
6.2752E+2	4.6334E+4
6.2754E+2	4.6609E+4
6.2756E+2	4.5849E+4
6.2758E+2	4.5430E+4
6.2760E+2	4.3060E+4
6.2762E+2	4.5721E+4
6.2764E+2	4.4041E+4
6.2766E+2	4.3586E+4
6.2768E+2	4.5574E+4
6.2770E+2	4.4201E+4
6.2772E+2	4.4538E+4
6.2774E+2	4.6492E+4
6.2776E+2	4.5647E+4
6.2778E+2	4.5647E+4
6.2780E+2	4.6191E+4
6.2782E+2	4.6807E+4
6.2784E+2	4.6714E+4
6.2786E+2	4.7906E+4
6.2788E+2	4.8243E+4
6.2790E+2	4.8583E+4
6.2792E+2	4.7915E+4
6.2794E+2	5.2474E+4
6.2796E+2	5.1414E+4
6.2798E+2	5.1615E+4
6.2800E+2	5.0589E+4
6.2802E+2	5.2384E+4
6.2804E+2	5.3144E+4
6.2806E+2	5.2120E+4
6.2808E+2	5.4835E+4
6.2810E+2	5.4395E+4
6.2812E+2	5.6143E+4
6.2814E+2	5.6578E+4
6.2816E+2	5.8296E+4
6.2818E+2	5.9672E+4
6.2820E+2	5.9662E+4
6.2822E+2	6.1549E+4
6.2824E+2	6.1524E+4
6.2826E+2	6.2945E+4
6.2828E+2	6.2422E+4
6.2830E+2	6.2100E+4
6.2832E+2	6.7192E+4
6.2834E+2	6.6333E+4
6.2836E+2	6.7815E+4
6.2838E+2	6.9041E+4
6.2840E+2	7.0200E+4
6.2842E+2	7.0326E+4
6.2844E+2	7.0301E+4
6.2846E+2	7.5114E+4
6.2848E+2	7.2182E+4
6.2850E+2	7.4488E+4
6.2852E+2	7.5311E+4
6.2854E+2	7.5817E+4
6.2856E+2	7.8064E+4
6.2858E+2	7.8319E+4
6.2860E+2	8.2424E+4
6.2862E+2	7.9088E+4
6.2864E+2	8.1021E+4
6.2866E+2	8.4684E+4
6.2868E+2	8.4194E+4
6.2870E+2	8.3682E+4
6.2872E+2	8.7040E+4
6.2874E+2	8.8734E+4
6.2876E+2	8.8737E+4
6.2878E+2	9.0902E+4
6.2880E+2	9.2726E+4
6.2882E+2	9.3186E+4
6.2884E+2	9.6010E+4
6.2886E+2	9.5592E+4
6.2888E+2	9.6970E+4
6.2890E+2	9.8835E+4
6.2892E+2	1.0084E+5
6.2894E+2	1.0467E+5
6.2896E+2	1.0495E+5
6.2898E+2	1.0878E+5
6.2900E+2	1.0944E+5
