6.1000E+2	1.9524E+3
6.1050E+2	2.0393E+3
6.1100E+2	2.2050E+3
6.1150E+2	2.2047E+3
6.1200E+2	2.4264E+3
6.1250E+2	2.4225E+3
6.1300E+2	2.6437E+3
6.1350E+2	2.8490E+3
6.1400E+2	3.2970E+3
6.1450E+2	3.4785E+3
6.1500E+2	4.5422E+3
6.1550E+2	6.3461E+3
6.1600E+2	4.1961E+3
6.1650E+2	4.0636E+3
6.1700E+2	3.8240E+3
6.1750E+2	4.4698E+3
6.1800E+2	4.5796E+3
6.1850E+2	5.4038E+3
6.1900E+2	5.7764E+3
6.1950E+2	5.7133E+3
6.2000E+2	6.2601E+3
6.2050E+2	6.6891E+3
6.2100E+2	6.9083E+3
6.2150E+2	7.1017E+3
6.2200E+2	8.0184E+3
6.2250E+2	8.5267E+3
6.2300E+2	9.8965E+3
6.2350E+2	1.0813E+4
6.2400E+2	1.1768E+4
6.2450E+2	1.2936E+4
6.2500E+2	2.1046E+4
6.2550E+2	2.0562E+4
6.2600E+2	1.8003E+4
6.2650E+2	1.9739E+4
6.2700E+2	2.2973E+4
6.2750E+2	3.6147E+4
6.2800E+2	4.6712E+4
6.2850E+2	5.1371E+4
6.2900E+2	7.5300E+4
