6.3700E+2	4.0926E+5
6.3702E+2	3.9386E+5
6.3704E+2	3.8575E+5
6.3706E+2	3.7374E+5
6.3708E+2	3.5971E+5
6.3710E+2	3.4661E+5
6.3712E+2	3.3739E+5
6.3714E+2	3.2488E+5
6.3716E+2	3.2091E+5
6.3718E+2	3.0921E+5
6.3720E+2	3.0812E+5
6.3722E+2	3.0154E+5
6.3724E+2	3.0093E+5
6.3726E+2	2.9674E+5
6.3728E+2	2.9268E+5
6.3730E+2	2.9201E+5
6.3732E+2	2.8530E+5
6.3734E+2	2.8644E+5
6.3736E+2	2.8762E+5
6.3738E+2	2.8317E+5
6.3740E+2	2.8478E+5
6.3742E+2	2.7723E+5
6.3744E+2	2.7575E+5
6.3746E+2	2.7381E+5
6.3748E+2	2.6933E+5
6.3750E+2	2.6895E+5
6.3752E+2	2.6834E+5
6.3754E+2	2.6730E+5
6.3756E+2	2.6627E+5
6.3758E+2	2.5934E+5
6.3760E+2	2.5906E+5
6.3762E+2	2.5794E+5
6.3764E+2	2.5317E+5
6.3766E+2	2.5595E+5
6.3768E+2	2.5601E+5
6.3770E+2	2.4761E+5
6.3772E+2	2.4483E+5
6.3774E+2	2.4319E+5
6.3776E+2	2.4315E+5
6.3778E+2	2.4152E+5
6.3780E+2	2.4175E+5
6.3782E+2	2.3768E+5
6.3784E+2	2.3979E+5
6.3786E+2	2.3351E+5
6.3788E+2	2.3159E+5
6.3790E+2	2.3500E+5
6.3792E+2	2.2625E+5
6.3794E+2	2.2758E+5
6.3796E+2	2.2591E+5
6.3798E+2	2.2518E+5
6.3800E+2	2.2136E+5
6.3802E+2	2.2001E+5
6.3804E+2	2.1763E+5
6.3806E+2	2.1843E+5
6.3808E+2	2.1603E+5
6.3810E+2	2.0827E+5
6.3812E+2	2.1129E+5
6.3814E+2	2.0816E+5
6.3816E+2	2.0748E+5
6.3818E+2	2.0282E+5
6.3820E+2	2.0218E+5
6.3822E+2	2.0226E+5
6.3824E+2	2.0221E+5
6.3826E+2	1.9907E+5
6.3828E+2	1.9716E+5
6.3830E+2	1.9351E+5
6.3832E+2	1.9412E+5
6.3834E+2	1.9070E+5
6.3836E+2	1.9223E+5
6.3838E+2	1.8943E+5
6.3840E+2	1.8961E+5
6.3842E+2	1.8314E+5
6.3844E+2	1.8325E+5
6.3846E+2	1.8171E+5
6.3848E+2	1.8171E+5
6.3850E+2	1.8015E+5
6.3852E+2	1.7950E+5
6.3854E+2	1.7486E+5
6.3856E+2	1.7374E+5
6.3858E+2	1.7515E+5
6.3860E+2	1.7411E+5
6.3862E+2	1.7032E+5
6.3864E+2	1.7061E+5
6.3866E+2	1.6859E+5
6.3868E+2	1.6770E+5
6.3870E+2	1.6361E+5
6.3872E+2	1.6277E+5
6.3874E+2	1.6382E+5
6.3876E+2	1.5996E+5
6.3878E+2	1.5648E+5
6.3880E+2	1.5963E+5
6.3882E+2	1.5456E+5
6.3884E+2	1.5521E+5
6.3886E+2	1.5487E+5
6.3888E+2	1.5361E+5
6.3890E+2	1.5011E+5
6.3892E+2	1.4982E+5
6.3894E+2	1.5096E+5
6.3896E+2	1.4888E+5
6.3898E+2	1.4712E+5
6.3900E+2	1.4695E+5
6.3902E+2	1.4425E+5
6.3904E+2	1.4409E+5
6.3906E+2	1.4278E+5
6.3908E+2	1.3948E+5
6.3910E+2	1.4059E+5
6.3912E+2	1.3631E+5
6.3914E+2	1.3887E+5
6.3916E+2	1.3854E+5
6.3918E+2	1.3549E+5
6.3920E+2	1.3587E+5
6.3922E+2	1.3676E+5
6.3924E+2	1.3470E+5
6.3926E+2	1.3864E+5
6.3928E+2	1.3707E+5
6.3930E+2	1.3760E+5
6.3932E+2	1.3687E+5
6.3934E+2	1.3637E+5
6.3936E+2	1.3887E+5
6.3938E+2	1.3966E+5
6.3940E+2	1.3904E+5
6.3942E+2	1.3938E+5
6.3944E+2	1.4203E+5
6.3946E+2	1.4049E+5
6.3948E+2	1.4412E+5
6.3950E+2	1.4030E+5
6.3952E+2	1.4117E+5
6.3954E+2	1.4153E+5
6.3956E+2	1.3917E+5
6.3958E+2	1.4031E+5
6.3960E+2	1.4101E+5
6.3962E+2	1.3858E+5
6.3964E+2	1.3630E+5
6.3966E+2	1.3631E+5
6.3968E+2	1.3481E+5
6.3970E+2	1.3132E+5
6.3972E+2	1.2906E+5
6.3974E+2	1.2587E+5
6.3976E+2	1.2493E+5
6.3978E+2	1.2047E+5
6.3980E+2	1.1926E+5
6.3982E+2	1.1588E+5
6.3984E+2	1.1470E+5
6.3986E+2	1.1372E+5
6.3988E+2	1.0920E+5
6.3990E+2	1.0581E+5
6.3992E+2	1.0347E+5
6.3994E+2	9.9477E+4
6.3996E+2	9.8388E+4
6.3998E+2	9.5688E+4
6.4000E+2	9.0924E+4
6.4002E+2	8.8091E+4
6.4004E+2	8.6698E+4
6.4006E+2	8.6186E+4
6.4008E+2	8.5181E+4
6.4010E+2	8.1210E+4
6.4012E+2	8.2038E+4
6.4014E+2	8.2344E+4
6.4016E+2	7.9004E+4
6.4018E+2	8.0885E+4
6.4020E+2	7.7103E+4
6.4022E+2	7.8362E+4
6.4024E+2	7.5996E+4
6.4026E+2	7.6619E+4
6.4028E+2	7.4977E+4
6.4030E+2	7.4035E+4
6.4032E+2	7.2217E+4
6.4034E+2	7.3262E+4
6.4036E+2	7.1911E+4
6.4038E+2	7.1997E+4
6.4040E+2	7.1276E+4
6.4042E+2	6.7724E+4
6.4044E+2	6.7009E+4
6.4046E+2	6.8913E+4
6.4048E+2	6.5696E+4
6.4050E+2	6.5528E+4
6.4052E+2	6.7648E+4
6.4054E+2	6.5135E+4
6.4056E+2	6.6845E+4
6.4058E+2	6.4196E+4
6.4060E+2	6.3336E+4
6.4062E+2	6.1838E+4
6.4064E+2	6.2016E+4
6.4066E+2	6.1786E+4
6.4068E+2	6.3628E+4
6.4070E+2	6.1162E+4
6.4072E+2	5.9113E+4
6.4074E+2	5.6632E+4
6.4076E+2	5.6962E+4
6.4078E+2	5.7657E+4
6.4080E+2	5.5801E+4
6.4082E+2	5.6084E+4
6.4084E+2	5.5723E+4
6.4086E+2	5.4389E+4
6.4088E+2	5.3880E+4
6.4090E+2	5.3148E+4
6.4092E+2	5.2908E+4
6.4094E+2	5.2436E+4
6.4096E+2	5.1773E+4
6.4098E+2	5.0572E+4
6.4100E+2	5.0117E+4
6.4102E+2	4.9418E+4
6.4104E+2	4.8481E+4
6.4106E+2	5.0034E+4
6.4108E+2	4.6904E+4
6.4110E+2	4.7726E+4
6.4112E+2	4.5818E+4
6.4114E+2	4.5758E+4
6.4116E+2	4.5798E+4
6.4118E+2	4.3541E+4
6.4120E+2	4.3546E+4
6.4122E+2	4.3585E+4
6.4124E+2	4.2986E+4
6.4126E+2	4.2739E+4
6.4128E+2	4.1905E+4
6.4130E+2	4.0813E+4
6.4132E+2	4.0847E+4
6.4134E+2	3.9752E+4
6.4136E+2	3.9461E+4
6.4138E+2	4.0486E+4
6.4140E+2	4.0783E+4
6.4142E+2	3.8850E+4
6.4144E+2	3.9236E+4
6.4146E+2	3.8107E+4
6.4148E+2	3.8374E+4
6.4150E+2	3.8003E+4
6.4152E+2	3.7219E+4
6.4154E+2	3.7260E+4
6.4156E+2	3.7551E+4
6.4158E+2	3.8494E+4
6.4160E+2	3.8114E+4
6.4162E+2	3.7081E+4
6.4164E+2	3.8837E+4
6.4166E+2	3.9140E+4
6.4168E+2	3.8219E+4
6.4170E+2	4.0469E+4
6.4172E+2	3.9877E+4
6.4174E+2	4.1220E+4
6.4176E+2	4.2312E+4
6.4178E+2	4.2185E+4
6.4180E+2	4.2908E+4
6.4182E+2	4.5132E+4
6.4184E+2	4.7276E+4
6.4186E+2	4.6618E+4
6.4188E+2	4.8928E+4
6.4190E+2	4.9795E+4
6.4192E+2	5.0903E+4
6.4194E+2	5.1071E+4
6.4196E+2	5.2071E+4
6.4198E+2	5.5015E+4
6.4200E+2	5.2327E+4
6.4202E+2	5.4385E+4
6.4204E+2	5.4334E+4
6.4206E+2	5.7451E+4
6.4208E+2	5.7062E+4
6.4210E+2	5.7520E+4
6.4212E+2	5.6150E+4
6.4214E+2	5.5972E+4
6.4216E+2	5.8624E+4
6.4218E+2	5.6066E+4
6.4220E+2	5.5035E+4
6.4222E+2	5.2993E+4
6.4224E+2	5.1433E+4
6.4226E+2	5.0593E+4
6.4228E+2	4.8682E+4
6.4230E+2	4.7738E+4
6.4232E+2	4.3938E+4
6.4234E+2	4.2308E+4
6.4236E+2	4.0326E+4
6.4238E+2	3.9312E+4
6.4240E+2	3.8208E+4
6.4242E+2	3.4194E+4
6.4244E+2	3.3141E+4
6.4246E+2	3.0972E+4
6.4248E+2	3.0906E+4
6.4250E+2	2.8380E+4
6.4252E+2	2.8315E+4
6.4254E+2	2.5894E+4
6.4256E+2	2.5680E+4
6.4258E+2	2.4902E+4
6.4260E+2	2.3745E+4
6.4262E+2	2.3055E+4
6.4264E+2	2.3818E+4
6.4266E+2	2.2548E+4
6.4268E+2	2.3334E+4
6.4270E+2	2.2825E+4
6.4272E+2	2.2097E+4
6.4274E+2	2.2297E+4
6.4276E+2	2.1402E+4
6.4278E+2	2.1334E+4
6.4280E+2	2.1207E+4
6.4282E+2	2.0674E+4
6.4284E+2	2.1132E+4
6.4286E+2	2.0896E+4
6.4288E+2	2.0594E+4
6.4290E+2	2.1306E+4
6.4292E+2	2.0055E+4
6.4294E+2	2.1301E+4
6.4296E+2	2.0127E+4
6.4298E+2	2.0085E+4
6.4300E+2	1.9778E+4
6.4302E+2	1.9267E+4
6.4304E+2	2.0118E+4
6.4306E+2	2.0882E+4
6.4308E+2	2.0924E+4
6.4310E+2	1.9783E+4
6.4312E+2	2.0098E+4
6.4314E+2	2.0375E+4
6.4316E+2	1.9775E+4
6.4318E+2	1.9362E+4
6.4320E+2	1.8974E+4
6.4322E+2	1.9056E+4
6.4324E+2	2.1309E+4
6.4326E+2	1.8737E+4
6.4328E+2	1.9812E+4
6.4330E+2	1.9431E+4
6.4332E+2	1.8257E+4
6.4334E+2	1.9455E+4
6.4336E+2	1.9958E+4
6.4338E+2	1.8669E+4
6.4340E+2	1.8616E+4
6.4342E+2	1.7864E+4
6.4344E+2	1.7872E+4
6.4346E+2	1.8860E+4
6.4348E+2	1.6608E+4
6.4350E+2	1.7769E+4
6.4352E+2	1.7076E+4
6.4354E+2	1.7056E+4
6.4356E+2	1.6203E+4
6.4358E+2	1.5909E+4
6.4360E+2	1.6495E+4
6.4362E+2	1.5663E+4
6.4364E+2	1.5956E+4
6.4366E+2	1.5477E+4
6.4368E+2	1.5072E+4
6.4370E+2	1.4502E+4
6.4372E+2	1.4584E+4
6.4374E+2	1.4246E+4
6.4376E+2	1.4300E+4
6.4378E+2	1.3815E+4
6.4380E+2	1.3802E+4
6.4382E+2	1.3583E+4
6.4384E+2	1.3997E+4
6.4386E+2	1.3265E+4
6.4388E+2	1.3218E+4
6.4390E+2	1.2437E+4
6.4392E+2	1.3085E+4
6.4394E+2	1.2602E+4
6.4396E+2	1.3242E+4
6.4398E+2	1.2146E+4
6.4400E+2	1.2339E+4
6.4402E+2	1.2414E+4
6.4404E+2	1.2326E+4
6.4406E+2	1.2681E+4
6.4408E+2	1.1938E+4
6.4410E+2	1.2004E+4
6.4412E+2	1.2132E+4
6.4414E+2	1.2431E+4
6.4416E+2	1.2372E+4
6.4418E+2	1.1465E+4
6.4420E+2	1.0949E+4
6.4422E+2	1.1892E+4
6.4424E+2	1.1460E+4
6.4426E+2	1.1173E+4
6.4428E+2	1.1916E+4
6.4430E+2	1.0873E+4
6.4432E+2	1.1322E+4
6.4434E+2	1.0419E+4
6.4436E+2	1.1005E+4
6.4438E+2	1.1277E+4
6.4440E+2	1.0081E+4
6.4442E+2	1.0202E+4
6.4444E+2	1.0266E+4
6.4446E+2	9.8169E+3
6.4448E+2	1.0268E+4
6.4450E+2	9.7352E+3
6.4452E+2	1.0827E+4
6.4454E+2	9.4533E+3
6.4456E+2	9.8942E+3
6.4458E+2	9.9697E+3
6.4460E+2	1.0630E+4
6.4462E+2	9.9658E+3
6.4464E+2	1.0405E+4
6.4466E+2	9.4509E+3
6.4468E+2	9.0798E+3
6.4470E+2	9.3092E+3
6.4472E+2	9.4811E+3
6.4474E+2	8.9422E+3
6.4476E+2	9.2300E+3
6.4478E+2	9.3580E+3
6.4480E+2	9.0995E+3
6.4482E+2	9.1955E+3
6.4484E+2	8.0639E+3
6.4486E+2	8.8866E+3
6.4488E+2	9.3903E+3
6.4490E+2	9.0537E+3
6.4492E+2	9.1414E+3
6.4494E+2	8.3147E+3
6.4496E+2	8.4250E+3
6.4498E+2	9.0606E+3
6.4500E+2	9.1135E+3
6.4502E+2	8.1082E+3
6.4504E+2	8.4645E+3
6.4506E+2	7.9279E+3
6.4508E+2	8.5944E+3
6.4510E+2	8.6433E+3
6.4512E+2	8.3086E+3
6.4514E+2	7.8140E+3
6.4516E+2	8.0387E+3
6.4518E+2	8.5363E+3
6.4520E+2	7.5846E+3
6.4522E+2	8.6011E+3
6.4524E+2	8.2441E+3
6.4526E+2	7.6276E+3
6.4528E+2	7.9377E+3
6.4530E+2	8.3561E+3
6.4532E+2	8.1342E+3
6.4534E+2	7.6279E+3
6.4536E+2	7.8171E+3
6.4538E+2	7.5551E+3
6.4540E+2	6.8486E+3
6.4542E+2	7.2641E+3
6.4544E+2	7.9692E+3
6.4546E+2	7.5118E+3
6.4548E+2	7.3680E+3
6.4550E+2	7.1437E+3
6.4552E+2	7.5861E+3
6.4554E+2	6.8454E+3
6.4556E+2	7.2216E+3
6.4558E+2	7.0507E+3
6.4560E+2	6.7993E+3
6.4562E+2	6.4305E+3
6.4564E+2	6.8429E+3
6.4566E+2	6.9572E+3
6.4568E+2	6.6953E+3
6.4570E+2	7.1287E+3
6.4572E+2	6.7972E+3
6.4574E+2	6.7315E+3
6.4576E+2	6.3239E+3
6.4578E+2	6.5885E+3
6.4580E+2	6.9616E+3
6.4582E+2	6.4562E+3
6.4584E+2	6.2121E+3
6.4586E+2	5.6817E+3
6.4588E+2	6.2844E+3
6.4590E+2	6.3845E+3
6.4592E+2	6.3266E+3
6.4594E+2	6.1071E+3
6.4596E+2	6.0531E+3
6.4598E+2	6.3147E+3
6.4600E+2	5.7106E+3
6.4602E+2	6.1542E+3
6.4604E+2	5.8104E+3
6.4606E+2	6.3056E+3
6.4608E+2	5.6254E+3
6.4610E+2	6.2624E+3
6.4612E+2	6.1144E+3
6.4614E+2	5.9921E+3
6.4616E+2	5.9489E+3
6.4618E+2	5.5717E+3
6.4620E+2	5.5119E+3
6.4622E+2	5.9474E+3
6.4624E+2	6.0335E+3
6.4626E+2	5.5375E+3
6.4628E+2	5.9454E+3
6.4630E+2	6.0802E+3
6.4632E+2	5.7547E+3
6.4634E+2	5.7106E+3
6.4636E+2	5.9959E+3
6.4638E+2	5.8721E+3
6.4640E+2	5.5766E+3
6.4642E+2	5.9527E+3
6.4644E+2	5.2652E+3
6.4646E+2	5.4920E+3
6.4648E+2	5.4934E+3
6.4650E+2	6.1698E+3
6.4652E+2	4.9571E+3
6.4654E+2	5.1740E+3
6.4656E+2	5.1819E+3
6.4658E+2	5.2761E+3
6.4660E+2	4.9689E+3
6.4662E+2	4.7769E+3
6.4664E+2	5.3347E+3
6.4666E+2	5.1641E+3
6.4668E+2	5.0120E+3
6.4670E+2	5.0700E+3
6.4672E+2	4.6250E+3
6.4674E+2	5.2871E+3
6.4676E+2	4.7512E+3
6.4678E+2	5.1732E+3
6.4680E+2	5.1499E+3
6.4682E+2	4.9882E+3
6.4684E+2	4.3895E+3
6.4686E+2	4.9746E+3
6.4688E+2	4.5138E+3
6.4690E+2	4.8598E+3
6.4692E+2	5.2244E+3
6.4694E+2	5.0889E+3
6.4696E+2	4.5072E+3
6.4698E+2	4.8504E+3
6.4700E+2	4.7346E+3
6.4702E+2	4.6261E+3
6.4704E+2	4.6882E+3
6.4706E+2	4.4987E+3
6.4708E+2	4.4372E+3
6.4710E+2	4.7275E+3
6.4712E+2	4.7207E+3
6.4714E+2	4.5808E+3
6.4716E+2	4.5378E+3
6.4718E+2	4.6677E+3
6.4720E+2	4.3152E+3
6.4722E+2	4.1828E+3
6.4724E+2	4.4350E+3
6.4726E+2	4.4118E+3
6.4728E+2	4.0715E+3
6.4730E+2	4.5073E+3
6.4732E+2	4.1540E+3
6.4734E+2	4.0379E+3
6.4736E+2	3.8434E+3
6.4738E+2	4.2367E+3
6.4740E+2	4.1738E+3
6.4742E+2	4.5806E+3
6.4744E+2	4.3279E+3
6.4746E+2	4.4860E+3
6.4748E+2	3.6524E+3
6.4750E+2	4.2478E+3
6.4752E+2	4.0222E+3
6.4754E+2	4.0240E+3
6.4756E+2	4.2230E+3
6.4758E+2	3.9311E+3
6.4760E+2	4.0742E+3
6.4762E+2	4.0153E+3
6.4764E+2	4.2003E+3
6.4766E+2	4.0905E+3
6.4768E+2	4.0444E+3
6.4770E+2	3.6190E+3
6.4772E+2	4.0638E+3
6.4774E+2	4.0297E+3
6.4776E+2	3.6516E+3
6.4778E+2	4.0803E+3
6.4780E+2	3.9092E+3
6.4782E+2	3.8836E+3
6.4784E+2	4.0381E+3
6.4786E+2	3.8147E+3
6.4788E+2	3.6268E+3
6.4790E+2	4.1193E+3
6.4792E+2	3.7379E+3
6.4794E+2	4.0170E+3
6.4796E+2	4.0486E+3
6.4798E+2	4.0461E+3
6.4800E+2	3.7097E+3
6.4802E+2	4.0376E+3
6.4804E+2	3.9023E+3
6.4806E+2	3.7229E+3
6.4808E+2	3.6292E+3
6.4810E+2	3.4773E+3
6.4812E+2	3.2662E+3
6.4814E+2	3.6214E+3
6.4816E+2	3.8620E+3
6.4818E+2	3.8008E+3
6.4820E+2	3.8411E+3
6.4822E+2	3.5637E+3
6.4824E+2	3.6633E+3
6.4826E+2	3.2263E+3
6.4828E+2	3.4889E+3
6.4830E+2	3.3796E+3
6.4832E+2	3.2527E+3
6.4834E+2	3.4392E+3
6.4836E+2	3.4043E+3
6.4838E+2	3.1495E+3
6.4840E+2	3.6214E+3
6.4842E+2	2.8974E+3
6.4844E+2	3.4851E+3
6.4846E+2	3.5278E+3
6.4848E+2	3.4041E+3
6.4850E+2	3.5523E+3
6.4852E+2	3.2705E+3
6.4854E+2	3.3213E+3
6.4856E+2	3.3807E+3
6.4858E+2	3.8912E+3
6.4860E+2	3.3830E+3
6.4862E+2	3.5522E+3
6.4864E+2	3.3236E+3
6.4866E+2	3.5579E+3
6.4868E+2	3.2844E+3
6.4870E+2	3.2225E+3
6.4872E+2	3.2486E+3
6.4874E+2	3.4615E+3
6.4876E+2	3.3248E+3
6.4878E+2	3.2784E+3
6.4880E+2	3.2283E+3
6.4882E+2	3.3541E+3
6.4884E+2	3.3373E+3
6.4886E+2	3.2004E+3
6.4888E+2	3.2615E+3
6.4890E+2	3.3291E+3
6.4892E+2	3.0889E+3
6.4894E+2	3.1054E+3
6.4896E+2	3.1648E+3
6.4898E+2	3.5405E+3
6.4900E+2	3.0686E+3
6.4902E+2	3.1445E+3
6.4904E+2	2.9643E+3
6.4906E+2	3.1237E+3
6.4908E+2	3.0228E+3
6.4910E+2	2.9825E+3
6.4912E+2	3.6144E+3
6.4914E+2	2.9248E+3
6.4916E+2	3.0759E+3
6.4918E+2	3.1697E+3
6.4920E+2	3.0369E+3
6.4922E+2	3.0977E+3
6.4924E+2	3.1067E+3
6.4926E+2	2.9607E+3
6.4928E+2	3.0740E+3
6.4930E+2	2.7630E+3
6.4932E+2	2.9217E+3
6.4934E+2	2.9856E+3
6.4936E+2	3.0452E+3
6.4938E+2	2.6990E+3
6.4940E+2	3.4096E+3
6.4942E+2	3.2373E+3
6.4944E+2	3.1457E+3
6.4946E+2	3.3394E+3
6.4948E+2	3.2437E+3
6.4950E+2	3.3791E+3
6.4952E+2	2.8999E+3
6.4954E+2	2.5323E+3
6.4956E+2	2.9767E+3
6.4958E+2	3.1937E+3
6.4960E+2	2.8058E+3
6.4962E+2	2.8399E+3
6.4964E+2	3.1264E+3
6.4966E+2	2.9749E+3
6.4968E+2	2.5192E+3
6.4970E+2	2.7084E+3
6.4972E+2	2.6626E+3
6.4974E+2	2.9552E+3
6.4976E+2	2.9160E+3
6.4978E+2	2.8845E+3
6.4980E+2	2.6316E+3
6.4982E+2	2.7742E+3
6.4984E+2	2.3864E+3
6.4986E+2	3.0925E+3
6.4988E+2	2.9059E+3
6.4990E+2	2.8936E+3
6.4992E+2	2.6689E+3
6.4994E+2	2.9327E+3
6.4996E+2	3.1524E+3
6.4998E+2	3.0606E+3
6.5000E+2	2.8880E+3
6.5002E+2	2.8007E+3
6.5004E+2	2.5772E+3
6.5006E+2	2.4884E+3
6.5008E+2	2.7200E+3
6.5010E+2	2.4686E+3
6.5012E+2	2.8012E+3
6.5014E+2	2.8868E+3
6.5016E+2	2.8714E+3
6.5018E+2	3.0167E+3
6.5020E+2	2.8577E+3
6.5022E+2	2.6382E+3
6.5024E+2	2.9316E+3
6.5026E+2	2.7770E+3
6.5028E+2	2.8397E+3
6.5030E+2	3.0821E+3
6.5032E+2	3.1064E+3
6.5034E+2	3.1720E+3
6.5036E+2	3.2381E+3
6.5038E+2	2.7081E+3
6.5040E+2	2.8199E+3
6.5042E+2	2.8261E+3
6.5044E+2	3.0862E+3
6.5046E+2	2.8377E+3
6.5048E+2	2.9630E+3
6.5050E+2	3.3303E+3
6.5052E+2	3.1061E+3
6.5054E+2	2.8044E+3
6.5056E+2	3.1791E+3
6.5058E+2	2.9570E+3
6.5060E+2	3.3836E+3
6.5062E+2	3.3025E+3
6.5064E+2	3.3429E+3
6.5066E+2	3.5597E+3
6.5068E+2	3.4696E+3
6.5070E+2	3.5863E+3
6.5072E+2	3.6142E+3
6.5074E+2	3.2963E+3
6.5076E+2	3.6191E+3
6.5078E+2	3.5192E+3
6.5080E+2	4.0739E+3
6.5082E+2	3.5524E+3
6.5084E+2	3.8173E+3
6.5086E+2	3.8926E+3
6.5088E+2	3.8834E+3
6.5090E+2	3.9410E+3
6.5092E+2	4.2561E+3
6.5094E+2	4.1003E+3
6.5096E+2	4.5268E+3
6.5098E+2	4.1889E+3
6.5100E+2	4.4976E+3
6.5102E+2	4.6548E+3
6.5104E+2	4.7866E+3
6.5106E+2	4.4594E+3
6.5108E+2	4.6466E+3
6.5110E+2	4.8652E+3
6.5112E+2	4.7054E+3
6.5114E+2	4.7770E+3
6.5116E+2	5.0781E+3
6.5118E+2	5.1646E+3
6.5120E+2	5.2455E+3
6.5122E+2	4.6618E+3
6.5124E+2	5.3314E+3
6.5126E+2	4.5874E+3
6.5128E+2	4.9060E+3
6.5130E+2	5.2973E+3
6.5132E+2	5.3423E+3
6.5134E+2	5.0487E+3
6.5136E+2	5.3330E+3
6.5138E+2	5.5890E+3
6.5140E+2	4.9883E+3
6.5142E+2	4.6303E+3
6.5144E+2	4.8460E+3
6.5146E+2	4.5764E+3
6.5148E+2	4.3409E+3
6.5150E+2	4.1478E+3
6.5152E+2	4.2989E+3
6.5154E+2	4.0928E+3
6.5156E+2	3.6988E+3
6.5158E+2	3.8377E+3
6.5160E+2	3.3957E+3
6.5162E+2	3.2895E+3
6.5164E+2	3.2636E+3
6.5166E+2	3.2091E+3
6.5168E+2	3.0873E+3
6.5170E+2	3.1796E+3
6.5172E+2	2.7756E+3
6.5174E+2	2.8276E+3
6.5176E+2	2.8578E+3
6.5178E+2	2.3729E+3
6.5180E+2	2.6988E+3
6.5182E+2	2.4550E+3
6.5184E+2	2.3489E+3
6.5186E+2	2.3549E+3
6.5188E+2	2.5905E+3
6.5190E+2	2.5685E+3
6.5192E+2	2.5065E+3
6.5194E+2	2.1668E+3
6.5196E+2	2.3847E+3
6.5198E+2	2.8275E+3
6.5200E+2	2.3105E+3
6.5202E+2	2.5250E+3
6.5204E+2	2.6866E+3
6.5206E+2	2.5128E+3
6.5208E+2	2.6271E+3
6.5210E+2	2.9948E+3
6.5212E+2	2.9195E+3
6.5214E+2	2.6888E+3
6.5216E+2	2.8274E+3
6.5218E+2	3.0011E+3
6.5220E+2	2.9943E+3
6.5222E+2	2.8017E+3
6.5224E+2	3.3619E+3
6.5226E+2	3.2265E+3
6.5228E+2	3.6326E+3
6.5230E+2	3.4458E+3
6.5232E+2	3.3346E+3
6.5234E+2	3.9466E+3
6.5236E+2	4.5485E+3
6.5238E+2	4.3803E+3
6.5240E+2	4.5449E+3
6.5242E+2	4.8574E+3
6.5244E+2	5.4556E+3
6.5246E+2	4.9790E+3
6.5248E+2	5.4167E+3
6.5250E+2	6.3825E+3
6.5252E+2	6.7848E+3
6.5254E+2	7.3997E+3
6.5256E+2	7.4059E+3
6.5258E+2	8.1685E+3
6.5260E+2	8.6580E+3
6.5262E+2	9.8363E+3
6.5264E+2	1.0318E+4
6.5266E+2	1.0890E+4
6.5268E+2	1.2240E+4
6.5270E+2	1.3103E+4
6.5272E+2	1.2951E+4
6.5274E+2	1.4678E+4
6.5276E+2	1.5245E+4
6.5278E+2	1.5726E+4
6.5280E+2	1.7463E+4
6.5282E+2	1.8332E+4
6.5284E+2	1.8187E+4
6.5286E+2	1.8234E+4
6.5288E+2	1.9858E+4
6.5290E+2	2.0011E+4
6.5292E+2	1.9591E+4
6.5294E+2	2.1398E+4
6.5296E+2	2.1622E+4
6.5298E+2	2.2323E+4
6.5300E+2	2.1490E+4
6.5302E+2	2.0447E+4
6.5304E+2	2.0289E+4
6.5306E+2	2.0600E+4
6.5308E+2	2.0019E+4
6.5310E+2	1.8679E+4
6.5312E+2	1.8764E+4
6.5314E+2	1.7534E+4
6.5316E+2	1.6710E+4
6.5318E+2	1.5256E+4
6.5320E+2	1.4952E+4
6.5322E+2	1.3515E+4
6.5324E+2	1.2961E+4
6.5326E+2	1.1477E+4
6.5328E+2	1.0473E+4
6.5330E+2	1.0129E+4
6.5332E+2	8.5587E+3
6.5334E+2	8.2905E+3
6.5336E+2	7.9156E+3
6.5338E+2	6.3888E+3
6.5340E+2	6.1894E+3
6.5342E+2	5.3487E+3
6.5344E+2	4.7063E+3
6.5346E+2	5.0356E+3
6.5348E+2	4.1766E+3
6.5350E+2	4.0196E+3
6.5352E+2	4.1010E+3
6.5354E+2	3.9535E+3
6.5356E+2	3.4960E+3
6.5358E+2	3.2399E+3
6.5360E+2	2.6920E+3
6.5362E+2	2.9442E+3
6.5364E+2	2.9430E+3
6.5366E+2	2.4975E+3
6.5368E+2	2.6073E+3
6.5370E+2	2.5351E+3
6.5372E+2	2.3443E+3
6.5374E+2	2.2670E+3
6.5376E+2	2.2705E+3
6.5378E+2	2.0617E+3
6.5380E+2	2.2464E+3
6.5382E+2	2.0101E+3
6.5384E+2	2.3305E+3
6.5386E+2	2.4689E+3
6.5388E+2	2.0909E+3
6.5390E+2	2.3682E+3
6.5392E+2	2.1606E+3
6.5394E+2	2.1906E+3
6.5396E+2	2.0107E+3
6.5398E+2	2.2298E+3
6.5400E+2	1.9997E+3
6.5402E+2	1.9226E+3
6.5404E+2	1.7465E+3
6.5406E+2	2.0381E+3
6.5408E+2	2.0318E+3
6.5410E+2	2.0645E+3
6.5412E+2	1.8814E+3
6.5414E+2	1.7129E+3
6.5416E+2	1.8564E+3
6.5418E+2	1.2351E+3
6.5420E+2	1.7929E+3
6.5422E+2	1.6190E+3
6.5424E+2	1.7179E+3
6.5426E+2	1.9784E+3
6.5428E+2	1.6292E+3
6.5430E+2	1.8253E+3
6.5432E+2	1.5924E+3
6.5434E+2	1.6867E+3
6.5436E+2	1.9034E+3
6.5438E+2	1.4792E+3
6.5440E+2	1.5460E+3
6.5442E+2	1.7893E+3
6.5444E+2	1.4091E+3
6.5446E+2	1.5084E+3
6.5448E+2	1.4977E+3
6.5450E+2	1.8311E+3
6.5452E+2	1.6375E+3
6.5454E+2	1.7121E+3
6.5456E+2	1.5209E+3
6.5458E+2	1.5279E+3
6.5460E+2	1.4142E+3
6.5462E+2	1.2798E+3
6.5464E+2	1.7441E+3
6.5466E+2	1.5227E+3
6.5468E+2	1.7129E+3
6.5470E+2	1.8493E+3
6.5472E+2	1.4162E+3
6.5474E+2	1.3917E+3
6.5476E+2	1.7196E+3
6.5478E+2	1.8503E+3
6.5480E+2	1.6893E+3
6.5482E+2	1.4378E+3
6.5484E+2	1.6332E+3
6.5486E+2	1.3110E+3
6.5488E+2	1.6485E+3
6.5490E+2	1.5024E+3
6.5492E+2	1.2864E+3
6.5494E+2	1.4866E+3
6.5496E+2	1.6056E+3
6.5498E+2	1.7032E+3
6.5500E+2	1.6026E+3
6.5502E+2	1.4006E+3
6.5504E+2	1.6909E+3
6.5506E+2	1.3930E+3
6.5508E+2	1.5862E+3
6.5510E+2	1.4301E+3
6.5512E+2	1.6523E+3
6.5514E+2	1.4191E+3
6.5516E+2	1.4089E+3
6.5518E+2	1.4728E+3
6.5520E+2	1.6128E+3
6.5522E+2	1.5047E+3
6.5524E+2	1.5258E+3
6.5526E+2	1.4520E+3
6.5528E+2	1.3880E+3
6.5530E+2	1.6133E+3
6.5532E+2	1.2058E+3
6.5534E+2	1.5329E+3
6.5536E+2	1.3278E+3
6.5538E+2	1.4514E+3
6.5540E+2	1.3732E+3
6.5542E+2	1.5809E+3
6.5544E+2	1.2265E+3
6.5546E+2	1.4082E+3
6.5548E+2	1.5661E+3
6.5550E+2	1.3777E+3
6.5552E+2	1.2185E+3
6.5554E+2	1.5330E+3
6.5556E+2	1.3470E+3
6.5558E+2	1.3800E+3
6.5560E+2	1.4141E+3
6.5562E+2	1.3430E+3
6.5564E+2	1.3284E+3
6.5566E+2	1.5781E+3
6.5568E+2	1.0910E+3
6.5570E+2	1.4994E+3
6.5572E+2	1.2909E+3
6.5574E+2	1.4565E+3
6.5576E+2	1.1446E+3
6.5578E+2	1.3134E+3
6.5580E+2	1.1886E+3
6.5582E+2	1.2903E+3
6.5584E+2	1.2200E+3
6.5586E+2	1.0933E+3
6.5588E+2	1.1287E+3
6.5590E+2	1.1220E+3
6.5592E+2	1.2318E+3
6.5594E+2	1.1610E+3
6.5596E+2	1.1654E+3
6.5598E+2	1.1123E+3
6.5600E+2	1.5207E+3
