6.5200E+2	4.3900E+2
6.5202E+2	4.0500E+2
6.5204E+2	3.6700E+2
6.5206E+2	3.9600E+2
6.5208E+2	3.5500E+2
6.5210E+2	3.9500E+2
6.5212E+2	3.7400E+2
6.5214E+2	3.9200E+2
6.5216E+2	3.7700E+2
6.5218E+2	3.8400E+2
6.5220E+2	3.7300E+2
6.5222E+2	3.8400E+2
6.5224E+2	3.8100E+2
6.5226E+2	3.8000E+2
6.5228E+2	3.5700E+2
6.5230E+2	3.5000E+2
6.5232E+2	3.8100E+2
6.5234E+2	3.4800E+2
6.5236E+2	3.8300E+2
6.5238E+2	3.9600E+2
6.5240E+2	3.6300E+2
6.5242E+2	3.4500E+2
6.5244E+2	3.9300E+2
6.5246E+2	3.5700E+2
6.5248E+2	3.6300E+2
6.5250E+2	3.2600E+2
6.5252E+2	3.8600E+2
6.5254E+2	3.3900E+2
6.5256E+2	3.3200E+2
6.5258E+2	4.0300E+2
6.5260E+2	3.4700E+2
6.5262E+2	3.6300E+2
6.5264E+2	3.5100E+2
6.5266E+2	3.4800E+2
6.5268E+2	3.3000E+2
6.5270E+2	3.4700E+2
6.5272E+2	3.4400E+2
6.5274E+2	4.0400E+2
6.5276E+2	3.5900E+2
6.5278E+2	3.2600E+2
6.5280E+2	3.1700E+2
6.5282E+2	3.5600E+2
6.5284E+2	3.6500E+2
6.5286E+2	3.5400E+2
6.5288E+2	2.9500E+2
6.5290E+2	3.3400E+2
6.5292E+2	3.2600E+2
6.5294E+2	3.3300E+2
6.5296E+2	3.1300E+2
6.5298E+2	3.4700E+2
6.5300E+2	2.8600E+2
6.5302E+2	3.3200E+2
6.5304E+2	3.1800E+2
6.5306E+2	3.2000E+2
6.5308E+2	2.8500E+2
6.5310E+2	3.1500E+2
6.5312E+2	3.6300E+2
6.5314E+2	3.5100E+2
6.5316E+2	2.9900E+2
6.5318E+2	3.4200E+2
6.5320E+2	3.6900E+2
6.5322E+2	3.2500E+2
6.5324E+2	3.2800E+2
6.5326E+2	3.2500E+2
6.5328E+2	3.7500E+2
6.5330E+2	3.3000E+2
6.5332E+2	3.5000E+2
6.5334E+2	3.4500E+2
6.5336E+2	3.4900E+2
6.5338E+2	3.2300E+2
6.5340E+2	3.1000E+2
6.5342E+2	3.2000E+2
6.5344E+2	3.0000E+2
6.5346E+2	3.5200E+2
6.5348E+2	3.3600E+2
6.5350E+2	3.1400E+2
6.5352E+2	3.3300E+2
6.5354E+2	3.0900E+2
6.5356E+2	3.1500E+2
6.5358E+2	3.0200E+2
6.5360E+2	3.0900E+2
6.5362E+2	3.1800E+2
6.5364E+2	3.0000E+2
6.5366E+2	2.8600E+2
6.5368E+2	3.1800E+2
6.5370E+2	2.8100E+2
6.5372E+2	3.3100E+2
6.5374E+2	2.9700E+2
6.5376E+2	3.3500E+2
6.5378E+2	3.3300E+2
6.5380E+2	3.1200E+2
6.5382E+2	3.0200E+2
6.5384E+2	3.0000E+2
6.5386E+2	3.1200E+2
6.5388E+2	3.2700E+2
6.5390E+2	2.9800E+2
6.5392E+2	3.1100E+2
6.5394E+2	3.0400E+2
6.5396E+2	2.9100E+2
6.5398E+2	2.5500E+2
6.5400E+2	2.8100E+2
6.5402E+2	2.5200E+2
6.5404E+2	2.8600E+2
6.5406E+2	2.8400E+2
6.5408E+2	2.9300E+2
6.5410E+2	2.7200E+2
6.5412E+2	3.2700E+2
6.5414E+2	3.0200E+2
6.5416E+2	2.7000E+2
6.5418E+2	3.0000E+2
6.5420E+2	2.8100E+2
6.5422E+2	2.5700E+2
6.5424E+2	2.4000E+2
6.5426E+2	3.0100E+2
6.5428E+2	2.6700E+2
6.5430E+2	3.2900E+2
6.5432E+2	2.8100E+2
6.5434E+2	2.8500E+2
6.5436E+2	2.4800E+2
6.5438E+2	2.5400E+2
6.5440E+2	3.0400E+2
6.5442E+2	2.8800E+2
6.5444E+2	2.8100E+2
6.5446E+2	2.7700E+2
6.5448E+2	2.6900E+2
6.5450E+2	2.6800E+2
6.5452E+2	3.0800E+2
6.5454E+2	2.6800E+2
6.5456E+2	2.5100E+2
6.5458E+2	2.4200E+2
6.5460E+2	2.4600E+2
6.5462E+2	2.2800E+2
6.5464E+2	2.1400E+2
6.5466E+2	2.7400E+2
6.5468E+2	2.5900E+2
6.5470E+2	2.5400E+2
6.5472E+2	2.6900E+2
6.5474E+2	2.2800E+2
6.5476E+2	2.4500E+2
6.5478E+2	2.4600E+2
6.5480E+2	3.0600E+2
6.5482E+2	2.0300E+2
6.5484E+2	2.6400E+2
6.5486E+2	2.5200E+2
6.5488E+2	2.2100E+2
6.5490E+2	2.9300E+2
6.5492E+2	2.4800E+2
6.5494E+2	2.6400E+2
6.5496E+2	2.5400E+2
6.5498E+2	2.9100E+2
6.5500E+2	2.3500E+2
6.5502E+2	2.5500E+2
6.5504E+2	2.1900E+2
6.5506E+2	2.2800E+2
6.5508E+2	2.8200E+2
6.5510E+2	2.5300E+2
6.5512E+2	2.2300E+2
6.5514E+2	2.2800E+2
6.5516E+2	2.6000E+2
6.5518E+2	2.5800E+2
6.5520E+2	2.3900E+2
6.5522E+2	2.1700E+2
6.5524E+2	2.4100E+2
6.5526E+2	2.0900E+2
6.5528E+2	2.2900E+2
6.5530E+2	2.4000E+2
6.5532E+2	2.6100E+2
6.5534E+2	2.3000E+2
6.5536E+2	2.3200E+2
6.5538E+2	2.6800E+2
6.5540E+2	2.2200E+2
6.5542E+2	2.4000E+2
6.5544E+2	2.3500E+2
6.5546E+2	2.1800E+2
6.5548E+2	2.5000E+2
6.5550E+2	2.4700E+2
6.5552E+2	2.5500E+2
6.5554E+2	2.1900E+2
6.5556E+2	2.5100E+2
6.5558E+2	2.0900E+2
6.5560E+2	2.4200E+2
6.5562E+2	2.2200E+2
6.5564E+2	1.8900E+2
6.5566E+2	2.2400E+2
6.5568E+2	2.1300E+2
6.5570E+2	2.3300E+2
6.5572E+2	2.1000E+2
6.5574E+2	2.1400E+2
6.5576E+2	2.3600E+2
6.5578E+2	2.0200E+2
6.5580E+2	2.1700E+2
6.5582E+2	2.3000E+2
6.5584E+2	2.0600E+2
6.5586E+2	2.2100E+2
6.5588E+2	2.4700E+2
6.5590E+2	2.1500E+2
6.5592E+2	2.4900E+2
6.5594E+2	2.2000E+2
6.5596E+2	2.4800E+2
6.5598E+2	2.2700E+2
6.5600E+2	2.1400E+2
