6.6200E+2	1.2800E+2
6.6202E+2	1.4100E+2
6.6204E+2	1.2500E+2
6.6206E+2	1.3000E+2
6.6208E+2	1.2800E+2
6.6210E+2	1.2400E+2
6.6212E+2	1.4300E+2
6.6214E+2	1.2400E+2
6.6216E+2	1.1400E+2
6.6218E+2	1.2400E+2
6.6220E+2	1.2000E+2
6.6222E+2	1.3300E+2
6.6224E+2	1.3000E+2
6.6226E+2	1.3400E+2
6.6228E+2	1.6800E+2
6.6230E+2	1.4500E+2
6.6232E+2	1.4100E+2
6.6234E+2	1.3000E+2
6.6236E+2	1.2100E+2
6.6238E+2	1.1900E+2
6.6240E+2	1.1800E+2
6.6242E+2	1.3600E+2
6.6244E+2	1.0700E+2
6.6246E+2	1.4200E+2
6.6248E+2	1.3200E+2
6.6250E+2	1.6200E+2
6.6252E+2	1.5900E+2
6.6254E+2	1.3000E+2
6.6256E+2	1.5100E+2
6.6258E+2	1.3500E+2
6.6260E+2	1.6500E+2
6.6262E+2	1.4700E+2
6.6264E+2	1.4800E+2
6.6266E+2	1.6500E+2
6.6268E+2	1.3100E+2
6.6270E+2	1.0800E+2
6.6272E+2	1.2800E+2
6.6274E+2	1.4700E+2
6.6276E+2	1.4700E+2
6.6278E+2	1.2300E+2
6.6280E+2	1.4300E+2
6.6282E+2	1.6400E+2
6.6284E+2	1.3700E+2
6.6286E+2	1.7800E+2
6.6288E+2	1.5300E+2
6.6290E+2	1.4100E+2
6.6292E+2	1.1400E+2
6.6294E+2	1.2400E+2
6.6296E+2	1.4200E+2
6.6298E+2	1.5000E+2
6.6300E+2	1.5800E+2
6.6302E+2	1.2900E+2
6.6304E+2	1.4500E+2
6.6306E+2	1.2800E+2
6.6308E+2	1.3200E+2
6.6310E+2	1.5500E+2
6.6312E+2	1.2900E+2
6.6314E+2	1.3500E+2
6.6316E+2	1.5300E+2
6.6318E+2	1.3800E+2
6.6320E+2	1.1900E+2
6.6322E+2	1.3800E+2
6.6324E+2	1.1100E+2
6.6326E+2	1.2600E+2
6.6328E+2	1.4000E+2
6.6330E+2	1.7400E+2
6.6332E+2	1.4100E+2
6.6334E+2	1.4100E+2
6.6336E+2	1.5200E+2
6.6338E+2	1.4200E+2
6.6340E+2	1.4500E+2
6.6342E+2	1.4100E+2
6.6344E+2	1.5200E+2
6.6346E+2	1.6300E+2
6.6348E+2	1.5600E+2
6.6350E+2	1.6000E+2
6.6352E+2	1.4500E+2
6.6354E+2	1.7100E+2
6.6356E+2	1.3300E+2
6.6358E+2	1.1700E+2
6.6360E+2	1.5800E+2
6.6362E+2	1.4500E+2
6.6364E+2	1.4500E+2
6.6366E+2	1.3700E+2
6.6368E+2	1.5600E+2
6.6370E+2	1.4700E+2
6.6372E+2	1.3300E+2
6.6374E+2	1.5700E+2
6.6376E+2	1.4300E+2
6.6378E+2	1.3600E+2
6.6380E+2	1.3000E+2
6.6382E+2	1.6400E+2
6.6384E+2	1.2100E+2
6.6386E+2	1.5000E+2
6.6388E+2	1.3900E+2
6.6390E+2	1.2300E+2
6.6392E+2	1.4000E+2
6.6394E+2	1.6200E+2
6.6396E+2	1.3700E+2
6.6398E+2	1.3200E+2
6.6400E+2	1.2900E+2
6.6402E+2	1.3100E+2
6.6404E+2	1.4600E+2
6.6406E+2	1.5800E+2
6.6408E+2	1.3800E+2
6.6410E+2	1.2600E+2
6.6412E+2	1.3800E+2
6.6414E+2	1.5300E+2
6.6416E+2	1.3900E+2
6.6418E+2	1.2800E+2
6.6420E+2	1.4000E+2
6.6422E+2	1.4200E+2
6.6424E+2	1.3600E+2
6.6426E+2	1.2900E+2
6.6428E+2	1.4000E+2
6.6430E+2	1.3600E+2
6.6432E+2	1.1700E+2
6.6434E+2	1.2300E+2
6.6436E+2	1.4500E+2
6.6438E+2	1.1600E+2
6.6440E+2	1.3900E+2
6.6442E+2	1.3300E+2
6.6444E+2	1.3100E+2
6.6446E+2	1.3500E+2
6.6448E+2	1.5200E+2
6.6450E+2	1.3300E+2
6.6452E+2	1.2400E+2
6.6454E+2	1.2800E+2
6.6456E+2	1.4500E+2
6.6458E+2	1.3400E+2
6.6460E+2	1.5100E+2
6.6462E+2	1.5700E+2
6.6464E+2	1.4700E+2
6.6466E+2	1.2000E+2
6.6468E+2	1.1900E+2
6.6470E+2	1.2900E+2
6.6472E+2	1.4100E+2
6.6474E+2	1.3100E+2
6.6476E+2	1.2100E+2
6.6478E+2	1.1500E+2
6.6480E+2	1.3500E+2
6.6482E+2	1.2500E+2
6.6484E+2	1.3900E+2
6.6486E+2	1.5600E+2
6.6488E+2	1.4700E+2
6.6490E+2	1.2000E+2
6.6492E+2	1.5000E+2
6.6494E+2	1.2600E+2
6.6496E+2	1.2000E+2
6.6498E+2	1.6900E+2
6.6500E+2	1.4300E+2
6.6502E+2	1.3800E+2
6.6504E+2	1.6400E+2
6.6506E+2	1.9100E+2
6.6508E+2	1.6100E+2
6.6510E+2	1.2600E+2
6.6512E+2	1.5800E+2
6.6514E+2	1.3700E+2
6.6516E+2	1.7500E+2
6.6518E+2	1.7100E+2
6.6520E+2	1.6700E+2
6.6522E+2	1.4000E+2
6.6524E+2	1.9400E+2
6.6526E+2	1.4000E+2
6.6528E+2	1.9300E+2
6.6530E+2	1.5200E+2
6.6532E+2	1.5700E+2
6.6534E+2	1.4900E+2
6.6536E+2	1.4600E+2
6.6538E+2	1.4200E+2
6.6540E+2	1.2800E+2
6.6542E+2	1.4200E+2
6.6544E+2	1.4000E+2
6.6546E+2	1.2900E+2
6.6548E+2	1.7400E+2
6.6550E+2	1.4100E+2
6.6552E+2	1.5600E+2
6.6554E+2	1.5600E+2
6.6556E+2	1.3700E+2
6.6558E+2	1.3100E+2
6.6560E+2	1.4000E+2
6.6562E+2	1.7600E+2
6.6564E+2	1.4400E+2
6.6566E+2	1.4700E+2
6.6568E+2	1.5400E+2
6.6570E+2	1.4700E+2
6.6572E+2	1.5900E+2
6.6574E+2	1.7200E+2
6.6576E+2	1.4000E+2
6.6578E+2	1.2300E+2
6.6580E+2	1.1000E+2
6.6582E+2	1.1800E+2
6.6584E+2	1.3600E+2
6.6586E+2	1.5900E+2
6.6588E+2	1.3400E+2
6.6590E+2	1.4300E+2
6.6592E+2	1.6000E+2
6.6594E+2	1.3900E+2
6.6596E+2	1.5200E+2
6.6598E+2	1.5400E+2
6.6600E+2	1.5500E+2
6.6602E+2	1.5700E+2
6.6604E+2	1.4200E+2
6.6606E+2	1.4400E+2
6.6608E+2	1.3800E+2
6.6610E+2	1.5900E+2
6.6612E+2	1.4100E+2
6.6614E+2	1.5800E+2
6.6616E+2	1.3900E+2
6.6618E+2	1.3400E+2
6.6620E+2	1.8800E+2
6.6622E+2	1.4000E+2
6.6624E+2	1.7000E+2
6.6626E+2	1.5700E+2
6.6628E+2	1.2200E+2
6.6630E+2	1.5300E+2
6.6632E+2	1.3200E+2
6.6634E+2	1.6800E+2
6.6636E+2	1.5600E+2
6.6638E+2	1.5400E+2
6.6640E+2	1.6200E+2
6.6642E+2	1.4700E+2
6.6644E+2	1.5400E+2
6.6646E+2	1.4600E+2
6.6648E+2	1.4200E+2
6.6650E+2	1.5600E+2
6.6652E+2	1.1700E+2
6.6654E+2	1.3300E+2
6.6656E+2	1.3000E+2
6.6658E+2	1.3600E+2
6.6660E+2	1.5100E+2
6.6662E+2	1.1700E+2
6.6664E+2	1.2400E+2
6.6666E+2	1.2600E+2
6.6668E+2	1.3300E+2
6.6670E+2	1.3700E+2
6.6672E+2	1.5400E+2
6.6674E+2	1.3300E+2
6.6676E+2	1.2000E+2
6.6678E+2	1.4500E+2
6.6680E+2	1.5100E+2
6.6682E+2	1.2800E+2
6.6684E+2	1.3000E+2
6.6686E+2	1.4900E+2
6.6688E+2	1.2600E+2
6.6690E+2	1.2500E+2
6.6692E+2	1.2200E+2
6.6694E+2	1.1900E+2
6.6696E+2	1.2700E+2
6.6698E+2	1.2400E+2
6.6700E+2	1.2100E+2
6.6702E+2	1.5000E+2
6.6704E+2	1.5800E+2
6.6706E+2	1.6200E+2
6.6708E+2	1.3900E+2
6.6710E+2	1.4200E+2
6.6712E+2	1.4200E+2
6.6714E+2	1.3700E+2
6.6716E+2	1.2300E+2
6.6718E+2	1.1500E+2
6.6720E+2	1.1700E+2
6.6722E+2	1.4300E+2
6.6724E+2	1.1900E+2
6.6726E+2	1.5800E+2
6.6728E+2	1.2600E+2
6.6730E+2	1.3300E+2
6.6732E+2	1.2500E+2
6.6734E+2	1.3300E+2
6.6736E+2	1.3700E+2
6.6738E+2	1.3300E+2
6.6740E+2	1.0800E+2
6.6742E+2	1.3800E+2
6.6744E+2	1.3300E+2
6.6746E+2	1.3600E+2
6.6748E+2	1.4600E+2
6.6750E+2	1.0900E+2
6.6752E+2	1.4700E+2
6.6754E+2	1.2100E+2
6.6756E+2	1.4200E+2
6.6758E+2	1.4300E+2
6.6760E+2	1.3100E+2
6.6762E+2	1.3300E+2
6.6764E+2	1.5500E+2
6.6766E+2	1.4800E+2
6.6768E+2	1.3200E+2
6.6770E+2	1.1000E+2
6.6772E+2	1.7300E+2
6.6774E+2	1.2500E+2
6.6776E+2	1.3300E+2
6.6778E+2	1.4000E+2
6.6780E+2	1.1700E+2
6.6782E+2	1.5200E+2
6.6784E+2	1.3100E+2
6.6786E+2	1.2600E+2
6.6788E+2	1.4200E+2
6.6790E+2	1.2000E+2
6.6792E+2	1.2700E+2
6.6794E+2	1.2100E+2
6.6796E+2	1.3700E+2
6.6798E+2	1.4700E+2
6.6800E+2	1.1400E+2
6.6802E+2	1.3200E+2
6.6804E+2	1.2500E+2
6.6806E+2	1.1600E+2
6.6808E+2	1.1400E+2
6.6810E+2	1.4000E+2
6.6812E+2	1.0900E+2
6.6814E+2	1.3800E+2
6.6816E+2	1.2800E+2
6.6818E+2	1.3400E+2
6.6820E+2	1.2500E+2
6.6822E+2	1.1500E+2
6.6824E+2	1.2000E+2
6.6826E+2	1.4200E+2
6.6828E+2	1.3000E+2
6.6830E+2	1.2300E+2
6.6832E+2	1.4400E+2
6.6834E+2	1.1600E+2
6.6836E+2	1.0400E+2
6.6838E+2	1.2600E+2
6.6840E+2	1.1300E+2
6.6842E+2	1.0300E+2
6.6844E+2	1.2500E+2
6.6846E+2	1.0900E+2
6.6848E+2	1.4600E+2
6.6850E+2	1.4000E+2
6.6852E+2	1.0400E+2
6.6854E+2	1.3400E+2
6.6856E+2	1.2400E+2
6.6858E+2	1.2200E+2
6.6860E+2	1.2400E+2
6.6862E+2	1.1300E+2
6.6864E+2	1.0400E+2
6.6866E+2	1.2300E+2
6.6868E+2	1.2200E+2
6.6870E+2	1.1600E+2
6.6872E+2	1.2300E+2
6.6874E+2	1.5900E+2
6.6876E+2	1.1600E+2
6.6878E+2	1.0500E+2
6.6880E+2	1.1400E+2
6.6882E+2	1.3200E+2
6.6884E+2	9.5000E+1
6.6886E+2	1.1400E+2
6.6888E+2	1.1400E+2
6.6890E+2	1.2000E+2
6.6892E+2	1.3700E+2
6.6894E+2	1.0900E+2
6.6896E+2	1.0400E+2
6.6898E+2	1.1600E+2
6.6900E+2	1.2600E+2
6.6902E+2	1.5500E+2
6.6904E+2	1.1700E+2
6.6906E+2	1.4100E+2
6.6908E+2	1.2200E+2
6.6910E+2	1.2500E+2
6.6912E+2	1.0700E+2
6.6914E+2	1.2000E+2
6.6916E+2	1.0800E+2
6.6918E+2	1.1800E+2
6.6920E+2	1.3500E+2
6.6922E+2	1.3300E+2
6.6924E+2	1.1200E+2
6.6926E+2	1.1400E+2
6.6928E+2	1.2000E+2
6.6930E+2	1.2300E+2
6.6932E+2	1.2600E+2
6.6934E+2	1.1900E+2
6.6936E+2	1.1700E+2
6.6938E+2	1.0900E+2
6.6940E+2	1.2300E+2
6.6942E+2	1.3200E+2
6.6944E+2	1.1100E+2
6.6946E+2	9.8000E+1
6.6948E+2	1.1600E+2
6.6950E+2	1.0800E+2
6.6952E+2	1.1900E+2
6.6954E+2	1.1000E+2
6.6956E+2	1.1800E+2
6.6958E+2	1.4200E+2
6.6960E+2	1.2300E+2
6.6962E+2	1.2500E+2
6.6964E+2	1.2300E+2
6.6966E+2	1.1900E+2
6.6968E+2	9.0000E+1
6.6970E+2	1.1200E+2
6.6972E+2	9.5000E+1
6.6974E+2	1.3800E+2
6.6976E+2	1.2800E+2
6.6978E+2	1.0800E+2
6.6980E+2	1.3700E+2
6.6982E+2	1.0700E+2
6.6984E+2	1.2700E+2
6.6986E+2	1.5700E+2
6.6988E+2	1.4400E+2
6.6990E+2	1.0600E+2
6.6992E+2	1.2200E+2
6.6994E+2	1.1200E+2
6.6996E+2	1.2100E+2
6.6998E+2	1.1400E+2
6.7000E+2	9.2000E+1
6.7002E+2	1.0800E+2
6.7004E+2	1.1000E+2
6.7006E+2	1.2900E+2
6.7008E+2	1.2200E+2
6.7010E+2	1.2500E+2
6.7012E+2	1.2100E+2
6.7014E+2	1.1600E+2
6.7016E+2	1.1800E+2
6.7018E+2	1.0000E+2
6.7020E+2	1.1300E+2
6.7022E+2	1.3300E+2
6.7024E+2	1.2100E+2
6.7026E+2	1.0500E+2
6.7028E+2	1.2700E+2
6.7030E+2	1.2100E+2
6.7032E+2	1.0200E+2
6.7034E+2	9.8000E+1
6.7036E+2	1.0600E+2
6.7038E+2	1.2300E+2
6.7040E+2	1.6200E+2
6.7042E+2	1.2700E+2
6.7044E+2	1.4900E+2
6.7046E+2	1.2800E+2
6.7048E+2	1.3500E+2
6.7050E+2	1.2100E+2
6.7052E+2	1.4000E+2
6.7054E+2	1.2600E+2
6.7056E+2	1.2500E+2
6.7058E+2	1.5300E+2
6.7060E+2	1.1200E+2
6.7062E+2	1.2900E+2
6.7064E+2	1.3400E+2
6.7066E+2	1.0400E+2
6.7068E+2	9.9000E+1
6.7070E+2	1.0500E+2
6.7072E+2	1.1400E+2
6.7074E+2	1.3600E+2
6.7076E+2	1.3100E+2
6.7078E+2	1.0500E+2
6.7080E+2	1.1400E+2
6.7082E+2	1.1800E+2
6.7084E+2	1.1500E+2
6.7086E+2	1.2100E+2
6.7088E+2	1.1300E+2
6.7090E+2	1.1900E+2
6.7092E+2	1.1300E+2
6.7094E+2	1.2800E+2
6.7096E+2	1.2400E+2
6.7098E+2	1.1700E+2
6.7100E+2	1.0500E+2
