6.4300E+2	1.5695E+5
6.4302E+2	1.5712E+5
6.4304E+2	1.5447E+5
6.4306E+2	1.5880E+5
6.4308E+2	1.5593E+5
6.4310E+2	1.5737E+5
6.4312E+2	1.5527E+5
6.4314E+2	1.5399E+5
6.4316E+2	1.5507E+5
6.4318E+2	1.5304E+5
6.4320E+2	1.5150E+5
6.4322E+2	1.5012E+5
6.4324E+2	1.4930E+5
6.4326E+2	1.4445E+5
6.4328E+2	1.4638E+5
6.4330E+2	1.4506E+5
6.4332E+2	1.4173E+5
6.4334E+2	1.4257E+5
6.4336E+2	1.4133E+5
6.4338E+2	1.4159E+5
6.4340E+2	1.3946E+5
6.4342E+2	1.3881E+5
6.4344E+2	1.3800E+5
6.4346E+2	1.3531E+5
6.4348E+2	1.3288E+5
6.4350E+2	1.3355E+5
6.4352E+2	1.2960E+5
6.4354E+2	1.3133E+5
6.4356E+2	1.3010E+5
6.4358E+2	1.3001E+5
6.4360E+2	1.3197E+5
6.4362E+2	1.2973E+5
6.4364E+2	1.2825E+5
6.4366E+2	1.2537E+5
6.4368E+2	1.2264E+5
6.4370E+2	1.2078E+5
6.4372E+2	1.2194E+5
6.4374E+2	1.2152E+5
6.4376E+2	1.2108E+5
6.4378E+2	1.2113E+5
6.4380E+2	1.1701E+5
6.4382E+2	1.1601E+5
6.4384E+2	1.1752E+5
6.4386E+2	1.1576E+5
6.4388E+2	1.1324E+5
6.4390E+2	1.1218E+5
6.4392E+2	1.1137E+5
6.4394E+2	1.1184E+5
6.4396E+2	1.1049E+5
6.4398E+2	1.0848E+5
6.4400E+2	1.0692E+5
6.4402E+2	1.0684E+5
6.4404E+2	1.0806E+5
6.4406E+2	1.0220E+5
6.4408E+2	1.0143E+5
6.4410E+2	1.0015E+5
6.4412E+2	1.0023E+5
6.4414E+2	1.0106E+5
6.4416E+2	9.7562E+4
6.4418E+2	9.8185E+4
6.4420E+2	9.5597E+4
6.4422E+2	9.5280E+4
6.4424E+2	9.4998E+4
6.4426E+2	9.3583E+4
6.4428E+2	9.1200E+4
6.4430E+2	9.0370E+4
6.4432E+2	9.0777E+4
6.4434E+2	9.0324E+4
6.4436E+2	8.8091E+4
6.4438E+2	9.2331E+4
6.4440E+2	8.8004E+4
6.4442E+2	8.6685E+4
6.4444E+2	8.6746E+4
6.4446E+2	8.7180E+4
6.4448E+2	8.4256E+4
6.4450E+2	8.5356E+4
6.4452E+2	8.3036E+4
6.4454E+2	8.7440E+4
6.4456E+2	8.3502E+4
6.4458E+2	8.3116E+4
6.4460E+2	8.1618E+4
6.4462E+2	8.0303E+4
6.4464E+2	8.1042E+4
6.4466E+2	7.8520E+4
6.4468E+2	7.7882E+4
6.4470E+2	7.8911E+4
6.4472E+2	7.9440E+4
6.4474E+2	7.5393E+4
6.4476E+2	7.7930E+4
6.4478E+2	7.5563E+4
6.4480E+2	7.6442E+4
6.4482E+2	7.6976E+4
6.4484E+2	7.4122E+4
6.4486E+2	7.5004E+4
6.4488E+2	7.3445E+4
6.4490E+2	7.2086E+4
6.4492E+2	7.1379E+4
6.4494E+2	6.8436E+4
6.4496E+2	6.8121E+4
6.4498E+2	7.2323E+4
6.4500E+2	6.7348E+4
6.4502E+2	6.8671E+4
6.4504E+2	6.6271E+4
6.4506E+2	6.7331E+4
6.4508E+2	6.7158E+4
6.4510E+2	6.4155E+4
6.4512E+2	6.3948E+4
6.4514E+2	6.4807E+4
6.4516E+2	6.2966E+4
6.4518E+2	6.1385E+4
6.4520E+2	6.2042E+4
6.4522E+2	6.2105E+4
6.4524E+2	6.2001E+4
6.4526E+2	5.8929E+4
6.4528E+2	6.1076E+4
6.4530E+2	6.0005E+4
6.4532E+2	5.8380E+4
6.4534E+2	6.0838E+4
6.4536E+2	5.9460E+4
6.4538E+2	5.7230E+4
6.4540E+2	5.7311E+4
6.4542E+2	5.8067E+4
6.4544E+2	5.7757E+4
6.4546E+2	5.6674E+4
6.4548E+2	5.6650E+4
6.4550E+2	5.7196E+4
6.4552E+2	5.4719E+4
6.4554E+2	5.5549E+4
6.4556E+2	5.4873E+4
6.4558E+2	5.2744E+4
6.4560E+2	5.3626E+4
6.4562E+2	5.0991E+4
6.4564E+2	5.1635E+4
6.4566E+2	4.9829E+4
6.4568E+2	5.2299E+4
6.4570E+2	5.1089E+4
6.4572E+2	5.0685E+4
6.4574E+2	4.8919E+4
6.4576E+2	4.9370E+4
6.4578E+2	4.9164E+4
6.4580E+2	4.8587E+4
6.4582E+2	4.8317E+4
6.4584E+2	4.8037E+4
6.4586E+2	4.8682E+4
6.4588E+2	4.8672E+4
6.4590E+2	4.8042E+4
6.4592E+2	4.6569E+4
6.4594E+2	4.5115E+4
6.4596E+2	4.5070E+4
6.4598E+2	4.4285E+4
6.4600E+2	4.2946E+4
6.4602E+2	4.4444E+4
6.4604E+2	4.3350E+4
6.4606E+2	4.3533E+4
6.4608E+2	4.2295E+4
6.4610E+2	4.1636E+4
6.4612E+2	4.1556E+4
6.4614E+2	4.2887E+4
6.4616E+2	4.1112E+4
6.4618E+2	4.1546E+4
6.4620E+2	4.0086E+4
6.4622E+2	4.0818E+4
6.4624E+2	3.8879E+4
6.4626E+2	4.0174E+4
6.4628E+2	4.0472E+4
6.4630E+2	4.0117E+4
6.4632E+2	3.8424E+4
6.4634E+2	3.6631E+4
6.4636E+2	3.7738E+4
6.4638E+2	3.8088E+4
6.4640E+2	3.7681E+4
6.4642E+2	3.8466E+4
6.4644E+2	3.5831E+4
6.4646E+2	3.6270E+4
6.4648E+2	3.6945E+4
6.4650E+2	3.5076E+4
6.4652E+2	3.6393E+4
6.4654E+2	3.5529E+4
6.4656E+2	3.6114E+4
6.4658E+2	3.5791E+4
6.4660E+2	3.5638E+4
6.4662E+2	3.3845E+4
6.4664E+2	3.3822E+4
6.4666E+2	3.5554E+4
6.4668E+2	3.3098E+4
6.4670E+2	3.4059E+4
6.4672E+2	3.2233E+4
6.4674E+2	3.1590E+4
6.4676E+2	3.2136E+4
6.4678E+2	3.0610E+4
6.4680E+2	3.1192E+4
6.4682E+2	3.2653E+4
6.4684E+2	3.1851E+4
6.4686E+2	3.2055E+4
6.4688E+2	3.1093E+4
6.4690E+2	3.1203E+4
6.4692E+2	3.0356E+4
6.4694E+2	3.0410E+4
6.4696E+2	2.9345E+4
6.4698E+2	2.9503E+4
6.4700E+2	2.9352E+4
