6.5001E+2	2.0000E+2
6.5004E+2	2.1000E+2
6.5007E+2	2.1800E+2
6.5010E+2	2.2500E+2
6.5013E+2	2.2700E+2
6.5016E+2	2.3900E+2
6.5019E+2	1.9100E+2
6.5022E+2	2.0000E+2
6.5025E+2	2.0600E+2
6.5028E+2	2.3400E+2
6.5031E+2	1.8400E+2
6.5034E+2	2.1500E+2
6.5037E+2	1.9500E+2
6.5040E+2	2.3000E+2
6.5043E+2	2.1500E+2
6.5046E+2	1.8200E+2
6.5049E+2	1.8300E+2
6.5052E+2	2.1100E+2
6.5055E+2	1.7800E+2
6.5058E+2	2.0100E+2
6.5061E+2	2.2300E+2
6.5064E+2	2.1400E+2
6.5067E+2	2.3800E+2
6.5070E+2	1.9200E+2
6.5073E+2	1.6700E+2
6.5076E+2	2.0900E+2
6.5079E+2	2.1800E+2
6.5082E+2	2.3600E+2
6.5085E+2	1.9300E+2
6.5088E+2	1.7800E+2
6.5091E+2	2.1800E+2
6.5094E+2	1.9800E+2
6.5097E+2	1.9500E+2
6.5100E+2	1.8600E+2
6.5103E+2	1.8100E+2
6.5106E+2	2.0500E+2
6.5109E+2	1.8900E+2
6.5112E+2	1.9300E+2
6.5115E+2	2.0600E+2
6.5118E+2	1.8100E+2
6.5121E+2	2.1600E+2
6.5124E+2	1.7800E+2
6.5127E+2	1.7900E+2
6.5130E+2	1.8600E+2
6.5133E+2	1.9200E+2
6.5136E+2	2.0000E+2
6.5139E+2	2.0900E+2
6.5142E+2	1.9500E+2
6.5145E+2	2.2100E+2
6.5148E+2	1.7500E+2
6.5151E+2	1.9700E+2
6.5154E+2	2.0300E+2
6.5157E+2	2.1200E+2
6.5160E+2	1.7600E+2
6.5163E+2	1.7900E+2
6.5166E+2	1.9700E+2
6.5169E+2	2.0300E+2
6.5172E+2	1.5300E+2
6.5175E+2	1.8700E+2
6.5178E+2	2.0100E+2
6.5181E+2	1.5800E+2
6.5184E+2	1.6700E+2
6.5187E+2	1.7600E+2
6.5190E+2	1.6800E+2
6.5193E+2	1.7000E+2
6.5196E+2	1.7400E+2
6.5199E+2	1.5000E+2
6.5202E+2	1.6800E+2
6.5205E+2	1.8200E+2
6.5208E+2	1.9300E+2
6.5211E+2	1.6300E+2
6.5214E+2	2.0400E+2
6.5217E+2	2.1300E+2
6.5220E+2	1.6800E+2
6.5223E+2	1.9200E+2
6.5226E+2	1.5400E+2
6.5229E+2	1.7400E+2
6.5232E+2	1.6300E+2
6.5235E+2	1.6600E+2
6.5238E+2	1.8100E+2
6.5241E+2	1.8200E+2
6.5244E+2	1.9000E+2
6.5247E+2	1.5600E+2
6.5250E+2	1.9100E+2
6.5253E+2	1.3600E+2
6.5256E+2	1.8200E+2
6.5259E+2	1.7900E+2
6.5262E+2	1.8000E+2
6.5265E+2	1.5400E+2
6.5268E+2	1.6500E+2
6.5271E+2	1.5900E+2
6.5274E+2	1.7500E+2
6.5277E+2	1.6300E+2
6.5280E+2	1.5900E+2
6.5283E+2	1.6500E+2
6.5286E+2	1.6600E+2
6.5289E+2	1.7500E+2
6.5292E+2	1.5200E+2
6.5295E+2	1.8500E+2
6.5298E+2	1.7600E+2
6.5301E+2	1.6400E+2
6.5304E+2	1.7700E+2
6.5307E+2	1.8800E+2
6.5310E+2	1.8700E+2
6.5313E+2	1.6600E+2
6.5316E+2	1.6800E+2
6.5319E+2	1.9200E+2
6.5322E+2	1.5600E+2
6.5325E+2	1.6700E+2
6.5328E+2	1.7600E+2
6.5331E+2	1.8600E+2
6.5334E+2	1.5300E+2
6.5337E+2	1.6100E+2
6.5340E+2	1.5900E+2
6.5343E+2	1.4900E+2
6.5346E+2	1.6900E+2
6.5349E+2	1.4700E+2
6.5352E+2	1.7300E+2
6.5355E+2	1.7700E+2
6.5358E+2	1.7600E+2
6.5361E+2	1.5600E+2
6.5364E+2	1.4700E+2
6.5367E+2	1.4600E+2
6.5370E+2	1.6800E+2
6.5373E+2	1.4000E+2
6.5376E+2	1.4900E+2
6.5379E+2	1.9200E+2
6.5382E+2	1.3400E+2
6.5385E+2	1.4600E+2
6.5388E+2	1.5900E+2
6.5391E+2	1.4500E+2
6.5394E+2	1.2300E+2
6.5397E+2	1.8700E+2
6.5400E+2	1.5400E+2
6.5403E+2	1.6800E+2
6.5406E+2	1.3500E+2
6.5409E+2	1.4800E+2
6.5412E+2	1.4300E+2
6.5415E+2	1.7500E+2
6.5418E+2	1.5300E+2
6.5421E+2	1.2700E+2
6.5424E+2	1.3000E+2
6.5427E+2	1.5800E+2
6.5430E+2	1.5300E+2
6.5433E+2	1.5900E+2
6.5436E+2	1.2500E+2
6.5439E+2	1.3800E+2
6.5442E+2	1.3200E+2
6.5445E+2	1.6800E+2
6.5448E+2	1.4900E+2
6.5451E+2	1.3700E+2
6.5454E+2	1.4600E+2
6.5457E+2	1.4200E+2
6.5460E+2	1.3600E+2
6.5463E+2	1.3200E+2
6.5466E+2	1.3900E+2
6.5469E+2	1.4200E+2
6.5472E+2	1.5500E+2
6.5475E+2	1.4200E+2
6.5478E+2	1.2600E+2
6.5481E+2	1.3500E+2
6.5484E+2	1.1900E+2
6.5487E+2	1.3800E+2
6.5490E+2	1.3900E+2
6.5493E+2	1.1900E+2
6.5496E+2	1.3100E+2
6.5499E+2	1.1800E+2
6.5502E+2	1.4200E+2
6.5505E+2	1.1700E+2
6.5508E+2	1.3000E+2
6.5511E+2	1.3200E+2
6.5514E+2	1.4200E+2
6.5517E+2	1.0800E+2
6.5520E+2	9.7000E+1
6.5523E+2	1.1700E+2
6.5526E+2	1.2900E+2
6.5529E+2	1.0300E+2
6.5532E+2	1.1800E+2
6.5535E+2	1.5100E+2
6.5538E+2	1.4100E+2
6.5541E+2	1.4400E+2
6.5544E+2	1.2600E+2
6.5547E+2	1.2500E+2
6.5550E+2	1.3600E+2
6.5553E+2	1.1100E+2
6.5556E+2	1.4400E+2
6.5559E+2	1.4400E+2
6.5562E+2	1.1600E+2
6.5565E+2	9.7000E+1
6.5568E+2	9.9000E+1
6.5571E+2	1.1400E+2
6.5574E+2	1.1500E+2
6.5577E+2	1.1200E+2
6.5580E+2	1.1400E+2
6.5583E+2	9.8000E+1
6.5586E+2	1.1500E+2
6.5589E+2	1.3600E+2
6.5592E+2	1.0300E+2
6.5595E+2	1.0000E+2
6.5598E+2	1.2500E+2
6.5601E+2	8.7000E+1
6.5604E+2	1.0500E+2
6.5607E+2	1.2700E+2
6.5610E+2	1.0600E+2
6.5613E+2	1.2100E+2
6.5616E+2	1.0800E+2
6.5619E+2	8.9000E+1
6.5622E+2	1.1000E+2
6.5625E+2	9.2000E+1
6.5628E+2	1.1100E+2
6.5631E+2	9.7000E+1
6.5634E+2	1.1500E+2
6.5637E+2	8.6000E+1
6.5640E+2	9.7000E+1
6.5643E+2	9.4000E+1
6.5646E+2	7.3000E+1
6.5649E+2	9.9000E+1
6.5652E+2	9.0000E+1
6.5655E+2	1.2500E+2
6.5658E+2	1.1200E+2
6.5661E+2	1.1000E+2
6.5664E+2	1.1500E+2
6.5667E+2	9.7000E+1
6.5670E+2	9.3000E+1
6.5673E+2	1.1300E+2
6.5676E+2	1.2900E+2
6.5679E+2	9.2000E+1
6.5682E+2	9.0000E+1
6.5685E+2	1.0100E+2
6.5688E+2	9.8000E+1
6.5691E+2	9.3000E+1
6.5694E+2	1.0600E+2
6.5697E+2	1.1500E+2
6.5700E+2	1.0600E+2
