6.5000E+2	5.1961E+2
6.5002E+2	5.2041E+2
6.5004E+2	3.4008E+2
6.5006E+2	4.8999E+2
6.5008E+2	4.5765E+2
6.5010E+2	4.8910E+2
6.5012E+2	3.8365E+2
6.5014E+2	4.6137E+2
6.5016E+2	3.1502E+2
6.5018E+2	3.7183E+2
6.5020E+2	3.3548E+2
6.5022E+2	3.3608E+2
6.5024E+2	3.7989E+2
6.5026E+2	5.1143E+2
6.5028E+2	4.0716E+2
6.5030E+2	3.0747E+2
6.5032E+2	3.4401E+2
6.5034E+2	3.0936E+2
6.5036E+2	4.4075E+2
6.5038E+2	4.1191E+2
6.5040E+2	2.5269E+2
6.5042E+2	4.9901E+2
6.5044E+2	2.8095E+2
6.5046E+2	3.1258E+2
6.5048E+2	3.6831E+2
6.5050E+2	3.4907E+2
6.5052E+2	4.5043E+2
6.5054E+2	2.1729E+2
6.5056E+2	3.5071E+2
6.5058E+2	3.1864E+2
6.5060E+2	3.7474E+2
6.5062E+2	3.6606E+2
6.5064E+2	4.2400E+2
6.5066E+2	3.2539E+2
6.5068E+2	3.6422E+2
6.5070E+2	2.7358E+2
6.5072E+2	2.9651E+2
6.5074E+2	3.5787E+2
6.5076E+2	3.8270E+2
6.5078E+2	3.3032E+2
6.5080E+2	2.7105E+2
6.5082E+2	3.3314E+2
6.5084E+2	3.3479E+2
6.5086E+2	4.1212E+2
6.5088E+2	2.6764E+2
6.5090E+2	3.8708E+2
6.5092E+2	4.7441E+2
6.5094E+2	3.5489E+2
6.5096E+2	4.2931E+2
6.5098E+2	2.0455E+2
6.5100E+2	3.1913E+2
6.5102E+2	2.8899E+2
6.5104E+2	4.4589E+2
6.5106E+2	2.2870E+2
6.5108E+2	2.5663E+2
6.5110E+2	2.5438E+2
6.5112E+2	3.3841E+2
6.5114E+2	3.5087E+2
6.5116E+2	3.1209E+2
6.5118E+2	3.1116E+2
6.5120E+2	2.7630E+2
6.5122E+2	2.9779E+2
6.5124E+2	2.9534E+2
6.5126E+2	3.6499E+2
6.5128E+2	4.8080E+2
6.5130E+2	2.8900E+2
6.5132E+2	3.5029E+2
6.5134E+2	3.5175E+2
6.5136E+2	2.5844E+2
6.5138E+2	3.2244E+2
6.5140E+2	2.4315E+2
6.5142E+2	3.0176E+2
6.5144E+2	4.1731E+2
6.5146E+2	2.3423E+2
6.5148E+2	2.9847E+2
6.5150E+2	2.8203E+2
6.5152E+2	2.8045E+2
6.5154E+2	4.8962E+2
6.5156E+2	2.0192E+2
6.5158E+2	3.9731E+2
6.5160E+2	4.3121E+2
6.5162E+2	2.9631E+2
6.5164E+2	2.7982E+2
6.5166E+2	2.3305E+2
6.5168E+2	1.5588E+2
6.5170E+2	2.2312E+2
6.5172E+2	2.3629E+2
6.5174E+2	2.7087E+2
6.5176E+2	2.2885E+2
6.5178E+2	3.5258E+2
6.5180E+2	2.9168E+2
6.5182E+2	1.9311E+2
6.5184E+2	4.2783E+2
6.5186E+2	2.3041E+2
6.5188E+2	3.3264E+2
6.5190E+2	2.5611E+2
6.5192E+2	3.7015E+2
6.5194E+2	4.4581E+2
6.5196E+2	2.5721E+2
6.5198E+2	2.6797E+2
6.5200E+2	3.0364E+2
6.5202E+2	2.7998E+2
6.5204E+2	2.4717E+2
6.5206E+2	2.1788E+2
6.5208E+2	1.8218E+2
6.5210E+2	3.3153E+2
6.5212E+2	2.4566E+2
6.5214E+2	2.7297E+2
6.5216E+2	3.7403E+2
6.5218E+2	2.8942E+2
6.5220E+2	2.7934E+2
6.5222E+2	1.2090E+2
6.5224E+2	3.6954E+2
6.5226E+2	1.9738E+2
6.5228E+2	2.1296E+2
6.5230E+2	1.8454E+2
6.5232E+2	3.5060E+2
6.5234E+2	2.9019E+2
6.5236E+2	3.4664E+2
6.5238E+2	1.8724E+2
6.5240E+2	3.5377E+2
6.5242E+2	2.6703E+2
6.5244E+2	2.7708E+2
6.5246E+2	2.4448E+2
6.5248E+2	3.4814E+2
6.5250E+2	2.7682E+2
6.5252E+2	1.9666E+2
6.5254E+2	2.1037E+2
6.5256E+2	2.2052E+2
6.5258E+2	3.2563E+2
6.5260E+2	3.0134E+2
6.5262E+2	2.7280E+2
6.5264E+2	2.5844E+2
6.5266E+2	4.2326E+2
6.5268E+2	2.7648E+2
6.5270E+2	2.7430E+2
6.5272E+2	2.2861E+2
6.5274E+2	2.3991E+2
6.5276E+2	3.3181E+2
6.5278E+2	2.2286E+2
6.5280E+2	1.2748E+2
6.5282E+2	3.6613E+2
6.5284E+2	2.1176E+2
6.5286E+2	2.4021E+2
6.5288E+2	3.1839E+2
6.5290E+2	2.7106E+2
6.5292E+2	3.3876E+2
6.5294E+2	3.0508E+2
6.5296E+2	3.2913E+2
6.5298E+2	2.2737E+2
6.5300E+2	2.9713E+2
6.5302E+2	1.5506E+2
6.5304E+2	1.6246E+2
6.5306E+2	3.2186E+2
6.5308E+2	1.2003E+2
6.5310E+2	1.5781E+2
6.5312E+2	2.5884E+2
6.5314E+2	1.3389E+2
6.5316E+2	3.4348E+2
6.5318E+2	2.3176E+2
6.5320E+2	2.9532E+2
6.5322E+2	2.2175E+2
6.5324E+2	3.1482E+2
6.5326E+2	1.8984E+2
6.5328E+2	1.5838E+2
6.5330E+2	1.1067E+2
6.5332E+2	3.2670E+2
6.5334E+2	3.2648E+2
6.5336E+2	3.0364E+2
6.5338E+2	3.6843E+2
6.5340E+2	2.1725E+2
6.5342E+2	7.9066E+1
6.5344E+2	2.8568E+2
6.5346E+2	1.7135E+2
6.5348E+2	1.9618E+2
6.5350E+2	2.7726E+2
6.5352E+2	1.5185E+2
6.5354E+2	1.4832E+2
6.5356E+2	2.0629E+2
6.5358E+2	3.0865E+2
6.5360E+2	1.3364E+2
6.5362E+2	1.8042E+2
6.5364E+2	3.0009E+2
6.5366E+2	1.5211E+2
6.5368E+2	2.8309E+2
6.5370E+2	2.4162E+2
6.5372E+2	2.1640E+2
6.5374E+2	3.3995E+2
6.5376E+2	3.1210E+2
6.5378E+2	1.5620E+2
6.5380E+2	1.8166E+2
6.5382E+2	3.6432E+2
6.5384E+2	1.8910E+2
6.5386E+2	1.9508E+2
6.5388E+2	2.2406E+2
6.5390E+2	1.8264E+2
6.5392E+2	2.5405E+2
6.5394E+2	2.3307E+2
6.5396E+2	1.3023E+2
6.5398E+2	1.3168E+2
6.5400E+2	1.1786E+2
6.5402E+2	2.1348E+2
6.5404E+2	2.6837E+2
6.5406E+2	2.5779E+2
6.5408E+2	3.0360E+2
6.5410E+2	2.6826E+2
6.5412E+2	2.4372E+2
6.5414E+2	2.7879E+2
6.5416E+2	1.7398E+2
6.5418E+2	1.8815E+2
6.5420E+2	2.3882E+2
6.5422E+2	2.1208E+2
6.5424E+2	2.1321E+2
6.5426E+2	2.8262E+2
6.5428E+2	2.3372E+2
6.5430E+2	2.1724E+2
6.5432E+2	2.4320E+2
6.5434E+2	2.0763E+2
6.5436E+2	1.7869E+2
6.5438E+2	2.7434E+2
6.5440E+2	1.9205E+2
6.5442E+2	2.3824E+2
6.5444E+2	2.2659E+2
6.5446E+2	1.9610E+2
6.5448E+2	3.7044E+2
6.5450E+2	2.2126E+2
6.5452E+2	1.3646E+2
6.5454E+2	2.3485E+2
6.5456E+2	2.4004E+2
6.5458E+2	2.1521E+2
6.5460E+2	1.5945E+2
6.5462E+2	1.9528E+2
6.5464E+2	2.6672E+2
6.5466E+2	2.2217E+2
6.5468E+2	1.7137E+2
6.5470E+2	2.1140E+2
6.5472E+2	2.0829E+2
6.5474E+2	2.3937E+2
6.5476E+2	1.7459E+2
6.5478E+2	2.3022E+2
6.5480E+2	3.0166E+2
6.5482E+2	2.6740E+2
6.5484E+2	2.1491E+2
6.5486E+2	2.9752E+2
6.5488E+2	2.5838E+2
6.5490E+2	1.7644E+2
6.5492E+2	2.0938E+2
6.5494E+2	2.3247E+2
6.5496E+2	2.0236E+2
6.5498E+2	3.0958E+2
6.5500E+2	1.6686E+2
6.5502E+2	1.6609E+2
6.5504E+2	2.0639E+2
6.5506E+2	2.4336E+2
6.5508E+2	3.5208E+2
6.5510E+2	1.9263E+2
6.5512E+2	1.9912E+2
6.5514E+2	1.9603E+2
6.5516E+2	2.3632E+2
6.5518E+2	2.9453E+2
6.5520E+2	2.6133E+2
6.5522E+2	1.4833E+2
6.5524E+2	2.0362E+2
6.5526E+2	1.6777E+2
6.5528E+2	1.6986E+2
6.5530E+2	1.6621E+2
6.5532E+2	1.7184E+2
6.5534E+2	1.7540E+2
6.5536E+2	2.5747E+2
6.5538E+2	1.5606E+2
6.5540E+2	3.3237E+2
6.5542E+2	1.6792E+2
6.5544E+2	1.1233E+2
6.5546E+2	1.4697E+2
6.5548E+2	1.4623E+2
6.5550E+2	1.6253E+2
6.5552E+2	2.1317E+2
6.5554E+2	2.5247E+2
6.5556E+2	1.9162E+2
6.5558E+2	1.5686E+2
6.5560E+2	3.7584E+2
6.5562E+2	2.7277E+2
6.5564E+2	1.5434E+2
6.5566E+2	1.7947E+2
6.5568E+2	2.4975E+2
6.5570E+2	1.2854E+2
6.5572E+2	1.9454E+2
6.5574E+2	2.1764E+2
6.5576E+2	2.2290E+2
6.5578E+2	2.1043E+2
6.5580E+2	2.0956E+2
6.5582E+2	2.5335E+2
6.5584E+2	1.1910E+2
6.5586E+2	2.2802E+2
6.5588E+2	1.8853E+2
6.5590E+2	9.5290E+1
6.5592E+2	2.9773E+2
6.5594E+2	1.6738E+2
6.5596E+2	2.1020E+2
6.5598E+2	1.9738E+2
6.5600E+2	1.6426E+2
6.5602E+2	1.6610E+2
6.5604E+2	2.6578E+2
6.5606E+2	2.1324E+2
6.5608E+2	1.5743E+2
6.5610E+2	1.5638E+2
6.5612E+2	1.1647E+2
6.5614E+2	1.7947E+2
6.5616E+2	1.7848E+2
6.5618E+2	1.9779E+2
6.5620E+2	1.2496E+2
6.5622E+2	1.5865E+2
6.5624E+2	2.1276E+2
6.5626E+2	1.5745E+2
6.5628E+2	1.5934E+2
6.5630E+2	1.4762E+2
6.5632E+2	2.1008E+2
6.5634E+2	1.7407E+2
6.5636E+2	1.1996E+2
6.5638E+2	1.5453E+2
6.5640E+2	2.1784E+2
6.5642E+2	2.0930E+2
6.5644E+2	1.1232E+2
6.5646E+2	1.6644E+2
6.5648E+2	1.7799E+2
6.5650E+2	1.6390E+2
6.5652E+2	1.5310E+2
6.5654E+2	1.9644E+2
6.5656E+2	1.1997E+2
6.5658E+2	1.0283E+2
6.5660E+2	1.1882E+2
6.5662E+2	1.9905E+2
6.5664E+2	1.5098E+2
6.5666E+2	1.8174E+2
6.5668E+2	2.4602E+2
6.5670E+2	2.3982E+2
6.5672E+2	1.0188E+2
6.5674E+2	1.3706E+2
6.5676E+2	1.5245E+2
6.5678E+2	1.2262E+2
6.5680E+2	1.5605E+2
6.5682E+2	1.4095E+2
6.5684E+2	1.9701E+2
6.5686E+2	1.5452E+2
6.5688E+2	1.7183E+2
6.5690E+2	2.2843E+2
6.5692E+2	1.1772E+2
6.5694E+2	1.8175E+2
6.5696E+2	1.3881E+2
6.5698E+2	1.6762E+2
6.5700E+2	1.7117E+2
6.5702E+2	1.3714E+2
6.5704E+2	1.5303E+2
6.5706E+2	9.0005E+1
6.5708E+2	1.7243E+2
6.5710E+2	1.3031E+2
6.5712E+2	1.2550E+2
6.5714E+2	2.3398E+2
6.5716E+2	1.3067E+2
6.5718E+2	1.8458E+2
6.5720E+2	2.1217E+2
6.5722E+2	1.9436E+2
6.5724E+2	2.3470E+2
6.5726E+2	1.9309E+2
6.5728E+2	2.0956E+2
6.5730E+2	1.1426E+2
6.5732E+2	2.5314E+2
6.5734E+2	1.0284E+2
6.5736E+2	1.6497E+2
6.5738E+2	2.1943E+2
6.5740E+2	1.4397E+2
6.5742E+2	1.3711E+2
6.5744E+2	1.2527E+2
6.5746E+2	1.1995E+2
6.5748E+2	1.1390E+2
6.5750E+2	1.7135E+2
6.5752E+2	2.0566E+2
6.5754E+2	1.8511E+2
6.5756E+2	1.5742E+2
6.5758E+2	1.5127E+2
6.5760E+2	6.8520E+1
6.5762E+2	1.1514E+2
6.5764E+2	1.6017E+2
6.5766E+2	2.4348E+2
6.5768E+2	1.8014E+2
6.5770E+2	1.8199E+2
6.5772E+2	6.8943E+1
6.5774E+2	1.6773E+2
6.5776E+2	3.0423E+2
6.5778E+2	1.4633E+2
6.5780E+2	2.0924E+2
6.5782E+2	2.2668E+2
6.5784E+2	1.4750E+2
6.5786E+2	1.7597E+2
6.5788E+2	1.9166E+2
6.5790E+2	1.8817E+2
6.5792E+2	1.4755E+2
6.5794E+2	1.4060E+2
6.5796E+2	8.2225E+1
6.5798E+2	1.1865E+2
6.5800E+2	1.6608E+2
6.5802E+2	1.7760E+2
6.5804E+2	2.2400E+2
6.5806E+2	2.3072E+2
6.5808E+2	2.4074E+2
6.5810E+2	1.8767E+2
6.5812E+2	2.4021E+2
6.5814E+2	1.5630E+2
6.5816E+2	1.0297E+2
6.5818E+2	1.8881E+2
6.5820E+2	2.2634E+2
6.5822E+2	1.5587E+2
6.5824E+2	1.3384E+2
6.5826E+2	2.2836E+2
6.5828E+2	1.4785E+2
6.5830E+2	2.7795E+2
6.5832E+2	1.2717E+2
6.5834E+2	2.1039E+2
6.5836E+2	1.5821E+2
6.5838E+2	1.7660E+2
6.5840E+2	1.7143E+2
6.5842E+2	1.8790E+2
6.5844E+2	2.2998E+2
6.5846E+2	7.8232E+1
6.5848E+2	1.8451E+2
6.5850E+2	1.7466E+2
6.5852E+2	2.6672E+2
6.5854E+2	1.2159E+2
6.5856E+2	2.1140E+2
6.5858E+2	2.0412E+2
6.5860E+2	1.4451E+2
6.5862E+2	1.4823E+2
6.5864E+2	2.1863E+2
6.5866E+2	1.6482E+2
6.5868E+2	5.9940E+1
6.5870E+2	1.6995E+2
6.5872E+2	9.0460E+1
6.5874E+2	1.5746E+2
6.5876E+2	1.3529E+2
6.5878E+2	1.7586E+2
6.5880E+2	1.7557E+2
6.5882E+2	2.9519E+2
6.5884E+2	1.9525E+2
6.5886E+2	2.3440E+2
6.5888E+2	1.1656E+2
6.5890E+2	1.3026E+2
6.5892E+2	1.0096E+2
6.5894E+2	1.2920E+2
6.5896E+2	2.5840E+2
6.5898E+2	1.4513E+2
6.5900E+2	1.5517E+2
