6.5200E+2	6.0300E+2
6.5205E+2	6.1500E+2
6.5210E+2	6.6100E+2
6.5215E+2	6.1900E+2
6.5220E+2	5.7100E+2
6.5225E+2	6.2100E+2
6.5230E+2	5.3300E+2
6.5235E+2	5.5500E+2
6.5240E+2	5.5000E+2
6.5245E+2	5.5400E+2
6.5250E+2	5.7500E+2
6.5255E+2	5.3600E+2
6.5260E+2	5.4200E+2
6.5265E+2	5.5600E+2
6.5270E+2	5.7800E+2
6.5275E+2	5.4500E+2
6.5280E+2	5.0400E+2
6.5285E+2	5.0200E+2
6.5290E+2	4.9100E+2
6.5295E+2	5.4000E+2
6.5300E+2	4.9700E+2
6.5305E+2	5.7500E+2
6.5310E+2	5.0400E+2
6.5315E+2	4.8700E+2
6.5320E+2	4.7800E+2
6.5325E+2	4.9000E+2
6.5330E+2	5.2400E+2
6.5335E+2	4.6900E+2
6.5340E+2	4.3700E+2
6.5345E+2	4.9900E+2
6.5350E+2	4.7200E+2
6.5355E+2	4.5800E+2
6.5360E+2	4.8700E+2
6.5365E+2	4.7900E+2
6.5370E+2	4.6100E+2
6.5375E+2	4.9000E+2
6.5380E+2	4.2100E+2
6.5385E+2	4.1800E+2
6.5390E+2	4.3300E+2
6.5395E+2	5.3400E+2
6.5400E+2	4.3800E+2
6.5405E+2	4.1400E+2
6.5410E+2	4.1800E+2
6.5415E+2	4.5800E+2
6.5420E+2	3.8300E+2
6.5425E+2	4.0200E+2
6.5430E+2	4.5600E+2
6.5435E+2	4.1600E+2
6.5440E+2	4.1900E+2
6.5445E+2	4.1400E+2
6.5450E+2	4.3100E+2
6.5455E+2	4.1500E+2
6.5460E+2	4.3000E+2
6.5465E+2	4.5600E+2
6.5470E+2	3.9400E+2
6.5475E+2	3.9100E+2
6.5480E+2	3.6700E+2
6.5485E+2	4.1200E+2
6.5490E+2	3.9800E+2
6.5495E+2	4.0800E+2
6.5500E+2	4.0000E+2
6.5505E+2	3.9500E+2
6.5510E+2	3.5900E+2
6.5515E+2	3.7200E+2
6.5520E+2	3.9900E+2
6.5525E+2	4.1700E+2
6.5530E+2	3.7100E+2
6.5535E+2	3.5000E+2
6.5540E+2	3.8900E+2
6.5545E+2	4.0600E+2
6.5550E+2	3.6600E+2
6.5555E+2	3.5600E+2
6.5560E+2	3.8000E+2
6.5565E+2	3.9000E+2
6.5570E+2	3.6400E+2
6.5575E+2	3.0000E+2
6.5580E+2	3.8300E+2
6.5585E+2	3.3300E+2
6.5590E+2	3.4800E+2
