6.4300E+2	9.9400E+2
6.4302E+2	9.4800E+2
6.4304E+2	1.0450E+3
6.4306E+2	9.3900E+2
6.4308E+2	9.9200E+2
6.4310E+2	9.1600E+2
6.4312E+2	9.3000E+2
6.4314E+2	9.7300E+2
6.4316E+2	9.2300E+2
6.4318E+2	8.8700E+2
6.4320E+2	9.4200E+2
6.4322E+2	9.2000E+2
6.4324E+2	9.1900E+2
6.4326E+2	8.9700E+2
6.4328E+2	9.4200E+2
6.4330E+2	8.5300E+2
6.4332E+2	8.6400E+2
6.4334E+2	9.4200E+2
6.4336E+2	8.6700E+2
6.4338E+2	9.3000E+2
6.4340E+2	9.2200E+2
6.4342E+2	8.9800E+2
6.4344E+2	9.4000E+2
6.4346E+2	8.3200E+2
6.4348E+2	8.9800E+2
6.4350E+2	8.7800E+2
6.4352E+2	9.2800E+2
6.4354E+2	8.0300E+2
6.4356E+2	8.4800E+2
6.4358E+2	8.1400E+2
6.4360E+2	8.5800E+2
6.4362E+2	8.1700E+2
6.4364E+2	7.7900E+2
6.4366E+2	8.3700E+2
6.4368E+2	7.9300E+2
6.4370E+2	8.5200E+2
6.4372E+2	8.9000E+2
6.4374E+2	8.2500E+2
6.4376E+2	8.1400E+2
6.4378E+2	8.4200E+2
6.4380E+2	8.2000E+2
6.4382E+2	7.7500E+2
6.4384E+2	7.5900E+2
6.4386E+2	7.7400E+2
6.4388E+2	7.3600E+2
6.4390E+2	7.3500E+2
6.4392E+2	8.1800E+2
6.4394E+2	7.7500E+2
6.4396E+2	8.8300E+2
6.4398E+2	8.1500E+2
6.4400E+2	7.6000E+2
6.4402E+2	8.0700E+2
6.4404E+2	7.5200E+2
6.4406E+2	7.9800E+2
6.4408E+2	7.6800E+2
6.4410E+2	7.6500E+2
6.4412E+2	7.9700E+2
6.4414E+2	7.5100E+2
6.4416E+2	7.6600E+2
6.4418E+2	7.7200E+2
6.4420E+2	7.4500E+2
6.4422E+2	7.7700E+2
6.4424E+2	7.0600E+2
6.4426E+2	7.5600E+2
6.4428E+2	7.4000E+2
6.4430E+2	7.6900E+2
6.4432E+2	7.5800E+2
6.4434E+2	7.6800E+2
6.4436E+2	7.2300E+2
6.4438E+2	7.2300E+2
6.4440E+2	7.5800E+2
6.4442E+2	7.0000E+2
6.4444E+2	7.5200E+2
6.4446E+2	7.2900E+2
6.4448E+2	7.3000E+2
6.4450E+2	7.2300E+2
6.4452E+2	7.2800E+2
6.4454E+2	7.2500E+2
6.4456E+2	8.3300E+2
6.4458E+2	6.6400E+2
6.4460E+2	7.0800E+2
6.4462E+2	7.3300E+2
6.4464E+2	7.4300E+2
6.4466E+2	6.7600E+2
6.4468E+2	7.9100E+2
6.4470E+2	7.4900E+2
6.4472E+2	7.1800E+2
6.4474E+2	7.1800E+2
6.4476E+2	7.0100E+2
6.4478E+2	7.2800E+2
6.4480E+2	6.8600E+2
6.4482E+2	6.6300E+2
6.4484E+2	7.2000E+2
6.4486E+2	6.7700E+2
6.4488E+2	6.4700E+2
6.4490E+2	6.4500E+2
6.4492E+2	6.7400E+2
6.4494E+2	6.6300E+2
6.4496E+2	7.3300E+2
6.4498E+2	6.2900E+2
6.4500E+2	6.2700E+2
6.4502E+2	7.0200E+2
6.4504E+2	7.4100E+2
6.4506E+2	6.8100E+2
6.4508E+2	7.0000E+2
6.4510E+2	6.8900E+2
6.4512E+2	6.4200E+2
6.4514E+2	6.5300E+2
6.4516E+2	6.3000E+2
6.4518E+2	6.6300E+2
6.4520E+2	6.0100E+2
6.4522E+2	5.7700E+2
6.4524E+2	6.4200E+2
6.4526E+2	6.4000E+2
6.4528E+2	6.8600E+2
6.4530E+2	6.2300E+2
6.4532E+2	5.9800E+2
6.4534E+2	6.6900E+2
6.4536E+2	6.7100E+2
6.4538E+2	6.6600E+2
6.4540E+2	6.2200E+2
6.4542E+2	5.7900E+2
6.4544E+2	5.7400E+2
6.4546E+2	5.9200E+2
6.4548E+2	5.9100E+2
6.4550E+2	6.1600E+2
6.4552E+2	5.7000E+2
6.4554E+2	6.1100E+2
6.4556E+2	6.6000E+2
6.4558E+2	6.5200E+2
6.4560E+2	6.3000E+2
6.4562E+2	5.9700E+2
6.4564E+2	6.8500E+2
6.4566E+2	6.1700E+2
6.4568E+2	5.8500E+2
6.4570E+2	5.9400E+2
6.4572E+2	6.7600E+2
6.4574E+2	6.5400E+2
6.4576E+2	6.2100E+2
6.4578E+2	6.0600E+2
6.4580E+2	6.3100E+2
6.4582E+2	6.4000E+2
6.4584E+2	6.2900E+2
6.4586E+2	6.4400E+2
6.4588E+2	7.1400E+2
6.4590E+2	6.3900E+2
6.4592E+2	6.9500E+2
6.4594E+2	6.7900E+2
6.4596E+2	7.2300E+2
6.4598E+2	7.1600E+2
6.4600E+2	7.3000E+2
6.4602E+2	7.5000E+2
6.4604E+2	8.2200E+2
6.4606E+2	8.5000E+2
6.4608E+2	8.5400E+2
6.4610E+2	8.4600E+2
6.4612E+2	8.7600E+2
6.4614E+2	9.6900E+2
6.4616E+2	9.1500E+2
6.4618E+2	9.7100E+2
6.4620E+2	1.0840E+3
6.4622E+2	1.0950E+3
6.4624E+2	1.1080E+3
6.4626E+2	1.1000E+3
6.4628E+2	1.2290E+3
6.4630E+2	1.1380E+3
6.4632E+2	1.1840E+3
6.4634E+2	1.1750E+3
6.4636E+2	1.0890E+3
6.4638E+2	1.1210E+3
6.4640E+2	1.0090E+3
6.4642E+2	1.0410E+3
6.4644E+2	9.7700E+2
6.4646E+2	8.9800E+2
6.4648E+2	9.2100E+2
6.4650E+2	8.1400E+2
6.4652E+2	8.5500E+2
6.4654E+2	7.5800E+2
6.4656E+2	8.0800E+2
6.4658E+2	7.2600E+2
6.4660E+2	7.0400E+2
6.4662E+2	6.2700E+2
6.4664E+2	6.6800E+2
6.4666E+2	6.9300E+2
6.4668E+2	6.5600E+2
6.4670E+2	5.9600E+2
6.4672E+2	6.4200E+2
6.4674E+2	5.7900E+2
6.4676E+2	5.6600E+2
6.4678E+2	6.4500E+2
6.4680E+2	5.6100E+2
6.4682E+2	5.9500E+2
6.4684E+2	5.6100E+2
6.4686E+2	4.9800E+2
6.4688E+2	5.8400E+2
6.4690E+2	6.0600E+2
6.4692E+2	5.3800E+2
6.4694E+2	5.2800E+2
6.4696E+2	5.1500E+2
6.4698E+2	5.4600E+2
6.4700E+2	5.1200E+2
6.4702E+2	4.8200E+2
6.4704E+2	5.0700E+2
6.4706E+2	5.1900E+2
6.4708E+2	5.1000E+2
6.4710E+2	5.4000E+2
6.4712E+2	5.0700E+2
6.4714E+2	4.8900E+2
6.4716E+2	5.3100E+2
6.4718E+2	4.9700E+2
6.4720E+2	4.5600E+2
6.4722E+2	5.4000E+2
6.4724E+2	5.3300E+2
6.4726E+2	4.7600E+2
6.4728E+2	4.2500E+2
6.4730E+2	4.7000E+2
6.4732E+2	5.1500E+2
6.4734E+2	4.6900E+2
6.4736E+2	4.4600E+2
6.4738E+2	5.1000E+2
6.4740E+2	4.8900E+2
6.4742E+2	4.7200E+2
6.4744E+2	4.6000E+2
6.4746E+2	4.4300E+2
6.4748E+2	4.5700E+2
6.4750E+2	4.6900E+2
6.4752E+2	4.3500E+2
6.4754E+2	4.9800E+2
6.4756E+2	4.6000E+2
6.4758E+2	4.8800E+2
6.4760E+2	4.7400E+2
6.4762E+2	4.4300E+2
6.4764E+2	4.3600E+2
6.4766E+2	4.5200E+2
6.4768E+2	4.8700E+2
6.4770E+2	4.7400E+2
6.4772E+2	4.2300E+2
6.4774E+2	4.3700E+2
6.4776E+2	4.4100E+2
6.4778E+2	4.7000E+2
6.4780E+2	4.5400E+2
6.4782E+2	4.2800E+2
6.4784E+2	4.3400E+2
6.4786E+2	3.8600E+2
6.4788E+2	4.3900E+2
6.4790E+2	4.3600E+2
6.4792E+2	4.0700E+2
6.4794E+2	4.5000E+2
6.4796E+2	4.4800E+2
6.4798E+2	4.7900E+2
6.4800E+2	4.2400E+2
6.4802E+2	4.3900E+2
6.4804E+2	4.4800E+2
6.4806E+2	3.6800E+2
6.4808E+2	4.1400E+2
6.4810E+2	4.6400E+2
6.4812E+2	4.1400E+2
6.4814E+2	3.5800E+2
6.4816E+2	4.3500E+2
6.4818E+2	4.3300E+2
6.4820E+2	3.7800E+2
6.4822E+2	4.5300E+2
6.4824E+2	3.9000E+2
6.4826E+2	4.1700E+2
6.4828E+2	3.8800E+2
6.4830E+2	4.1300E+2
6.4832E+2	3.9900E+2
6.4834E+2	3.8800E+2
6.4836E+2	3.8300E+2
6.4838E+2	4.0500E+2
6.4840E+2	3.9600E+2
6.4842E+2	3.7400E+2
6.4844E+2	3.9200E+2
6.4846E+2	3.5600E+2
6.4848E+2	3.6700E+2
6.4850E+2	4.0400E+2
6.4852E+2	3.6300E+2
6.4854E+2	4.0500E+2
6.4856E+2	4.1000E+2
6.4858E+2	4.0100E+2
6.4860E+2	3.3600E+2
6.4862E+2	3.9900E+2
6.4864E+2	3.8700E+2
6.4866E+2	3.7400E+2
6.4868E+2	3.5800E+2
6.4870E+2	3.8400E+2
6.4872E+2	4.1000E+2
6.4874E+2	3.7400E+2
6.4876E+2	3.4200E+2
6.4878E+2	4.1100E+2
6.4880E+2	3.9600E+2
6.4882E+2	3.8800E+2
6.4884E+2	4.0300E+2
6.4886E+2	3.5300E+2
6.4888E+2	3.7200E+2
6.4890E+2	3.6600E+2
6.4892E+2	3.6700E+2
6.4894E+2	3.7200E+2
6.4896E+2	3.7500E+2
6.4898E+2	3.5300E+2
6.4900E+2	3.4500E+2
