6.1600E+2	1.2400E+3
6.1602E+2	1.2230E+3
6.1604E+2	1.1380E+3
6.1606E+2	1.1450E+3
6.1608E+2	1.2470E+3
6.1610E+2	1.2260E+3
6.1612E+2	1.2470E+3
6.1614E+2	1.1340E+3
6.1616E+2	1.1470E+3
6.1618E+2	1.2210E+3
6.1620E+2	1.2650E+3
6.1622E+2	1.2400E+3
6.1624E+2	1.2990E+3
6.1626E+2	1.2820E+3
6.1628E+2	1.2240E+3
6.1630E+2	1.2260E+3
6.1632E+2	1.2940E+3
6.1634E+2	1.2890E+3
6.1636E+2	1.2630E+3
6.1638E+2	1.1590E+3
6.1640E+2	1.2800E+3
6.1642E+2	1.2600E+3
6.1644E+2	1.2230E+3
6.1646E+2	1.2930E+3
6.1648E+2	1.2530E+3
6.1650E+2	1.2550E+3
6.1652E+2	1.2100E+3
6.1654E+2	1.2300E+3
6.1656E+2	1.2390E+3
6.1658E+2	1.3180E+3
6.1660E+2	1.2740E+3
6.1662E+2	1.2930E+3
6.1664E+2	1.2990E+3
6.1666E+2	1.2530E+3
6.1668E+2	1.2770E+3
6.1670E+2	1.3120E+3
6.1672E+2	1.4000E+3
6.1674E+2	1.2870E+3
6.1676E+2	1.3290E+3
6.1678E+2	1.3340E+3
6.1680E+2	1.3100E+3
6.1682E+2	1.3190E+3
6.1684E+2	1.2370E+3
6.1686E+2	1.3090E+3
6.1688E+2	1.2940E+3
6.1690E+2	1.4130E+3
6.1692E+2	1.2940E+3
6.1694E+2	1.3190E+3
6.1696E+2	1.2840E+3
6.1698E+2	1.3440E+3
6.1700E+2	1.3760E+3
6.1702E+2	1.3380E+3
6.1704E+2	1.3150E+3
6.1706E+2	1.3610E+3
6.1708E+2	1.3290E+3
6.1710E+2	1.2800E+3
6.1712E+2	1.4170E+3
6.1714E+2	1.4180E+3
6.1716E+2	1.3510E+3
6.1718E+2	1.3170E+3
6.1720E+2	1.3520E+3
6.1722E+2	1.4190E+3
6.1724E+2	1.3750E+3
6.1726E+2	1.3130E+3
6.1728E+2	1.3730E+3
6.1730E+2	1.3670E+3
6.1732E+2	1.3620E+3
6.1734E+2	1.3760E+3
6.1736E+2	1.3080E+3
6.1738E+2	1.3650E+3
6.1740E+2	1.3920E+3
6.1742E+2	1.2950E+3
6.1744E+2	1.3200E+3
6.1746E+2	1.4100E+3
6.1748E+2	1.4540E+3
6.1750E+2	1.3290E+3
6.1752E+2	1.3210E+3
6.1754E+2	1.3830E+3
6.1756E+2	1.3800E+3
6.1758E+2	1.4010E+3
6.1760E+2	1.4840E+3
6.1762E+2	1.3670E+3
6.1764E+2	1.3850E+3
6.1766E+2	1.3930E+3
6.1768E+2	1.4620E+3
6.1770E+2	1.4240E+3
6.1772E+2	1.4150E+3
6.1774E+2	1.3610E+3
6.1776E+2	1.4120E+3
6.1778E+2	1.4040E+3
6.1780E+2	1.4990E+3
6.1782E+2	1.4340E+3
6.1784E+2	1.4470E+3
6.1786E+2	1.4800E+3
6.1788E+2	1.5040E+3
6.1790E+2	1.4940E+3
6.1792E+2	1.4730E+3
6.1794E+2	1.4510E+3
6.1796E+2	1.5480E+3
6.1798E+2	1.3700E+3
6.1800E+2	1.5090E+3
6.1802E+2	1.4850E+3
6.1804E+2	1.4140E+3
6.1806E+2	1.4590E+3
6.1808E+2	1.5150E+3
6.1810E+2	1.4940E+3
6.1812E+2	1.4350E+3
6.1814E+2	1.4610E+3
6.1816E+2	1.4820E+3
6.1818E+2	1.5180E+3
6.1820E+2	1.4330E+3
6.1822E+2	1.5240E+3
6.1824E+2	1.4660E+3
6.1826E+2	1.4270E+3
6.1828E+2	1.5160E+3
6.1830E+2	1.5130E+3
6.1832E+2	1.4600E+3
6.1834E+2	1.4250E+3
6.1836E+2	1.5030E+3
6.1838E+2	1.4720E+3
6.1840E+2	1.5800E+3
6.1842E+2	1.5230E+3
6.1844E+2	1.5210E+3
6.1846E+2	1.5470E+3
6.1848E+2	1.5040E+3
6.1850E+2	1.5010E+3
6.1852E+2	1.4970E+3
6.1854E+2	1.4700E+3
6.1856E+2	1.5700E+3
6.1858E+2	1.4920E+3
6.1860E+2	1.4980E+3
6.1862E+2	1.5110E+3
6.1864E+2	1.6000E+3
6.1866E+2	1.5130E+3
6.1868E+2	1.5120E+3
6.1870E+2	1.5640E+3
6.1872E+2	1.5980E+3
6.1874E+2	1.6350E+3
6.1876E+2	1.5270E+3
6.1878E+2	1.5890E+3
6.1880E+2	1.5590E+3
6.1882E+2	1.6250E+3
6.1884E+2	1.5490E+3
6.1886E+2	1.6470E+3
6.1888E+2	1.6110E+3
6.1890E+2	1.6040E+3
6.1892E+2	1.5040E+3
6.1894E+2	1.6140E+3
6.1896E+2	1.5820E+3
6.1898E+2	1.7140E+3
6.1900E+2	1.5440E+3
6.1902E+2	1.6420E+3
6.1904E+2	1.5480E+3
6.1906E+2	1.5190E+3
6.1908E+2	1.6650E+3
6.1910E+2	1.6260E+3
6.1912E+2	1.6050E+3
6.1914E+2	1.5940E+3
6.1916E+2	1.7040E+3
6.1918E+2	1.6160E+3
6.1920E+2	1.6110E+3
6.1922E+2	1.6660E+3
6.1924E+2	1.6600E+3
6.1926E+2	1.7320E+3
6.1928E+2	1.6060E+3
6.1930E+2	1.6150E+3
6.1932E+2	1.6740E+3
6.1934E+2	1.6530E+3
6.1936E+2	1.6450E+3
6.1938E+2	1.5750E+3
6.1940E+2	1.7120E+3
6.1942E+2	1.6770E+3
6.1944E+2	1.6420E+3
6.1946E+2	1.7400E+3
6.1948E+2	1.7190E+3
6.1950E+2	1.6650E+3
6.1952E+2	1.6040E+3
6.1954E+2	1.6860E+3
6.1956E+2	1.7080E+3
6.1958E+2	1.8030E+3
6.1960E+2	1.7010E+3
6.1962E+2	1.7250E+3
6.1964E+2	1.7420E+3
6.1966E+2	1.6520E+3
6.1968E+2	1.7470E+3
6.1970E+2	1.8030E+3
6.1972E+2	1.6660E+3
6.1974E+2	1.7760E+3
6.1976E+2	1.6770E+3
6.1978E+2	1.7660E+3
6.1980E+2	1.7930E+3
6.1982E+2	1.7390E+3
6.1984E+2	1.8690E+3
6.1986E+2	1.7050E+3
6.1988E+2	1.7690E+3
6.1990E+2	1.7200E+3
6.1992E+2	1.7370E+3
6.1994E+2	1.7670E+3
6.1996E+2	1.7710E+3
6.1998E+2	1.7930E+3
6.2000E+2	1.8500E+3
6.2002E+2	1.8110E+3
6.2004E+2	1.8350E+3
6.2006E+2	1.8090E+3
6.2008E+2	1.8880E+3
6.2010E+2	1.8980E+3
6.2012E+2	1.8130E+3
6.2014E+2	1.8940E+3
6.2016E+2	1.7710E+3
6.2018E+2	1.9320E+3
6.2020E+2	1.8960E+3
6.2022E+2	1.8520E+3
6.2024E+2	1.9240E+3
6.2026E+2	1.8010E+3
6.2028E+2	1.7970E+3
6.2030E+2	1.9340E+3
6.2032E+2	1.8030E+3
6.2034E+2	1.8260E+3
6.2036E+2	1.7820E+3
6.2038E+2	1.8580E+3
6.2040E+2	1.8720E+3
6.2042E+2	1.8710E+3
6.2044E+2	1.9130E+3
6.2046E+2	1.9430E+3
6.2048E+2	1.9860E+3
6.2050E+2	1.9160E+3
6.2052E+2	2.0670E+3
6.2054E+2	1.9690E+3
6.2056E+2	1.9770E+3
6.2058E+2	2.0810E+3
6.2060E+2	1.9590E+3
6.2062E+2	2.0340E+3
6.2064E+2	1.9060E+3
6.2066E+2	1.8990E+3
6.2068E+2	1.8350E+3
6.2070E+2	1.9750E+3
6.2072E+2	2.0320E+3
6.2074E+2	2.0880E+3
6.2076E+2	2.0440E+3
6.2078E+2	1.9310E+3
6.2080E+2	2.0570E+3
6.2082E+2	2.1060E+3
6.2084E+2	2.0040E+3
6.2086E+2	2.0000E+3
6.2088E+2	2.1570E+3
6.2090E+2	2.0420E+3
6.2092E+2	2.1250E+3
6.2094E+2	2.0390E+3
6.2096E+2	2.0500E+3
6.2098E+2	2.1530E+3
6.2100E+2	2.1180E+3
6.2102E+2	2.1190E+3
6.2104E+2	2.2120E+3
6.2106E+2	2.2830E+3
6.2108E+2	2.1100E+3
6.2110E+2	2.1300E+3
6.2112E+2	2.3220E+3
6.2114E+2	2.1940E+3
6.2116E+2	2.2960E+3
6.2118E+2	2.2340E+3
6.2120E+2	2.3020E+3
6.2122E+2	2.1690E+3
6.2124E+2	2.2170E+3
6.2126E+2	2.3110E+3
6.2128E+2	2.2100E+3
6.2130E+2	2.2850E+3
6.2132E+2	2.2480E+3
6.2134E+2	2.1730E+3
6.2136E+2	2.2810E+3
6.2138E+2	2.0840E+3
6.2140E+2	2.1960E+3
6.2142E+2	2.1700E+3
6.2144E+2	2.2120E+3
6.2146E+2	2.1530E+3
6.2148E+2	2.2350E+3
6.2150E+2	2.1780E+3
6.2152E+2	2.1900E+3
6.2154E+2	2.1790E+3
6.2156E+2	2.0210E+3
6.2158E+2	2.0710E+3
6.2160E+2	2.1160E+3
6.2162E+2	2.1250E+3
6.2164E+2	2.2050E+3
6.2166E+2	2.0890E+3
6.2168E+2	2.1930E+3
6.2170E+2	2.1960E+3
6.2172E+2	2.1500E+3
6.2174E+2	2.1740E+3
6.2176E+2	2.1300E+3
6.2178E+2	2.1060E+3
6.2180E+2	2.1870E+3
6.2182E+2	2.2230E+3
6.2184E+2	2.2120E+3
6.2186E+2	2.3000E+3
6.2188E+2	2.1880E+3
6.2190E+2	2.2000E+3
6.2192E+2	2.2240E+3
6.2194E+2	2.2590E+3
6.2196E+2	2.2320E+3
6.2198E+2	2.3330E+3
6.2200E+2	2.1980E+3
6.2202E+2	2.1080E+3
6.2204E+2	2.1940E+3
6.2206E+2	2.2120E+3
6.2208E+2	2.2770E+3
6.2210E+2	2.1630E+3
6.2212E+2	2.2160E+3
6.2214E+2	2.3110E+3
6.2216E+2	2.2290E+3
6.2218E+2	2.2380E+3
6.2220E+2	2.2400E+3
6.2222E+2	2.3180E+3
6.2224E+2	2.2050E+3
6.2226E+2	2.3910E+3
6.2228E+2	2.3460E+3
6.2230E+2	2.3450E+3
6.2232E+2	2.2720E+3
6.2234E+2	2.3700E+3
6.2236E+2	2.3370E+3
6.2238E+2	2.3760E+3
6.2240E+2	2.3320E+3
6.2242E+2	2.3530E+3
6.2244E+2	2.3920E+3
6.2246E+2	2.4480E+3
6.2248E+2	2.4130E+3
6.2250E+2	2.3920E+3
6.2252E+2	2.3180E+3
6.2254E+2	2.4820E+3
6.2256E+2	2.3710E+3
6.2258E+2	2.2510E+3
6.2260E+2	2.3250E+3
6.2262E+2	2.4200E+3
6.2264E+2	2.3550E+3
6.2266E+2	2.3730E+3
6.2268E+2	2.4670E+3
6.2270E+2	2.4090E+3
6.2272E+2	2.4110E+3
6.2274E+2	2.4180E+3
6.2276E+2	2.4660E+3
6.2278E+2	2.4590E+3
6.2280E+2	2.5030E+3
6.2282E+2	2.4140E+3
6.2284E+2	2.5150E+3
6.2286E+2	2.4990E+3
6.2288E+2	2.4890E+3
6.2290E+2	2.6080E+3
6.2292E+2	2.4820E+3
6.2294E+2	2.4970E+3
6.2296E+2	2.4760E+3
6.2298E+2	2.3820E+3
6.2300E+2	2.4320E+3
6.2302E+2	2.4340E+3
6.2304E+2	2.5180E+3
6.2306E+2	2.6160E+3
6.2308E+2	2.5190E+3
6.2310E+2	2.6180E+3
6.2312E+2	2.5430E+3
6.2314E+2	2.4960E+3
6.2316E+2	2.7300E+3
6.2318E+2	2.6960E+3
6.2320E+2	2.6590E+3
6.2322E+2	2.7060E+3
6.2324E+2	2.6130E+3
6.2326E+2	2.5910E+3
6.2328E+2	2.6030E+3
6.2330E+2	2.5810E+3
6.2332E+2	2.6370E+3
6.2334E+2	2.7980E+3
6.2336E+2	2.6720E+3
6.2338E+2	2.7440E+3
6.2340E+2	2.7480E+3
6.2342E+2	2.6150E+3
6.2344E+2	2.7260E+3
6.2346E+2	2.6900E+3
6.2348E+2	2.7780E+3
6.2350E+2	2.7270E+3
6.2352E+2	2.7810E+3
6.2354E+2	2.6910E+3
6.2356E+2	2.7610E+3
6.2358E+2	2.7100E+3
6.2360E+2	2.8610E+3
6.2362E+2	2.7460E+3
6.2364E+2	2.6310E+3
6.2366E+2	2.7880E+3
6.2368E+2	2.8690E+3
6.2370E+2	2.8180E+3
6.2372E+2	2.8180E+3
6.2374E+2	2.7620E+3
6.2376E+2	2.8370E+3
6.2378E+2	2.9280E+3
6.2380E+2	2.8380E+3
6.2382E+2	2.7790E+3
6.2384E+2	2.6770E+3
6.2386E+2	2.7820E+3
6.2388E+2	2.9020E+3
6.2390E+2	3.0030E+3
6.2392E+2	2.9730E+3
6.2394E+2	2.8640E+3
6.2396E+2	2.9230E+3
6.2398E+2	3.0810E+3
6.2400E+2	2.9710E+3
6.2402E+2	3.0900E+3
6.2404E+2	2.9620E+3
6.2406E+2	3.0230E+3
6.2408E+2	2.9070E+3
6.2410E+2	2.8910E+3
6.2412E+2	2.9440E+3
6.2414E+2	2.9900E+3
6.2416E+2	2.8510E+3
6.2418E+2	3.0170E+3
6.2420E+2	3.0430E+3
6.2422E+2	2.8860E+3
6.2424E+2	3.0020E+3
6.2426E+2	3.0870E+3
6.2428E+2	3.1520E+3
6.2430E+2	2.9890E+3
6.2432E+2	3.1420E+3
6.2434E+2	2.9350E+3
6.2436E+2	3.2350E+3
6.2438E+2	2.9880E+3
6.2440E+2	3.0600E+3
6.2442E+2	3.2380E+3
6.2444E+2	3.1230E+3
6.2446E+2	3.2290E+3
6.2448E+2	3.1450E+3
6.2450E+2	3.1960E+3
6.2452E+2	3.1670E+3
6.2454E+2	3.1740E+3
6.2456E+2	3.0990E+3
6.2458E+2	3.2870E+3
6.2460E+2	3.3340E+3
6.2462E+2	3.3530E+3
6.2464E+2	3.1510E+3
6.2466E+2	3.2580E+3
6.2468E+2	3.2410E+3
6.2470E+2	3.2200E+3
6.2472E+2	3.1700E+3
6.2474E+2	3.2670E+3
6.2476E+2	3.2860E+3
6.2478E+2	3.2320E+3
6.2480E+2	3.2540E+3
6.2482E+2	3.2530E+3
6.2484E+2	3.3560E+3
6.2486E+2	3.3620E+3
6.2488E+2	3.3630E+3
6.2490E+2	3.2450E+3
6.2492E+2	3.3020E+3
6.2494E+2	3.3400E+3
6.2496E+2	3.3750E+3
6.2498E+2	3.4140E+3
6.2500E+2	3.4560E+3
6.2502E+2	3.2710E+3
6.2504E+2	3.4230E+3
6.2506E+2	3.3990E+3
6.2508E+2	3.2440E+3
6.2510E+2	3.4370E+3
6.2512E+2	3.2820E+3
6.2514E+2	3.5130E+3
6.2516E+2	3.4290E+3
6.2518E+2	3.5110E+3
6.2520E+2	3.4270E+3
6.2522E+2	3.4760E+3
6.2524E+2	3.5890E+3
6.2526E+2	3.5630E+3
6.2528E+2	3.5970E+3
6.2530E+2	3.5000E+3
6.2532E+2	3.6200E+3
6.2534E+2	3.7780E+3
6.2536E+2	3.6720E+3
6.2538E+2	3.7270E+3
6.2540E+2	3.7210E+3
6.2542E+2	3.7510E+3
6.2544E+2	3.7560E+3
6.2546E+2	3.7430E+3
6.2548E+2	3.7620E+3
6.2550E+2	3.7680E+3
6.2552E+2	3.6680E+3
6.2554E+2	3.7270E+3
6.2556E+2	3.9150E+3
6.2558E+2	3.8320E+3
6.2560E+2	3.9400E+3
6.2562E+2	3.8840E+3
6.2564E+2	3.8820E+3
6.2566E+2	3.9250E+3
6.2568E+2	3.9120E+3
6.2570E+2	3.9090E+3
6.2572E+2	3.8440E+3
6.2574E+2	3.9410E+3
6.2576E+2	3.8120E+3
6.2578E+2	3.9060E+3
6.2580E+2	3.8700E+3
6.2582E+2	3.9780E+3
6.2584E+2	4.0340E+3
6.2586E+2	3.9770E+3
6.2588E+2	3.7980E+3
6.2590E+2	4.0190E+3
6.2592E+2	4.0530E+3
6.2594E+2	3.9030E+3
6.2596E+2	4.1170E+3
6.2598E+2	4.1820E+3
6.2600E+2	4.1340E+3
