6.3799E+2	8.8000E+1
6.3806E+2	8.9000E+1
6.3813E+2	9.9000E+1
6.3820E+2	1.1900E+2
6.3827E+2	8.2000E+1
6.3834E+2	9.2000E+1
6.3841E+2	7.0000E+1
6.3848E+2	1.0200E+2
6.3855E+2	1.2200E+2
6.3862E+2	1.0500E+2
6.3869E+2	8.6000E+1
6.3876E+2	9.3000E+1
6.3883E+2	1.0500E+2
6.3890E+2	9.9000E+1
6.3897E+2	1.0700E+2
6.3904E+2	1.0200E+2
6.3911E+2	1.0900E+2
6.3918E+2	7.1000E+1
6.3925E+2	8.9000E+1
6.3932E+2	1.0200E+2
6.3939E+2	8.1000E+1
6.3946E+2	1.0200E+2
6.3953E+2	8.8000E+1
6.3960E+2	1.0700E+2
6.3967E+2	7.7000E+1
6.3974E+2	1.1300E+2
6.3981E+2	7.9000E+1
6.3988E+2	1.0200E+2
6.3995E+2	7.7000E+1
6.4002E+2	1.0200E+2
6.4009E+2	9.5000E+1
6.4016E+2	9.9000E+1
6.4023E+2	7.8000E+1
6.4030E+2	9.2000E+1
6.4037E+2	9.9000E+1
6.4044E+2	1.0000E+2
6.4051E+2	9.3000E+1
6.4058E+2	8.3000E+1
6.4065E+2	8.5000E+1
6.4072E+2	9.4000E+1
6.4079E+2	9.3000E+1
6.4086E+2	7.5000E+1
6.4093E+2	9.5000E+1
6.4100E+2	8.1000E+1
6.4107E+2	1.0400E+2
6.4114E+2	9.8000E+1
6.4121E+2	1.0100E+2
6.4128E+2	8.5000E+1
6.4135E+2	9.2000E+1
6.4142E+2	8.9000E+1
6.4149E+2	9.4000E+1
6.4156E+2	8.5000E+1
6.4163E+2	9.1000E+1
6.4170E+2	8.1000E+1
6.4177E+2	9.3000E+1
6.4184E+2	7.9000E+1
6.4191E+2	1.0600E+2
6.4198E+2	9.5000E+1
6.4205E+2	9.3000E+1
6.4212E+2	8.7000E+1
6.4219E+2	8.6000E+1
6.4226E+2	9.8000E+1
6.4233E+2	7.5000E+1
6.4240E+2	9.9000E+1
6.4247E+2	9.7000E+1
6.4254E+2	7.5000E+1
6.4261E+2	8.9000E+1
6.4268E+2	7.1000E+1
6.4275E+2	9.7000E+1
6.4282E+2	9.7000E+1
6.4289E+2	9.5000E+1
6.4296E+2	7.6000E+1
6.4303E+2	9.6000E+1
6.4310E+2	8.8000E+1
6.4317E+2	8.3000E+1
6.4324E+2	8.3000E+1
6.4331E+2	7.2000E+1
6.4338E+2	6.7000E+1
6.4345E+2	7.3000E+1
6.4352E+2	9.1000E+1
6.4359E+2	9.1000E+1
6.4366E+2	8.2000E+1
6.4373E+2	1.0000E+2
6.4380E+2	7.7000E+1
6.4387E+2	9.8000E+1
6.4394E+2	7.9000E+1
6.4401E+2	7.1000E+1
6.4408E+2	9.3000E+1
6.4415E+2	8.0000E+1
6.4422E+2	1.1400E+2
6.4429E+2	8.5000E+1
6.4436E+2	9.8000E+1
6.4443E+2	9.2000E+1
6.4450E+2	1.0000E+2
6.4457E+2	9.4000E+1
6.4464E+2	1.0700E+2
6.4471E+2	9.8000E+1
6.4478E+2	8.1000E+1
6.4485E+2	9.9000E+1
6.4492E+2	8.5000E+1
6.4499E+2	9.6000E+1
6.4506E+2	7.9000E+1
6.4513E+2	5.9000E+1
6.4520E+2	8.2000E+1
6.4527E+2	9.8000E+1
6.4534E+2	8.4000E+1
6.4541E+2	6.6000E+1
6.4548E+2	8.7000E+1
6.4555E+2	7.5000E+1
6.4562E+2	1.0500E+2
6.4569E+2	7.8000E+1
6.4576E+2	6.6000E+1
6.4583E+2	7.6000E+1
6.4590E+2	8.8000E+1
6.4597E+2	7.6000E+1
6.4604E+2	7.0000E+1
6.4611E+2	6.5000E+1
6.4618E+2	7.1000E+1
6.4625E+2	6.2000E+1
6.4632E+2	6.6000E+1
6.4639E+2	9.0000E+1
6.4646E+2	7.5000E+1
6.4653E+2	7.4000E+1
6.4660E+2	6.9000E+1
6.4667E+2	5.6000E+1
6.4674E+2	6.1000E+1
6.4681E+2	6.2000E+1
6.4688E+2	6.4000E+1
6.4695E+2	5.3000E+1
6.4702E+2	7.4000E+1
6.4709E+2	5.5000E+1
6.4716E+2	4.2000E+1
6.4723E+2	4.0000E+1
6.4730E+2	5.9000E+1
6.4737E+2	4.6000E+1
6.4744E+2	7.4000E+1
6.4751E+2	6.1000E+1
6.4758E+2	4.5000E+1
6.4765E+2	4.5000E+1
6.4772E+2	4.9000E+1
6.4779E+2	4.6000E+1
6.4786E+2	3.8000E+1
6.4793E+2	5.0000E+1
6.4800E+2	3.5000E+1
6.4807E+2	5.6000E+1
6.4814E+2	4.3000E+1
6.4821E+2	4.4000E+1
6.4828E+2	4.5000E+1
6.4835E+2	4.2000E+1
6.4842E+2	4.3000E+1
6.4849E+2	4.7000E+1
6.4856E+2	4.3000E+1
6.4863E+2	3.3000E+1
6.4870E+2	3.8000E+1
6.4877E+2	3.9000E+1
6.4884E+2	4.9000E+1
6.4891E+2	3.8000E+1
6.4898E+2	4.0000E+1
6.4905E+2	3.4000E+1
6.4912E+2	5.7000E+1
6.4919E+2	4.7000E+1
6.4926E+2	4.0000E+1
6.4933E+2	4.3000E+1
6.4940E+2	2.8000E+1
6.4947E+2	4.8000E+1
6.4954E+2	4.3000E+1
6.4961E+2	4.6000E+1
6.4968E+2	5.6000E+1
6.4975E+2	3.7000E+1
6.4982E+2	4.7000E+1
6.4989E+2	4.1000E+1
6.4996E+2	5.6000E+1
6.5003E+2	3.4000E+1
