6.6200E+2	6.2000E+1
6.6202E+2	5.2000E+1
6.6204E+2	7.0000E+1
6.6206E+2	7.3000E+1
6.6208E+2	7.3000E+1
6.6210E+2	7.1000E+1
6.6212E+2	8.2000E+1
6.6214E+2	6.4000E+1
6.6216E+2	5.5000E+1
6.6218E+2	7.8000E+1
6.6220E+2	5.9000E+1
6.6222E+2	5.9000E+1
6.6224E+2	4.0000E+1
6.6226E+2	6.8000E+1
6.6228E+2	5.8000E+1
6.6230E+2	7.2000E+1
6.6232E+2	6.8000E+1
6.6234E+2	6.4000E+1
6.6236E+2	5.4000E+1
6.6238E+2	5.1000E+1
6.6240E+2	4.3000E+1
6.6242E+2	6.2000E+1
6.6244E+2	7.1000E+1
6.6246E+2	5.2000E+1
6.6248E+2	7.3000E+1
6.6250E+2	6.1000E+1
6.6252E+2	6.8000E+1
6.6254E+2	5.5000E+1
6.6256E+2	7.7000E+1
6.6258E+2	4.0000E+1
6.6260E+2	9.0000E+1
6.6262E+2	6.5000E+1
6.6264E+2	6.8000E+1
6.6266E+2	7.0000E+1
6.6268E+2	4.1000E+1
6.6270E+2	4.9000E+1
6.6272E+2	5.1000E+1
6.6274E+2	5.4000E+1
6.6276E+2	7.1000E+1
6.6278E+2	5.7000E+1
6.6280E+2	5.7000E+1
6.6282E+2	4.8000E+1
6.6284E+2	6.4000E+1
6.6286E+2	5.1000E+1
6.6288E+2	5.7000E+1
6.6290E+2	4.0000E+1
6.6292E+2	4.3000E+1
6.6294E+2	3.8000E+1
6.6296E+2	4.8000E+1
6.6298E+2	5.1000E+1
6.6300E+2	5.6000E+1
6.6302E+2	6.0000E+1
6.6304E+2	6.8000E+1
6.6306E+2	6.2000E+1
6.6308E+2	4.8000E+1
6.6310E+2	6.9000E+1
6.6312E+2	4.6000E+1
6.6314E+2	5.3000E+1
6.6316E+2	5.2000E+1
6.6318E+2	5.3000E+1
6.6320E+2	3.7000E+1
6.6322E+2	6.8000E+1
6.6324E+2	4.5000E+1
6.6326E+2	6.2000E+1
6.6328E+2	5.3000E+1
6.6330E+2	5.0000E+1
6.6332E+2	4.7000E+1
6.6334E+2	4.5000E+1
6.6336E+2	4.4000E+1
6.6338E+2	6.6000E+1
6.6340E+2	6.6000E+1
6.6342E+2	5.8000E+1
6.6344E+2	5.3000E+1
6.6346E+2	6.2000E+1
6.6348E+2	4.2000E+1
6.6350E+2	5.3000E+1
6.6352E+2	6.7000E+1
6.6354E+2	5.0000E+1
6.6356E+2	5.4000E+1
6.6358E+2	6.1000E+1
6.6360E+2	4.0000E+1
6.6362E+2	4.7000E+1
6.6364E+2	4.3000E+1
6.6366E+2	5.0000E+1
6.6368E+2	4.7000E+1
6.6370E+2	3.8000E+1
6.6372E+2	5.9000E+1
6.6374E+2	5.3000E+1
6.6376E+2	5.2000E+1
6.6378E+2	4.7000E+1
6.6380E+2	5.1000E+1
6.6382E+2	5.0000E+1
6.6384E+2	5.8000E+1
6.6386E+2	5.5000E+1
6.6388E+2	6.4000E+1
6.6390E+2	4.7000E+1
6.6392E+2	4.8000E+1
6.6394E+2	6.6000E+1
6.6396E+2	4.6000E+1
6.6398E+2	5.0000E+1
6.6400E+2	3.6000E+1
6.6402E+2	4.2000E+1
6.6404E+2	6.6000E+1
6.6406E+2	5.0000E+1
6.6408E+2	6.1000E+1
6.6410E+2	6.3000E+1
6.6412E+2	5.2000E+1
6.6414E+2	5.5000E+1
6.6416E+2	3.9000E+1
6.6418E+2	4.7000E+1
6.6420E+2	3.8000E+1
6.6422E+2	4.9000E+1
6.6424E+2	6.1000E+1
6.6426E+2	4.4000E+1
6.6428E+2	3.1000E+1
6.6430E+2	3.1000E+1
6.6432E+2	4.9000E+1
6.6434E+2	4.6000E+1
6.6436E+2	5.3000E+1
6.6438E+2	4.4000E+1
6.6440E+2	5.0000E+1
6.6442E+2	4.5000E+1
6.6444E+2	6.0000E+1
6.6446E+2	5.3000E+1
6.6448E+2	5.4000E+1
6.6450E+2	6.5000E+1
6.6452E+2	6.2000E+1
6.6454E+2	4.2000E+1
6.6456E+2	5.4000E+1
6.6458E+2	4.8000E+1
6.6460E+2	5.5000E+1
6.6462E+2	6.6000E+1
6.6464E+2	3.6000E+1
6.6466E+2	4.1000E+1
6.6468E+2	4.8000E+1
6.6470E+2	5.0000E+1
6.6472E+2	3.7000E+1
6.6474E+2	4.5000E+1
6.6476E+2	4.0000E+1
6.6478E+2	5.6000E+1
6.6480E+2	3.5000E+1
6.6482E+2	3.1000E+1
6.6484E+2	4.7000E+1
6.6486E+2	4.9000E+1
6.6488E+2	3.7000E+1
6.6490E+2	5.5000E+1
6.6492E+2	4.3000E+1
6.6494E+2	4.3000E+1
6.6496E+2	5.8000E+1
6.6498E+2	4.8000E+1
6.6500E+2	4.7000E+1
6.6502E+2	4.5000E+1
6.6504E+2	4.0000E+1
6.6506E+2	5.4000E+1
6.6508E+2	3.9000E+1
6.6510E+2	3.7000E+1
6.6512E+2	3.7000E+1
6.6514E+2	5.6000E+1
6.6516E+2	3.3000E+1
6.6518E+2	5.2000E+1
6.6520E+2	5.1000E+1
6.6522E+2	4.2000E+1
6.6524E+2	3.7000E+1
6.6526E+2	3.3000E+1
6.6528E+2	4.6000E+1
6.6530E+2	5.7000E+1
6.6532E+2	6.2000E+1
6.6534E+2	4.3000E+1
6.6536E+2	4.7000E+1
6.6538E+2	3.4000E+1
6.6540E+2	6.4000E+1
6.6542E+2	5.9000E+1
6.6544E+2	4.2000E+1
6.6546E+2	5.6000E+1
6.6548E+2	4.4000E+1
6.6550E+2	3.5000E+1
6.6552E+2	4.9000E+1
6.6554E+2	4.4000E+1
6.6556E+2	3.7000E+1
6.6558E+2	4.5000E+1
6.6560E+2	3.1000E+1
6.6562E+2	4.9000E+1
6.6564E+2	5.8000E+1
6.6566E+2	5.1000E+1
6.6568E+2	6.3000E+1
6.6570E+2	6.6000E+1
6.6572E+2	5.5000E+1
6.6574E+2	4.7000E+1
6.6576E+2	5.8000E+1
6.6578E+2	5.2000E+1
6.6580E+2	5.6000E+1
6.6582E+2	3.9000E+1
6.6584E+2	4.0000E+1
6.6586E+2	7.4000E+1
6.6588E+2	5.2000E+1
6.6590E+2	3.5000E+1
6.6592E+2	4.3000E+1
6.6594E+2	4.7000E+1
6.6596E+2	4.5000E+1
6.6598E+2	6.5000E+1
6.6600E+2	5.0000E+1
6.6602E+2	5.0000E+1
6.6604E+2	3.0000E+1
6.6606E+2	4.4000E+1
6.6608E+2	4.7000E+1
6.6610E+2	4.5000E+1
6.6612E+2	6.0000E+1
6.6614E+2	4.3000E+1
6.6616E+2	3.9000E+1
6.6618E+2	2.9000E+1
6.6620E+2	4.1000E+1
6.6622E+2	3.5000E+1
6.6624E+2	4.1000E+1
6.6626E+2	4.8000E+1
6.6628E+2	3.8000E+1
6.6630E+2	4.7000E+1
6.6632E+2	3.1000E+1
6.6634E+2	6.8000E+1
6.6636E+2	6.4000E+1
6.6638E+2	5.9000E+1
6.6640E+2	4.7000E+1
6.6642E+2	3.9000E+1
6.6644E+2	5.0000E+1
6.6646E+2	4.5000E+1
6.6648E+2	5.1000E+1
6.6650E+2	5.6000E+1
6.6652E+2	5.4000E+1
6.6654E+2	7.0000E+1
6.6656E+2	5.7000E+1
6.6658E+2	5.6000E+1
6.6660E+2	6.9000E+1
6.6662E+2	7.6000E+1
6.6664E+2	6.5000E+1
6.6666E+2	6.7000E+1
6.6668E+2	7.5000E+1
6.6670E+2	8.2000E+1
6.6672E+2	7.7000E+1
6.6674E+2	6.9000E+1
6.6676E+2	5.6000E+1
6.6678E+2	5.2000E+1
6.6680E+2	7.4000E+1
6.6682E+2	6.4000E+1
6.6684E+2	6.0000E+1
6.6686E+2	4.4000E+1
6.6688E+2	5.0000E+1
6.6690E+2	4.1000E+1
6.6692E+2	6.7000E+1
6.6694E+2	4.7000E+1
6.6696E+2	4.4000E+1
6.6698E+2	6.0000E+1
6.6700E+2	5.3000E+1
6.6702E+2	5.0000E+1
6.6704E+2	5.1000E+1
6.6706E+2	4.3000E+1
6.6708E+2	5.0000E+1
6.6710E+2	5.8000E+1
6.6712E+2	4.4000E+1
6.6714E+2	5.7000E+1
6.6716E+2	4.8000E+1
6.6718E+2	4.5000E+1
6.6720E+2	3.1000E+1
6.6722E+2	4.0000E+1
6.6724E+2	6.1000E+1
6.6726E+2	3.1000E+1
6.6728E+2	4.7000E+1
6.6730E+2	3.9000E+1
6.6732E+2	3.6000E+1
6.6734E+2	4.9000E+1
6.6736E+2	4.3000E+1
6.6738E+2	3.9000E+1
6.6740E+2	4.5000E+1
6.6742E+2	3.5000E+1
6.6744E+2	3.4000E+1
6.6746E+2	4.8000E+1
6.6748E+2	3.4000E+1
6.6750E+2	5.1000E+1
6.6752E+2	2.9000E+1
6.6754E+2	3.3000E+1
6.6756E+2	4.3000E+1
6.6758E+2	4.7000E+1
6.6760E+2	5.3000E+1
6.6762E+2	4.7000E+1
6.6764E+2	3.3000E+1
6.6766E+2	3.3000E+1
6.6768E+2	6.0000E+1
6.6770E+2	3.7000E+1
6.6772E+2	5.7000E+1
6.6774E+2	4.1000E+1
6.6776E+2	4.2000E+1
6.6778E+2	3.7000E+1
6.6780E+2	3.2000E+1
6.6782E+2	4.1000E+1
6.6784E+2	5.6000E+1
6.6786E+2	3.6000E+1
6.6788E+2	4.8000E+1
6.6790E+2	4.9000E+1
6.6792E+2	4.3000E+1
6.6794E+2	4.0000E+1
6.6796E+2	3.5000E+1
6.6798E+2	3.8000E+1
6.6800E+2	2.5000E+1
6.6802E+2	3.5000E+1
6.6804E+2	2.7000E+1
6.6806E+2	3.8000E+1
6.6808E+2	3.2000E+1
6.6810E+2	3.4000E+1
6.6812E+2	2.7000E+1
6.6814E+2	3.8000E+1
6.6816E+2	4.2000E+1
6.6818E+2	3.9000E+1
6.6820E+2	3.3000E+1
6.6822E+2	4.8000E+1
6.6824E+2	3.7000E+1
6.6826E+2	3.2000E+1
6.6828E+2	4.0000E+1
6.6830E+2	4.5000E+1
6.6832E+2	4.4000E+1
6.6834E+2	3.4000E+1
6.6836E+2	5.0000E+1
6.6838E+2	3.8000E+1
6.6840E+2	4.4000E+1
6.6842E+2	4.1000E+1
6.6844E+2	3.0000E+1
6.6846E+2	4.2000E+1
6.6848E+2	5.2000E+1
6.6850E+2	3.7000E+1
6.6852E+2	3.7000E+1
6.6854E+2	3.8000E+1
6.6856E+2	4.3000E+1
6.6858E+2	3.7000E+1
6.6860E+2	3.4000E+1
6.6862E+2	3.7000E+1
6.6864E+2	2.4000E+1
6.6866E+2	4.4000E+1
6.6868E+2	3.0000E+1
6.6870E+2	3.0000E+1
6.6872E+2	3.6000E+1
6.6874E+2	3.0000E+1
6.6876E+2	3.6000E+1
6.6878E+2	3.5000E+1
6.6880E+2	3.1000E+1
6.6882E+2	2.3000E+1
6.6884E+2	3.1000E+1
6.6886E+2	1.5000E+1
6.6888E+2	3.2000E+1
6.6890E+2	3.9000E+1
6.6892E+2	4.6000E+1
6.6894E+2	3.5000E+1
6.6896E+2	3.1000E+1
6.6898E+2	3.9000E+1
6.6900E+2	3.5000E+1
6.6902E+2	3.9000E+1
6.6904E+2	5.0000E+1
6.6906E+2	3.5000E+1
6.6908E+2	4.9000E+1
6.6910E+2	4.5000E+1
6.6912E+2	4.4000E+1
6.6914E+2	5.4000E+1
6.6916E+2	3.6000E+1
6.6918E+2	4.7000E+1
6.6920E+2	2.8000E+1
6.6922E+2	2.6000E+1
6.6924E+2	3.1000E+1
6.6926E+2	4.4000E+1
6.6928E+2	3.9000E+1
6.6930E+2	2.7000E+1
6.6932E+2	3.1000E+1
6.6934E+2	4.5000E+1
6.6936E+2	3.0000E+1
6.6938E+2	5.3000E+1
6.6940E+2	3.6000E+1
6.6942E+2	1.6000E+1
6.6944E+2	3.5000E+1
6.6946E+2	3.6000E+1
6.6948E+2	2.2000E+1
6.6950E+2	2.5000E+1
6.6952E+2	3.8000E+1
6.6954E+2	4.2000E+1
6.6956E+2	4.1000E+1
6.6958E+2	3.8000E+1
6.6960E+2	3.2000E+1
6.6962E+2	3.3000E+1
6.6964E+2	2.5000E+1
6.6966E+2	3.2000E+1
6.6968E+2	3.7000E+1
6.6970E+2	2.7000E+1
6.6972E+2	2.6000E+1
6.6974E+2	2.8000E+1
6.6976E+2	3.1000E+1
6.6978E+2	3.3000E+1
6.6980E+2	3.4000E+1
6.6982E+2	5.1000E+1
6.6984E+2	2.8000E+1
6.6986E+2	2.6000E+1
6.6988E+2	2.7000E+1
6.6990E+2	2.8000E+1
6.6992E+2	2.3000E+1
6.6994E+2	3.4000E+1
6.6996E+2	3.0000E+1
6.6998E+2	3.6000E+1
6.7000E+2	2.4000E+1
6.7002E+2	3.3000E+1
6.7004E+2	3.1000E+1
6.7006E+2	3.1000E+1
6.7008E+2	4.2000E+1
6.7010E+2	4.6000E+1
6.7012E+2	3.0000E+1
6.7014E+2	2.9000E+1
6.7016E+2	3.2000E+1
6.7018E+2	2.9000E+1
6.7020E+2	3.6000E+1
6.7022E+2	4.3000E+1
6.7024E+2	2.5000E+1
6.7026E+2	2.4000E+1
6.7028E+2	4.9000E+1
6.7030E+2	3.5000E+1
6.7032E+2	2.0000E+1
6.7034E+2	3.4000E+1
6.7036E+2	2.9000E+1
6.7038E+2	2.3000E+1
6.7040E+2	3.1000E+1
6.7042E+2	3.2000E+1
6.7044E+2	4.7000E+1
6.7046E+2	3.5000E+1
6.7048E+2	3.7000E+1
6.7050E+2	2.1000E+1
6.7052E+2	3.4000E+1
6.7054E+2	2.6000E+1
6.7056E+2	3.4000E+1
6.7058E+2	3.1000E+1
6.7060E+2	3.5000E+1
6.7062E+2	2.9000E+1
6.7064E+2	2.3000E+1
6.7066E+2	3.0000E+1
6.7068E+2	2.0000E+1
6.7070E+2	3.1000E+1
6.7072E+2	3.0000E+1
6.7074E+2	2.7000E+1
6.7076E+2	2.4000E+1
6.7078E+2	3.5000E+1
6.7080E+2	2.7000E+1
6.7082E+2	3.6000E+1
6.7084E+2	3.0000E+1
6.7086E+2	3.3000E+1
6.7088E+2	2.1000E+1
6.7090E+2	4.2000E+1
6.7092E+2	3.8000E+1
6.7094E+2	3.1000E+1
6.7096E+2	3.8000E+1
6.7098E+2	2.1000E+1
6.7100E+2	3.0000E+1
6.7102E+2	2.4000E+1
6.7104E+2	3.3000E+1
6.7106E+2	3.3000E+1
6.7108E+2	2.6000E+1
6.7110E+2	4.0000E+1
6.7112E+2	3.8000E+1
6.7114E+2	1.8000E+1
6.7116E+2	3.0000E+1
6.7118E+2	3.9000E+1
6.7120E+2	2.9000E+1
6.7122E+2	3.5000E+1
6.7124E+2	3.6000E+1
6.7126E+2	3.0000E+1
6.7128E+2	2.5000E+1
6.7130E+2	4.2000E+1
6.7132E+2	2.9000E+1
6.7134E+2	3.5000E+1
6.7136E+2	2.8000E+1
6.7138E+2	2.6000E+1
6.7140E+2	3.9000E+1
6.7142E+2	3.8000E+1
6.7144E+2	3.2000E+1
6.7146E+2	2.3000E+1
6.7148E+2	3.2000E+1
6.7150E+2	3.4000E+1
6.7152E+2	3.6000E+1
6.7154E+2	1.9000E+1
6.7156E+2	4.3000E+1
6.7158E+2	2.6000E+1
6.7160E+2	3.0000E+1
6.7162E+2	2.4000E+1
6.7164E+2	4.1000E+1
6.7166E+2	3.2000E+1
6.7168E+2	2.9000E+1
6.7170E+2	3.8000E+1
6.7172E+2	4.2000E+1
6.7174E+2	2.4000E+1
6.7176E+2	4.5000E+1
6.7178E+2	2.7000E+1
6.7180E+2	1.7000E+1
6.7182E+2	2.5000E+1
6.7184E+2	2.9000E+1
6.7186E+2	4.4000E+1
6.7188E+2	3.4000E+1
6.7190E+2	1.9000E+1
6.7192E+2	3.2000E+1
6.7194E+2	2.5000E+1
6.7196E+2	3.4000E+1
6.7198E+2	2.4000E+1
6.7200E+2	2.9000E+1
6.7202E+2	3.8000E+1
6.7204E+2	2.7000E+1
6.7206E+2	1.7000E+1
6.7208E+2	2.4000E+1
6.7210E+2	3.2000E+1
6.7212E+2	3.0000E+1
6.7214E+2	3.2000E+1
6.7216E+2	3.0000E+1
6.7218E+2	2.1000E+1
6.7220E+2	3.1000E+1
6.7222E+2	2.8000E+1
6.7224E+2	1.9000E+1
6.7226E+2	3.0000E+1
6.7228E+2	2.7000E+1
6.7230E+2	1.2000E+1
6.7232E+2	2.5000E+1
6.7234E+2	2.2000E+1
6.7236E+2	1.3000E+1
6.7238E+2	4.2000E+1
6.7240E+2	3.2000E+1
6.7242E+2	1.9000E+1
6.7244E+2	2.1000E+1
6.7246E+2	2.6000E+1
6.7248E+2	2.3000E+1
6.7250E+2	3.1000E+1
6.7252E+2	2.2000E+1
6.7254E+2	3.0000E+1
6.7256E+2	2.0000E+1
6.7258E+2	3.2000E+1
6.7260E+2	2.6000E+1
6.7262E+2	2.3000E+1
6.7264E+2	2.0000E+1
6.7266E+2	2.6000E+1
6.7268E+2	2.2000E+1
6.7270E+2	2.5000E+1
6.7272E+2	2.4000E+1
6.7274E+2	3.4000E+1
6.7276E+2	3.4000E+1
6.7278E+2	2.3000E+1
6.7280E+2	2.8000E+1
6.7282E+2	3.2000E+1
6.7284E+2	2.6000E+1
6.7286E+2	2.4000E+1
6.7288E+2	1.9000E+1
6.7290E+2	2.2000E+1
6.7292E+2	3.2000E+1
6.7294E+2	1.9000E+1
6.7296E+2	2.4000E+1
6.7298E+2	3.1000E+1
6.7300E+2	3.3000E+1
6.7302E+2	2.8000E+1
6.7304E+2	3.5000E+1
6.7306E+2	1.8000E+1
6.7308E+2	2.7000E+1
6.7310E+2	2.6000E+1
6.7312E+2	2.1000E+1
6.7314E+2	2.5000E+1
6.7316E+2	2.2000E+1
6.7318E+2	3.9000E+1
6.7320E+2	1.7000E+1
6.7322E+2	2.5000E+1
6.7324E+2	1.7000E+1
6.7326E+2	3.1000E+1
6.7328E+2	2.5000E+1
6.7330E+2	2.0000E+1
6.7332E+2	4.8000E+1
6.7334E+2	2.2000E+1
6.7336E+2	1.6000E+1
6.7338E+2	3.6000E+1
6.7340E+2	2.3000E+1
6.7342E+2	2.7000E+1
6.7344E+2	4.4000E+1
6.7346E+2	2.0000E+1
6.7348E+2	1.6000E+1
6.7350E+2	2.5000E+1
6.7352E+2	2.0000E+1
6.7354E+2	1.9000E+1
6.7356E+2	2.2000E+1
6.7358E+2	2.3000E+1
6.7360E+2	2.7000E+1
6.7362E+2	2.0000E+1
6.7364E+2	1.8000E+1
6.7366E+2	1.9000E+1
6.7368E+2	1.8000E+1
6.7370E+2	2.5000E+1
6.7372E+2	2.3000E+1
6.7374E+2	2.4000E+1
6.7376E+2	2.2000E+1
6.7378E+2	1.5000E+1
6.7380E+2	2.3000E+1
6.7382E+2	1.4000E+1
6.7384E+2	1.9000E+1
6.7386E+2	3.0000E+1
6.7388E+2	2.3000E+1
6.7390E+2	2.1000E+1
6.7392E+2	2.2000E+1
6.7394E+2	3.4000E+1
6.7396E+2	2.4000E+1
6.7398E+2	2.1000E+1
6.7400E+2	2.9000E+1
6.7402E+2	2.2000E+1
6.7404E+2	1.8000E+1
6.7406E+2	2.5000E+1
6.7408E+2	2.4000E+1
6.7410E+2	2.4000E+1
6.7412E+2	3.2000E+1
6.7414E+2	1.6000E+1
6.7416E+2	2.7000E+1
6.7418E+2	1.6000E+1
6.7420E+2	1.2000E+1
6.7422E+2	2.1000E+1
6.7424E+2	1.4000E+1
6.7426E+2	2.8000E+1
6.7428E+2	3.0000E+1
6.7430E+2	2.0000E+1
6.7432E+2	1.7000E+1
6.7434E+2	2.5000E+1
6.7436E+2	2.1000E+1
6.7438E+2	2.6000E+1
6.7440E+2	3.2000E+1
6.7442E+2	2.0000E+1
6.7444E+2	3.7000E+1
6.7446E+2	2.9000E+1
6.7448E+2	2.0000E+1
6.7450E+2	1.7000E+1
6.7452E+2	1.9000E+1
6.7454E+2	1.7000E+1
6.7456E+2	2.9000E+1
6.7458E+2	2.8000E+1
6.7460E+2	2.9000E+1
6.7462E+2	2.9000E+1
6.7464E+2	3.1000E+1
6.7466E+2	2.9000E+1
6.7468E+2	1.6000E+1
6.7470E+2	2.3000E+1
6.7472E+2	3.4000E+1
6.7474E+2	3.3000E+1
6.7476E+2	4.5000E+1
6.7478E+2	3.8000E+1
6.7480E+2	3.5000E+1
6.7482E+2	3.7000E+1
6.7484E+2	4.5000E+1
6.7486E+2	1.7000E+1
6.7488E+2	4.2000E+1
6.7490E+2	2.0000E+1
6.7492E+2	3.7000E+1
6.7494E+2	4.3000E+1
6.7496E+2	5.3000E+1
6.7498E+2	4.1000E+1
6.7500E+2	2.7000E+1
6.7502E+2	4.8000E+1
6.7504E+2	2.8000E+1
6.7506E+2	2.2000E+1
6.7508E+2	3.5000E+1
6.7510E+2	2.8000E+1
6.7512E+2	2.3000E+1
6.7514E+2	2.9000E+1
6.7516E+2	2.8000E+1
6.7518E+2	2.4000E+1
6.7520E+2	2.1000E+1
6.7522E+2	2.5000E+1
6.7524E+2	2.2000E+1
6.7526E+2	3.1000E+1
6.7528E+2	3.1000E+1
6.7530E+2	2.6000E+1
6.7532E+2	2.9000E+1
6.7534E+2	2.9000E+1
6.7536E+2	3.0000E+1
6.7538E+2	2.6000E+1
6.7540E+2	2.1000E+1
6.7542E+2	3.5000E+1
6.7544E+2	2.0000E+1
6.7546E+2	2.1000E+1
6.7548E+2	3.2000E+1
6.7550E+2	1.7000E+1
6.7552E+2	1.6000E+1
6.7554E+2	1.8000E+1
6.7556E+2	2.5000E+1
6.7558E+2	1.1000E+1
6.7560E+2	2.0000E+1
6.7562E+2	1.3000E+1
6.7564E+2	2.1000E+1
6.7566E+2	1.3000E+1
6.7568E+2	2.6000E+1
6.7570E+2	1.9000E+1
6.7572E+2	1.4000E+1
6.7574E+2	2.1000E+1
6.7576E+2	2.4000E+1
6.7578E+2	1.6000E+1
6.7580E+2	2.3000E+1
6.7582E+2	1.1000E+1
6.7584E+2	1.7000E+1
6.7586E+2	1.9000E+1
6.7588E+2	1.8000E+1
6.7590E+2	1.6000E+1
6.7592E+2	1.9000E+1
6.7594E+2	2.3000E+1
6.7596E+2	3.0000E+1
6.7598E+2	1.8000E+1
6.7600E+2	2.6000E+1
6.7602E+2	2.6000E+1
6.7604E+2	3.4000E+1
6.7606E+2	2.0000E+1
6.7608E+2	2.1000E+1
6.7610E+2	2.0000E+1
6.7612E+2	2.8000E+1
6.7614E+2	1.7000E+1
6.7616E+2	2.6000E+1
6.7618E+2	1.7000E+1
6.7620E+2	2.1000E+1
6.7622E+2	2.0000E+1
6.7624E+2	1.8000E+1
6.7626E+2	2.0000E+1
6.7628E+2	2.9000E+1
6.7630E+2	2.1000E+1
6.7632E+2	9.0000E+0
6.7634E+2	2.0000E+1
6.7636E+2	3.5000E+1
6.7638E+2	1.6000E+1
6.7640E+2	1.8000E+1
6.7642E+2	2.9000E+1
6.7644E+2	2.0000E+1
6.7646E+2	1.0000E+1
6.7648E+2	2.0000E+1
6.7650E+2	2.3000E+1
6.7652E+2	1.5000E+1
6.7654E+2	2.9000E+1
6.7656E+2	2.3000E+1
6.7658E+2	2.1000E+1
6.7660E+2	3.3000E+1
6.7662E+2	1.4000E+1
6.7664E+2	1.4000E+1
6.7666E+2	1.8000E+1
6.7668E+2	2.8000E+1
6.7670E+2	2.2000E+1
6.7672E+2	1.5000E+1
6.7674E+2	1.7000E+1
6.7676E+2	1.8000E+1
6.7678E+2	2.1000E+1
6.7680E+2	1.1000E+1
6.7682E+2	1.1000E+1
6.7684E+2	8.0000E+0
6.7686E+2	1.5000E+1
6.7688E+2	1.3000E+1
6.7690E+2	6.0000E+0
6.7692E+2	2.2000E+1
6.7694E+2	2.8000E+1
6.7696E+2	2.5000E+1
6.7698E+2	1.4000E+1
6.7700E+2	2.1000E+1
6.7702E+2	1.3000E+1
6.7704E+2	1.5000E+1
6.7706E+2	3.0000E+1
6.7708E+2	1.8000E+1
6.7710E+2	1.7000E+1
6.7712E+2	2.7000E+1
6.7714E+2	1.8000E+1
6.7716E+2	2.6000E+1
6.7718E+2	1.3000E+1
6.7720E+2	9.0000E+0
6.7722E+2	1.5000E+1
6.7724E+2	1.8000E+1
6.7726E+2	1.9000E+1
6.7728E+2	3.2000E+1
6.7730E+2	1.8000E+1
6.7732E+2	1.4000E+1
6.7734E+2	2.3000E+1
6.7736E+2	2.2000E+1
6.7738E+2	2.0000E+1
6.7740E+2	2.0000E+1
6.7742E+2	1.6000E+1
6.7744E+2	1.3000E+1
6.7746E+2	2.1000E+1
6.7748E+2	2.7000E+1
6.7750E+2	1.8000E+1
6.7752E+2	1.4000E+1
6.7754E+2	1.3000E+1
6.7756E+2	1.2000E+1
6.7758E+2	1.7000E+1
6.7760E+2	2.0000E+1
6.7762E+2	2.4000E+1
6.7764E+2	2.0000E+1
6.7766E+2	1.9000E+1
6.7768E+2	2.2000E+1
6.7770E+2	2.2000E+1
6.7772E+2	9.0000E+0
6.7774E+2	1.6000E+1
6.7776E+2	2.8000E+1
6.7778E+2	1.3000E+1
6.7780E+2	3.1000E+1
6.7782E+2	1.1000E+1
6.7784E+2	3.2000E+1
6.7786E+2	1.4000E+1
6.7788E+2	2.1000E+1
6.7790E+2	2.0000E+1
6.7792E+2	1.4000E+1
6.7794E+2	1.3000E+1
6.7796E+2	1.3000E+1
6.7798E+2	2.2000E+1
6.7800E+2	1.7000E+1
6.7802E+2	1.3000E+1
6.7804E+2	1.5000E+1
6.7806E+2	1.8000E+1
6.7808E+2	1.6000E+1
6.7810E+2	1.8000E+1
6.7812E+2	1.7000E+1
6.7814E+2	2.0000E+1
6.7816E+2	1.2000E+1
6.7818E+2	1.7000E+1
6.7820E+2	2.2000E+1
6.7822E+2	1.5000E+1
6.7824E+2	1.9000E+1
6.7826E+2	2.0000E+1
6.7828E+2	2.0000E+1
6.7830E+2	1.7000E+1
6.7832E+2	1.4000E+1
6.7834E+2	3.0000E+1
6.7836E+2	2.5000E+1
6.7838E+2	2.0000E+1
6.7840E+2	1.7000E+1
6.7842E+2	2.1000E+1
6.7844E+2	1.9000E+1
6.7846E+2	1.9000E+1
6.7848E+2	2.0000E+1
6.7850E+2	1.6000E+1
6.7852E+2	1.7000E+1
6.7854E+2	1.0000E+1
6.7856E+2	1.5000E+1
6.7858E+2	1.8000E+1
6.7860E+2	1.4000E+1
6.7862E+2	1.8000E+1
6.7864E+2	5.0000E+0
6.7866E+2	2.4000E+1
6.7868E+2	1.5000E+1
6.7870E+2	2.1000E+1
6.7872E+2	1.5000E+1
6.7874E+2	1.5000E+1
6.7876E+2	1.3000E+1
6.7878E+2	1.4000E+1
6.7880E+2	1.9000E+1
6.7882E+2	2.3000E+1
6.7884E+2	2.7000E+1
6.7886E+2	1.2000E+1
6.7888E+2	2.2000E+1
6.7890E+2	1.9000E+1
6.7892E+2	2.9000E+1
6.7894E+2	2.4000E+1
6.7896E+2	1.5000E+1
6.7898E+2	1.6000E+1
6.7900E+2	1.9000E+1
6.7902E+2	2.0000E+1
6.7904E+2	2.0000E+1
6.7906E+2	1.6000E+1
6.7908E+2	1.9000E+1
6.7910E+2	1.7000E+1
6.7912E+2	1.7000E+1
6.7914E+2	1.3000E+1
6.7916E+2	1.9000E+1
6.7918E+2	2.3000E+1
6.7920E+2	1.8000E+1
6.7922E+2	2.5000E+1
6.7924E+2	1.2000E+1
6.7926E+2	1.9000E+1
6.7928E+2	1.0000E+1
6.7930E+2	1.4000E+1
6.7932E+2	1.3000E+1
6.7934E+2	2.2000E+1
6.7936E+2	1.6000E+1
6.7938E+2	1.9000E+1
6.7940E+2	1.4000E+1
6.7942E+2	1.8000E+1
6.7944E+2	2.7000E+1
6.7946E+2	9.0000E+0
6.7948E+2	2.1000E+1
6.7950E+2	1.9000E+1
6.7952E+2	1.5000E+1
6.7954E+2	1.9000E+1
6.7956E+2	2.2000E+1
6.7958E+2	2.1000E+1
6.7960E+2	1.1000E+1
6.7962E+2	2.7000E+1
6.7964E+2	1.7000E+1
6.7966E+2	1.1000E+1
6.7968E+2	2.0000E+1
6.7970E+2	1.5000E+1
6.7972E+2	9.0000E+0
6.7974E+2	1.2000E+1
6.7976E+2	7.0000E+0
6.7978E+2	2.1000E+1
6.7980E+2	1.8000E+1
6.7982E+2	2.6000E+1
6.7984E+2	1.7000E+1
6.7986E+2	3.2000E+1
6.7988E+2	2.7000E+1
6.7990E+2	1.2000E+1
6.7992E+2	1.1000E+1
6.7994E+2	1.7000E+1
6.7996E+2	2.2000E+1
6.7998E+2	2.1000E+1
6.8000E+2	1.7000E+1
6.8002E+2	2.0000E+1
6.8004E+2	1.4000E+1
6.8006E+2	1.2000E+1
6.8008E+2	1.2000E+1
6.8010E+2	1.2000E+1
6.8012E+2	1.3000E+1
6.8014E+2	2.2000E+1
6.8016E+2	1.3000E+1
6.8018E+2	2.5000E+1
6.8020E+2	2.0000E+1
6.8022E+2	1.1000E+1
6.8024E+2	1.6000E+1
6.8026E+2	1.1000E+1
6.8028E+2	1.3000E+1
6.8030E+2	1.3000E+1
6.8032E+2	1.6000E+1
6.8034E+2	1.9000E+1
6.8036E+2	1.7000E+1
6.8038E+2	9.0000E+0
6.8040E+2	2.3000E+1
6.8042E+2	1.1000E+1
6.8044E+2	2.9000E+1
6.8046E+2	1.0000E+1
6.8048E+2	2.0000E+1
6.8050E+2	1.9000E+1
6.8052E+2	1.8000E+1
6.8054E+2	1.9000E+1
6.8056E+2	1.7000E+1
6.8058E+2	1.6000E+1
6.8060E+2	1.5000E+1
6.8062E+2	1.4000E+1
6.8064E+2	1.5000E+1
6.8066E+2	7.0000E+0
6.8068E+2	1.5000E+1
6.8070E+2	1.9000E+1
6.8072E+2	2.6000E+1
6.8074E+2	1.2000E+1
6.8076E+2	3.2000E+1
6.8078E+2	1.6000E+1
6.8080E+2	2.6000E+1
6.8082E+2	2.6000E+1
6.8084E+2	1.6000E+1
6.8086E+2	1.4000E+1
6.8088E+2	2.3000E+1
6.8090E+2	1.9000E+1
6.8092E+2	1.0000E+1
6.8094E+2	1.4000E+1
6.8096E+2	1.7000E+1
6.8098E+2	1.8000E+1
6.8100E+2	1.7000E+1
6.8102E+2	1.7000E+1
6.8104E+2	1.4000E+1
6.8106E+2	2.0000E+1
6.8108E+2	5.0000E+0
6.8110E+2	2.4000E+1
6.8112E+2	2.8000E+1
6.8114E+2	7.0000E+0
6.8116E+2	2.9000E+1
6.8118E+2	2.2000E+1
6.8120E+2	8.0000E+0
6.8122E+2	1.5000E+1
6.8124E+2	1.4000E+1
6.8126E+2	1.5000E+1
6.8128E+2	1.6000E+1
6.8130E+2	1.9000E+1
6.8132E+2	1.3000E+1
6.8134E+2	1.3000E+1
6.8136E+2	2.2000E+1
6.8138E+2	2.3000E+1
6.8140E+2	1.3000E+1
6.8142E+2	1.2000E+1
6.8144E+2	1.7000E+1
6.8146E+2	1.2000E+1
6.8148E+2	1.3000E+1
6.8150E+2	1.3000E+1
6.8152E+2	1.5000E+1
6.8154E+2	1.0000E+1
6.8156E+2	5.5000E+1
6.8158E+2	2.3000E+1
6.8160E+2	1.2000E+1
6.8162E+2	2.5000E+1
6.8164E+2	2.0000E+1
6.8166E+2	1.2000E+1
6.8168E+2	1.0000E+1
6.8170E+2	1.4000E+1
6.8172E+2	6.0000E+0
6.8174E+2	1.2000E+1
6.8176E+2	2.3000E+1
6.8178E+2	1.3000E+1
6.8180E+2	1.0000E+1
6.8182E+2	1.4000E+1
6.8184E+2	1.3000E+1
6.8186E+2	1.6000E+1
6.8188E+2	1.8000E+1
6.8190E+2	1.6000E+1
6.8192E+2	4.0000E+0
6.8194E+2	1.4000E+1
6.8196E+2	1.6000E+1
6.8198E+2	1.7000E+1
6.8200E+2	1.3000E+1
