   9.0000296e+03	   3.2520360e-04	
   9.0099993e+03	   2.8399660e-04	
   9.0200272e+03	   2.8400980e-04	
   9.0300255e+03	   2.8400920e-04	
   9.0400248e+03	   2.8401260e-04	
   9.0499945e+03	   2.8402730e-04	
   9.0600510e+03	   2.8402300e-04	
   9.0699921e+03	   2.8403860e-04	
   9.0800200e+03	   2.8402500e-04	
   9.0900183e+03	   2.8403630e-04	
   9.0999880e+03	   2.8404250e-04	
   9.1100159e+03	   2.8404480e-04	
   9.1200151e+03	   2.8403820e-04	
   9.1300430e+03	   2.8404090e-04	
   9.1400127e+03	   2.8404100e-04	
   9.1500406e+03	   2.8404750e-04	
   9.1600399e+03	   2.8404670e-04	
   9.1700382e+03	   2.8406520e-04	
   9.1800375e+03	   2.8405390e-04	
   9.1900358e+03	   2.8406620e-04	
   9.2000351e+03	   2.8406070e-04	
   9.2100334e+03	   2.8407980e-04	
   9.2200327e+03	   2.8408690e-04	
   9.2300024e+03	   2.8409620e-04	
   9.2400599e+03	   2.8408540e-04	
   9.2500296e+03	   2.8410110e-04	
   9.2600279e+03	   2.8410780e-04	
   9.2700272e+03	   2.8410360e-04	
   9.2800255e+03	   2.8410020e-04	
   9.2900248e+03	   2.8411050e-04	
   9.3000231e+03	   2.8411780e-04	
   9.3100224e+03	   2.8410140e-04	
   9.3200207e+03	   2.8411910e-04	
   9.3299904e+03	   2.8414200e-04	
   9.3400183e+03	   2.8412160e-04	
   9.3499880e+03	   2.8414480e-04	
   9.3600159e+03	   2.8410290e-04	
   9.3699856e+03	   2.8414130e-04	
   9.3800430e+03	   2.8413390e-04	
   9.3900423e+03	   2.8412700e-04	
   9.4000406e+03	   2.8414550e-04	
   9.4100103e+03	   2.8412290e-04	
   9.4200382e+03	   2.8413290e-04	
   9.4300375e+03	   2.8412750e-04	
   9.4400072e+03	   2.8416340e-04	
   9.4500351e+03	   2.8414050e-04	
   9.4600334e+03	   2.8413600e-04	
   9.4700327e+03	   2.8412980e-04	
   9.4800024e+03	   2.8411460e-04	
   9.4900303e+03	   2.8411820e-04	
   9.5000296e+03	   2.8412080e-04	
   9.5100279e+03	   2.8409880e-04	
   9.5200272e+03	   2.8412570e-04	
   9.5300255e+03	   2.8411640e-04	
   9.5399952e+03	   2.8410920e-04	
   9.5500231e+03	   2.8409470e-04	
   9.5600224e+03	   2.8412880e-04	
   9.5699921e+03	   2.8410510e-04	
   9.5800200e+03	   2.8412230e-04	
   9.5900183e+03	   2.8410650e-04	
   9.5999880e+03	   2.8410870e-04	
   9.6100159e+03	   2.8413200e-04	
   9.6199856e+03	   2.8412770e-04	
   9.6300726e+03	   2.8411060e-04	
   9.6400127e+03	   2.8414190e-04	
   9.6500406e+03	   2.8415410e-04	
   9.6600103e+03	   2.8412980e-04	
   9.6700382e+03	   2.8414280e-04	
   9.6800079e+03	   2.8416000e-04	
   9.6900358e+03	   2.8411340e-04	
   9.7000055e+03	   2.8412880e-04	
   9.7100334e+03	   2.8413480e-04	
   9.7200327e+03	   2.8414450e-04	
   9.7300310e+03	   2.8419280e-04	
   9.7400303e+03	   2.8418560e-04	
   9.7500296e+03	   2.8419290e-04	
   9.7600279e+03	   2.8419780e-04	
   9.7699976e+03	   2.8420560e-04	
   9.7800255e+03	   2.8422270e-04	
   9.7899952e+03	   2.8421580e-04	
   9.8000231e+03	   2.8420840e-04	
   9.8099928e+03	   2.8419960e-04	
   9.8200207e+03	   2.8417580e-04	
   9.8300200e+03	   2.8419720e-04	
   9.8399897e+03	   2.8418340e-04	
   9.8500175e+03	   2.8418000e-04	
   9.8599873e+03	   2.8417300e-04	
   9.8699856e+03	   2.8417200e-04	
   9.8800430e+03	   2.8413450e-04	
   9.8900127e+03	   2.8412730e-04	
   9.9000406e+03	   2.8413020e-04	
   9.9100103e+03	   2.8408910e-04	
   9.9200382e+03	   2.8408440e-04	
   9.9300079e+03	   2.8404330e-04	
   9.9400358e+03	   2.8400430e-04	
   9.9500351e+03	   2.8397950e-04	
   9.9600048e+03	   2.8392950e-04	
   9.9700327e+03	   2.8386690e-04	
   9.9800024e+03	   2.8380520e-04	
   9.9900303e+03	   2.8371330e-04	
   1.0000030e+04	   2.8357970e-04	
   1.0009999e+04	   2.8341780e-04	
   1.0020027e+04	   2.8319810e-04	
   1.0029997e+04	   2.8296840e-04	
   1.0040025e+04	   2.8264820e-04	
   1.0049994e+04	   2.8228400e-04	
   1.0060022e+04	   2.8179030e-04	
   1.0070021e+04	   2.8126670e-04	
   1.0079990e+04	   2.8067610e-04	
   1.0090018e+04	   2.7994350e-04	
   1.0099988e+04	   2.7908670e-04	
   1.0110016e+04	   2.7798480e-04	
   1.0120015e+04	   2.7655610e-04	
   1.0130014e+04	   2.7489720e-04	
   1.0140042e+04	   2.7291570e-04	
   1.0150012e+04	   2.7052920e-04	
   1.0160040e+04	   2.6772470e-04	
   1.0170010e+04	   2.6459810e-04	
   1.0180037e+04	   2.6065940e-04	
   1.0190036e+04	   2.5615540e-04	
   1.0200035e+04	   2.5104240e-04	
   1.0210033e+04	   2.4519760e-04	
   1.0220033e+04	   2.3874880e-04	
   1.0230002e+04	   2.3175450e-04	
   1.0240030e+04	   2.2391950e-04	
   1.0250000e+04	   2.1562540e-04	
   1.0260028e+04	   2.0684000e-04	
   1.0270027e+04	   1.9750180e-04	
   1.0279997e+04	   1.8757140e-04	
   1.0290025e+04	   1.7745270e-04	
   1.0300023e+04	   1.6704730e-04	
   1.0309993e+04	   1.5654220e-04	
   1.0320021e+04	   1.4605380e-04	
   1.0329990e+04	   1.3539110e-04	
   1.0340018e+04	   1.2489970e-04	
   1.0349988e+04	   1.1462240e-04	
   1.0360016e+04	   1.0474930e-04	
   1.0369986e+04	   9.5200430e-05	
   1.0380043e+04	   8.5942530e-05	
   1.0390042e+04	   7.7028430e-05	
   1.0400012e+04	   6.8644400e-05	
   1.0410040e+04	   6.0985180e-05	
   1.0420010e+04	   5.3756280e-05	
   1.0430037e+04	   4.7109740e-05	
   1.0440007e+04	   4.1080390e-05	
   1.0450035e+04	   3.5630380e-05	
   1.0460005e+04	   3.0752330e-05	
   1.0470033e+04	   2.6393620e-05	
   1.0480031e+04	   2.2569820e-05	
   1.0490001e+04	   1.9193490e-05	
   1.0500030e+04	   1.6082100e-05	
   1.0509999e+04	   1.3330300e-05	
   1.0520027e+04	   1.1040220e-05	
   1.0529997e+04	   9.3071130e-06	
   1.0540025e+04	   7.9629670e-06	
   1.0549994e+04	   6.9330340e-06	
   1.0559993e+04	   6.0108600e-06	
   1.0569992e+04	   5.0506130e-06	
   1.0580020e+04	   4.2573520e-06	
   1.0590018e+04	   3.7568050e-06	
   1.0599988e+04	   3.3685910e-06	
   1.0609987e+04	   3.0124890e-06	
   1.0620015e+04	   2.6956030e-06	
   1.0630014e+04	   2.4914100e-06	
   1.0640042e+04	   2.3191010e-06	
   1.0650012e+04	   2.1379830e-06	
   1.0660040e+04	   1.9817790e-06	
   1.0670010e+04	   1.8588240e-06	
   1.0680037e+04	   1.7402560e-06	
   1.0690007e+04	   1.6813180e-06	
   1.0700006e+04	   1.5963630e-06	
   1.0710033e+04	   1.5174620e-06	
   1.0720033e+04	   1.4579400e-06	
   1.0730002e+04	   1.4016700e-06	
   1.0740030e+04	   1.3578590e-06	
   1.0750000e+04	   1.3077760e-06	
   1.0760028e+04	   1.2744810e-06	
   1.0769998e+04	   1.2454100e-06	
   1.0780025e+04	   1.2150660e-06	
   1.0790025e+04	   1.1929520e-06	
   1.0799994e+04	   1.1688420e-06	
   1.0810022e+04	   1.1403280e-06	
   1.0819992e+04	   1.1171670e-06	
   1.0830020e+04	   1.0982090e-06	
   1.0840018e+04	   1.0807800e-06	
   1.0849988e+04	   1.0639780e-06	
   1.0860016e+04	   1.0482360e-06	
   1.0869986e+04	   1.0280670e-06	
   1.0880043e+04	   1.0175200e-06	
   1.0890042e+04	   1.0034300e-06	
   1.0900012e+04	   9.9065620e-07	
   1.0910040e+04	   9.7951280e-07	
   1.0920010e+04	   9.7229210e-07	
   1.0930008e+04	   9.6384500e-07	
   1.0940036e+04	   9.5410250e-07	
   1.0950035e+04	   9.4442240e-07	
   1.0960005e+04	   9.3863790e-07	
   1.0970033e+04	   9.3337170e-07	
   1.0980031e+04	   9.2563600e-07	
   1.0990001e+04	   9.2073840e-07	
   1.1000030e+04	   9.1647170e-07	
