   9.0000000e+03	   2.7266920e-04	
   9.0099993e+03	   2.7277130e-04	
   9.0200272e+03	   2.7287710e-04	
   9.0300255e+03	   2.7299430e-04	
   9.0399952e+03	   2.7311770e-04	
   9.0500231e+03	   2.7322370e-04	
   9.0600224e+03	   2.7331790e-04	
   9.0699921e+03	   2.7342760e-04	
   9.0800200e+03	   2.7352700e-04	
   9.0900183e+03	   2.7362510e-04	
   9.0999880e+03	   2.7369830e-04	
   9.1100159e+03	   2.7377790e-04	
   9.1200151e+03	   2.7383140e-04	
   9.1300430e+03	   2.7392760e-04	
   9.1400423e+03	   2.7397890e-04	
   9.1500406e+03	   2.7405090e-04	
   9.1600103e+03	   2.7410750e-04	
   9.1700678e+03	   2.7415460e-04	
   9.1800079e+03	   2.7422230e-04	
   9.1900358e+03	   2.7428540e-04	
   9.2000351e+03	   2.7432780e-04	
   9.2100048e+03	   2.7439820e-04	
   9.2200327e+03	   2.7446400e-04	
   9.2300310e+03	   2.7451960e-04	
   9.2400303e+03	   2.7458540e-04	
   9.2500296e+03	   2.7466300e-04	
   9.2600279e+03	   2.7473350e-04	
   9.2700272e+03	   2.7479880e-04	
   9.2800255e+03	   2.7485970e-04	
   9.2900248e+03	   2.7490780e-04	
   9.3000231e+03	   2.7498490e-04	
   9.3100224e+03	   2.7506300e-04	
   9.3200207e+03	   2.7511820e-04	
   9.3300200e+03	   2.7518590e-04	
   9.3399897e+03	   2.7525920e-04	
   9.3500175e+03	   2.7533540e-04	
   9.3599873e+03	   2.7541700e-04	
   9.3699856e+03	   2.7547810e-04	
   9.3800430e+03	   2.7553490e-04	
   9.3900423e+03	   2.7560720e-04	
   9.4000406e+03	   2.7566050e-04	
   9.4100399e+03	   2.7575590e-04	
   9.4200096e+03	   2.7580860e-04	
   9.4300375e+03	   2.7587180e-04	
   9.4400358e+03	   2.7592760e-04	
   9.4500351e+03	   2.7600660e-04	
   9.4600334e+03	   2.7607220e-04	
   9.4700031e+03	   2.7613030e-04	
   9.4800310e+03	   2.7619360e-04	
   9.4900303e+03	   2.7624160e-04	
   9.5000000e+03	   2.7630640e-04	
   9.5100279e+03	   2.7637750e-04	
   9.5199976e+03	   2.7644910e-04	
   9.5300255e+03	   2.7651160e-04	
   9.5400248e+03	   2.7655520e-04	
   9.5500231e+03	   2.7661460e-04	
   9.5599928e+03	   2.7670030e-04	
   9.5700207e+03	   2.7674590e-04	
   9.5800200e+03	   2.7681670e-04	
   9.5899897e+03	   2.7689980e-04	
   9.6000175e+03	   2.7697250e-04	
   9.6100159e+03	   2.7704030e-04	
   9.6199856e+03	   2.7711730e-04	
   9.6300430e+03	   2.7717750e-04	
   9.6400423e+03	   2.7724820e-04	
   9.6500120e+03	   2.7732630e-04	
   9.6600399e+03	   2.7738140e-04	
   9.6700382e+03	   2.7743470e-04	
   9.6800079e+03	   2.7749190e-04	
   9.6900072e+03	   2.7756750e-04	
   9.7000351e+03	   2.7760610e-04	
   9.7100334e+03	   2.7767520e-04	
   9.7200031e+03	   2.7773110e-04	
   9.7300310e+03	   2.7780150e-04	
   9.7400007e+03	   2.7784130e-04	
   9.7500296e+03	   2.7790410e-04	
   9.7599993e+03	   2.7797260e-04	
   9.7700272e+03	   2.7801080e-04	
   9.7799969e+03	   2.7806990e-04	
   9.7900248e+03	   2.7813530e-04	
   9.7999945e+03	   2.7816890e-04	
   9.8100224e+03	   2.7822380e-04	
   9.8199921e+03	   2.7827230e-04	
   9.8300200e+03	   2.7829490e-04	
   9.8399897e+03	   2.7833120e-04	
   9.8500175e+03	   2.7835670e-04	
   9.8599873e+03	   2.7839000e-04	
   9.8700151e+03	   2.7842200e-04	
   9.8800144e+03	   2.7839480e-04	
   9.8900127e+03	   2.7837350e-04	
   9.9000406e+03	   2.7833860e-04	
   9.9100399e+03	   2.7826470e-04	
   9.9200096e+03	   2.7818310e-04	
   9.9300375e+03	   2.7801800e-04	
   9.9400072e+03	   2.7783380e-04	
   9.9500351e+03	   2.7760210e-04	
   9.9600048e+03	   2.7730550e-04	
   9.9700327e+03	   2.7693190e-04	
   9.9800024e+03	   2.7643610e-04	
   9.9900303e+03	   2.7583260e-04	
   1.0000000e+04	   2.7518550e-04	
   1.0010028e+04	   2.7433830e-04	
   1.0019998e+04	   2.7327060e-04	
   1.0030025e+04	   2.7195320e-04	
   1.0039995e+04	   2.7029640e-04	
   1.0050023e+04	   2.6832180e-04	
   1.0060022e+04	   2.6602100e-04	
   1.0069992e+04	   2.6330440e-04	
   1.0080020e+04	   2.6002800e-04	
   1.0089990e+04	   2.5619450e-04	
   1.0100018e+04	   2.5180460e-04	
   1.0110016e+04	   2.4684540e-04	
   1.0119986e+04	   2.4130100e-04	
   1.0130043e+04	   2.3511050e-04	
   1.0140013e+04	   2.2817070e-04	
   1.0150041e+04	   2.2087880e-04	
   1.0160010e+04	   2.1299810e-04	
   1.0170038e+04	   2.0428280e-04	
   1.0180008e+04	   1.9519650e-04	
   1.0190036e+04	   1.8575530e-04	
   1.0200006e+04	   1.7584750e-04	
   1.0210033e+04	   1.6568470e-04	
   1.0220003e+04	   1.5566740e-04	
   1.0230031e+04	   1.4536710e-04	
   1.0240001e+04	   1.3526870e-04	
   1.0250030e+04	   1.2520890e-04	
   1.0259999e+04	   1.1478120e-04	
   1.0270027e+04	   1.0472030e-04	
   1.0279997e+04	   9.5218910e-05	
   1.0290025e+04	   8.5754970e-05	
   1.0299994e+04	   7.7083110e-05	
   1.0310022e+04	   6.9021330e-05	
   1.0320021e+04	   6.1072600e-05	
   1.0329990e+04	   5.3891210e-05	
   1.0340018e+04	   4.7159340e-05	
   1.0349988e+04	   4.0988790e-05	
   1.0360016e+04	   3.5469490e-05	
   1.0369986e+04	   3.0627560e-05	
   1.0380043e+04	   2.6208130e-05	
   1.0390013e+04	   2.2228800e-05	
   1.0400041e+04	   1.8809010e-05	
   1.0410010e+04	   1.5639310e-05	
   1.0420038e+04	   1.2838190e-05	
   1.0430008e+04	   1.0507020e-05	
   1.0440036e+04	   8.6556570e-06	
   1.0450006e+04	   7.3160650e-06	
   1.0460033e+04	   6.1952720e-06	
   1.0470003e+04	   5.1943630e-06	
   1.0480031e+04	   4.1838360e-06	
   1.0490030e+04	   3.5068700e-06	
   1.0500000e+04	   2.9973910e-06	
   1.0510028e+04	   2.5786980e-06	
   1.0519998e+04	   2.2623750e-06	
   1.0530025e+04	   1.9122490e-06	
   1.0539995e+04	   1.6719550e-06	
   1.0550023e+04	   1.5013090e-06	
   1.0559993e+04	   1.3713680e-06	
   1.0570021e+04	   1.2398230e-06	
   1.0579990e+04	   1.1212830e-06	
   1.0590018e+04	   1.0470790e-06	
   1.0599988e+04	   9.5373380e-07	
   1.0610016e+04	   8.9682560e-07	
   1.0619986e+04	   8.2865220e-07	
   1.0630043e+04	   7.7410140e-07	
   1.0640042e+04	   7.2476210e-07	
   1.0650012e+04	   6.7828860e-07	
   1.0660040e+04	   6.4915220e-07	
   1.0670010e+04	   6.2537190e-07	
   1.0680037e+04	   6.0524510e-07	
   1.0690007e+04	   5.8316010e-07	
   1.0700035e+04	   5.6581920e-07	
   1.0710005e+04	   5.4935950e-07	
   1.0720003e+04	   5.3606590e-07	
   1.0730002e+04	   5.1643050e-07	
   1.0740001e+04	   5.0595950e-07	
   1.0750030e+04	   4.8969180e-07	
   1.0759999e+04	   4.7678880e-07	
   1.0770027e+04	   4.6633790e-07	
   1.0779997e+04	   4.5521840e-07	
   1.0790025e+04	   4.4523320e-07	
   1.0799994e+04	   4.3215880e-07	
   1.0810022e+04	   4.2390650e-07	
   1.0819992e+04	   4.1615250e-07	
   1.0830020e+04	   4.1038000e-07	
   1.0839990e+04	   4.0281380e-07	
   1.0850018e+04	   3.9585440e-07	
   1.0860016e+04	   3.8950910e-07	
   1.0869986e+04	   3.8408560e-07	
   1.0880043e+04	   3.7765770e-07	
   1.0890013e+04	   3.7320730e-07	
   1.0900041e+04	   3.6856740e-07	
   1.0910010e+04	   3.6318050e-07	
   1.0920010e+04	   3.5773540e-07	
   1.0930037e+04	   3.5217510e-07	
   1.0940007e+04	   3.4712140e-07	
   1.0950035e+04	   3.4106170e-07	
   1.0960005e+04	   3.3637010e-07	
   1.0970033e+04	   3.3239050e-07	
   1.0980002e+04	   3.2537290e-07	
   1.0990030e+04	   3.1976110e-07	
   1.1000030e+04	   3.1439130e-07	
   1.1009999e+04	   3.0901760e-07	
   1.1020027e+04	   3.0252640e-07	
   1.1029997e+04	   2.9712440e-07	
   1.1040025e+04	   2.9125670e-07	
   1.1049994e+04	   2.8504500e-07	
   1.1060022e+04	   2.8067300e-07	
   1.1069992e+04	   2.7573740e-07	
   1.1080020e+04	   2.7047210e-07	
   1.1089990e+04	   2.6501730e-07	
   1.1099988e+04	   2.5975590e-07	
   1.1110016e+04	   2.5488140e-07	
   1.1119986e+04	   2.5092610e-07	
   1.1130043e+04	   2.4608650e-07	
   1.1140042e+04	   2.4195280e-07	
   1.1150012e+04	   2.3801790e-07	
   1.1160040e+04	   2.3361340e-07	
   1.1170010e+04	   2.2878600e-07	
   1.1180037e+04	   2.2490430e-07	
   1.1190007e+04	   2.2150440e-07	
   1.1200006e+04	   2.1719740e-07	
   1.1210063e+04	   2.1221380e-07	
   1.1220003e+04	   2.0913040e-07	
   1.1230061e+04	   2.0481510e-07	
   1.1240001e+04	   2.0042270e-07	
   1.1250030e+04	   1.9391430e-07	
   1.1259999e+04	   1.9048360e-07	
   1.1269998e+04	   1.8622320e-07	
   1.1280025e+04	   1.8152850e-07	
   1.1289995e+04	   1.7798260e-07	
   1.1300023e+04	   1.7399320e-07	
   1.1309993e+04	   1.6988500e-07	
   1.1320021e+04	   1.6716630e-07	
   1.1329990e+04	   1.6428890e-07	
   1.1340018e+04	   1.6151310e-07	
   1.1349988e+04	   1.5888700e-07	
   1.1360016e+04	   1.5601420e-07	
   1.1369986e+04	   1.5392550e-07	
   1.1380043e+04	   1.5210750e-07	
   1.1390013e+04	   1.5011090e-07	
   1.1400041e+04	   1.4761430e-07	
   1.1410040e+04	   1.4510390e-07	
   1.1420010e+04	   1.4190690e-07	
   1.1430037e+04	   1.3918180e-07	
   1.1440036e+04	   1.3654780e-07	
   1.1450006e+04	   1.3388600e-07	
   1.1460033e+04	   1.3144570e-07	
   1.1470003e+04	   1.2938840e-07	
   1.1480031e+04	   1.2685180e-07	
   1.1490001e+04	   1.2411340e-07	
   1.1500030e+04	   1.2147700e-07	
