   1.0000000e+04	   2.8723330e-04	
   1.0009999e+04	   2.8735360e-04	
   1.0020027e+04	   2.8755820e-04	
   1.0030025e+04	   2.8770990e-04	
   1.0039995e+04	   2.8782520e-04	
   1.0050023e+04	   2.8794030e-04	
   1.0059993e+04	   2.8809900e-04	
   1.0070021e+04	   2.8825340e-04	
   1.0080020e+04	   2.8834140e-04	
   1.0089990e+04	   2.8846640e-04	
   1.0100018e+04	   2.8856880e-04	
   1.0109987e+04	   2.8871740e-04	
   1.0120015e+04	   2.8883910e-04	
   1.0130014e+04	   2.8896260e-04	
   1.0140042e+04	   2.8905610e-04	
   1.0150041e+04	   2.8917950e-04	
   1.0160010e+04	   2.8928630e-04	
   1.0170038e+04	   2.8937170e-04	
   1.0180008e+04	   2.8945070e-04	
   1.0190036e+04	   2.8954450e-04	
   1.0200006e+04	   2.8963250e-04	
   1.0210033e+04	   2.8968470e-04	
   1.0220033e+04	   2.8976740e-04	
   1.0230002e+04	   2.8983320e-04	
   1.0240030e+04	   2.8989810e-04	
   1.0250000e+04	   2.8997400e-04	
   1.0259999e+04	   2.9004350e-04	
   1.0270027e+04	   2.9014780e-04	
   1.0280025e+04	   2.9019740e-04	
   1.0289995e+04	   2.9027920e-04	
   1.0300023e+04	   2.9031690e-04	
   1.0309993e+04	   2.9038670e-04	
   1.0319992e+04	   2.9043260e-04	
   1.0330020e+04	   2.9044950e-04	
   1.0339990e+04	   2.9047530e-04	
   1.0350018e+04	   2.9052050e-04	
   1.0360016e+04	   2.9052720e-04	
   1.0369986e+04	   2.9057120e-04	
   1.0380043e+04	   2.9058240e-04	
   1.0390013e+04	   2.9055660e-04	
   1.0400041e+04	   2.9061260e-04	
   1.0410010e+04	   2.9065980e-04	
   1.0420038e+04	   2.9063710e-04	
   1.0430008e+04	   2.9066550e-04	
   1.0440036e+04	   2.9067600e-04	
   1.0450006e+04	   2.9067470e-04	
   1.0460033e+04	   2.9066820e-04	
   1.0470003e+04	   2.9065410e-04	
   1.0480031e+04	   2.9064000e-04	
   1.0490001e+04	   2.9063160e-04	
   1.0500000e+04	   2.9061820e-04	
   1.0510028e+04	   2.9054010e-04	
   1.0519998e+04	   2.9046300e-04	
   1.0530025e+04	   2.9042320e-04	
   1.0539995e+04	   2.9036910e-04	
   1.0549994e+04	   2.9022250e-04	
   1.0560022e+04	   2.9013910e-04	
   1.0569992e+04	   2.9002040e-04	
   1.0580020e+04	   2.8985750e-04	
   1.0589990e+04	   2.8970780e-04	
   1.0600018e+04	   2.8946720e-04	
   1.0609987e+04	   2.8920400e-04	
   1.0620015e+04	   2.8895820e-04	
   1.0630014e+04	   2.8847770e-04	
   1.0640042e+04	   2.8786020e-04	
   1.0650012e+04	   2.8713810e-04	
   1.0660040e+04	   2.8626520e-04	
   1.0670010e+04	   2.8514790e-04	
   1.0680008e+04	   2.8375340e-04	
   1.0690036e+04	   2.8200330e-04	
   1.0700006e+04	   2.7992760e-04	
   1.0710033e+04	   2.7747060e-04	
   1.0720003e+04	   2.7448770e-04	
   1.0730031e+04	   2.7089480e-04	
   1.0740001e+04	   2.6679700e-04	
   1.0750030e+04	   2.6188100e-04	
   1.0759999e+04	   2.5623280e-04	
   1.0770027e+04	   2.4983190e-04	
   1.0779997e+04	   2.4240860e-04	
   1.0790025e+04	   2.3370430e-04	
   1.0799994e+04	   2.2410320e-04	
   1.0810022e+04	   2.1321880e-04	
   1.0819992e+04	   2.0124720e-04	
   1.0830020e+04	   1.8852570e-04	
   1.0839990e+04	   1.7511850e-04	
   1.0850018e+04	   1.6084640e-04	
   1.0860016e+04	   1.4686200e-04	
   1.0869986e+04	   1.3265250e-04	
   1.0880014e+04	   1.1876220e-04	
   1.0890042e+04	   1.0538600e-04	
   1.0900041e+04	   9.2619270e-05	
   1.0910010e+04	   8.0757920e-05	
   1.0920038e+04	   6.9942580e-05	
   1.0930037e+04	   5.9959910e-05	
   1.0940007e+04	   5.1210340e-05	
   1.0950035e+04	   4.3534300e-05	
   1.0960005e+04	   3.6774280e-05	
   1.0970033e+04	   3.0919880e-05	
   1.0980002e+04	   2.5907800e-05	
   1.0990030e+04	   2.1558100e-05	
   1.1000000e+04	   1.7797290e-05	
   1.1010028e+04	   1.4700970e-05	
   1.1020027e+04	   1.2080060e-05	
   1.1029997e+04	   9.9158240e-06	
   1.1040025e+04	   8.0366340e-06	
   1.1049994e+04	   6.5727480e-06	
   1.1060022e+04	   5.3391010e-06	
   1.1069992e+04	   4.3524040e-06	
   1.1079990e+04	   3.6090800e-06	
   1.1090018e+04	   2.9835390e-06	
   1.1100018e+04	   2.5004150e-06	
   1.1109987e+04	   2.1312950e-06	
   1.1119986e+04	   1.8436320e-06	
   1.1130043e+04	   1.6022930e-06	
   1.1140013e+04	   1.4014260e-06	
   1.1150041e+04	   1.2520320e-06	
   1.1160010e+04	   1.1314530e-06	
   1.1170038e+04	   1.0418270e-06	
   1.1180008e+04	   9.6007250e-07	
   1.1190036e+04	   8.9744710e-07	
   1.1200035e+04	   8.5570120e-07	
   1.1210005e+04	   8.1530970e-07	
   1.1220033e+04	   7.8163980e-07	
   1.1230002e+04	   7.5526160e-07	
   1.1240030e+04	   7.3022810e-07	
   1.1250030e+04	   7.1689250e-07	
   1.1259999e+04	   6.9088830e-07	
   1.1270027e+04	   6.7246140e-07	
   1.1279997e+04	   6.4696130e-07	
   1.1290025e+04	   6.2653800e-07	
   1.1299994e+04	   6.0694840e-07	
   1.1310022e+04	   5.9543730e-07	
   1.1319992e+04	   5.8235840e-07	
   1.1330020e+04	   5.6863710e-07	
   1.1339990e+04	   5.5872940e-07	
   1.1349988e+04	   5.4609170e-07	
   1.1360016e+04	   5.3738740e-07	
   1.1369986e+04	   5.3004290e-07	
   1.1380014e+04	   5.2089830e-07	
   1.1390042e+04	   5.1095670e-07	
   1.1400041e+04	   5.0174820e-07	
   1.1410010e+04	   4.9345900e-07	
   1.1420038e+04	   4.8653660e-07	
   1.1430008e+04	   4.7811920e-07	
   1.1440036e+04	   4.7008690e-07	
   1.1450006e+04	   4.6466030e-07	
   1.1460033e+04	   4.5961630e-07	
   1.1470003e+04	   4.5302370e-07	
   1.1480031e+04	   4.4869170e-07	
   1.1490001e+04	   4.4353160e-07	
   1.1500000e+04	   4.3782590e-07	
   1.1510028e+04	   4.3395890e-07	
   1.1519998e+04	   4.2896990e-07	
   1.1530025e+04	   4.2172080e-07	
   1.1539995e+04	   4.1724970e-07	
   1.1549994e+04	   4.1158820e-07	
   1.1560022e+04	   4.0655560e-07	
   1.1569992e+04	   4.0108510e-07	
   1.1580020e+04	   3.9586150e-07	
   1.1589990e+04	   3.9140880e-07	
   1.1600018e+04	   3.8751880e-07	
   1.1609987e+04	   3.8363410e-07	
   1.1619986e+04	   3.7876530e-07	
   1.1630014e+04	   3.7529590e-07	
   1.1640042e+04	   3.7053060e-07	
   1.1650012e+04	   3.6640050e-07	
   1.1660040e+04	   3.6185950e-07	
   1.1670010e+04	   3.5736490e-07	
   1.1680037e+04	   3.5279100e-07	
   1.1690007e+04	   3.4782290e-07	
   1.1700035e+04	   3.4365430e-07	
   1.1710005e+04	   3.4020290e-07	
   1.1720033e+04	   3.3502700e-07	
   1.1730002e+04	   3.3161880e-07	
   1.1740030e+04	   3.2768930e-07	
   1.1750030e+04	   3.2298970e-07	
   1.1759999e+04	   3.1910550e-07	
   1.1770027e+04	   3.1451280e-07	
   1.1779997e+04	   3.1159230e-07	
   1.1790025e+04	   3.0805160e-07	
   1.1800023e+04	   3.0291120e-07	
   1.1809993e+04	   3.0003930e-07	
   1.1820021e+04	   2.9746930e-07	
   1.1829990e+04	   2.9391190e-07	
   1.1839990e+04	   2.8882080e-07	
   1.1850018e+04	   2.8520940e-07	
   1.1859987e+04	   2.8118420e-07	
   1.1869986e+04	   2.7723340e-07	
   1.1880043e+04	   2.7167710e-07	
   1.1890013e+04	   2.6680060e-07	
   1.1900041e+04	   2.6092580e-07	
   1.1910010e+04	   2.5529450e-07	
   1.1920038e+04	   2.5001110e-07	
   1.1930037e+04	   2.4448620e-07	
   1.1940007e+04	   2.3881810e-07	
   1.1950035e+04	   2.3385590e-07	
   1.1960005e+04	   2.2899980e-07	
   1.1970033e+04	   2.2393980e-07	
   1.1980002e+04	   2.1930200e-07	
   1.1990030e+04	   2.1515930e-07	
   1.2000000e+04	   2.1123530e-07	
