   1.0000030e+04	   3.1200900e-04	
   1.0009999e+04	   2.7102860e-04	
   1.0020027e+04	   2.7079920e-04	
   1.0030025e+04	   2.7040710e-04	
   1.0039995e+04	   2.6993010e-04	
   1.0050023e+04	   2.6950920e-04	
   1.0059993e+04	   2.6910370e-04	
   1.0070021e+04	   2.6865250e-04	
   1.0079990e+04	   2.6839390e-04	
   1.0090018e+04	   2.6803120e-04	
   1.0100018e+04	   2.6749770e-04	
   1.0109987e+04	   2.6713630e-04	
   1.0120015e+04	   2.6674630e-04	
   1.0130014e+04	   2.6648970e-04	
   1.0140042e+04	   2.6627240e-04	
   1.0150041e+04	   2.6619400e-04	
   1.0160010e+04	   2.6617770e-04	
   1.0170038e+04	   2.6618090e-04	
   1.0180008e+04	   2.6613180e-04	
   1.0190036e+04	   2.6615300e-04	
   1.0200006e+04	   2.6613520e-04	
   1.0210033e+04	   2.6612790e-04	
   1.0220033e+04	   2.6611040e-04	
   1.0230002e+04	   2.6614370e-04	
   1.0240030e+04	   2.6606590e-04	
   1.0250000e+04	   2.6613400e-04	
   1.0259999e+04	   2.6611050e-04	
   1.0270027e+04	   2.6614580e-04	
   1.0279997e+04	   2.6618840e-04	
   1.0290025e+04	   2.6617330e-04	
   1.0300023e+04	   2.6620060e-04	
   1.0309993e+04	   2.6619750e-04	
   1.0320021e+04	   2.6619580e-04	
   1.0329990e+04	   2.6621310e-04	
   1.0340018e+04	   2.6623100e-04	
   1.0350018e+04	   2.6627330e-04	
   1.0360016e+04	   2.6631240e-04	
   1.0369986e+04	   2.6624940e-04	
   1.0380043e+04	   2.6628400e-04	
   1.0390042e+04	   2.6629790e-04	
   1.0400041e+04	   2.6628850e-04	
   1.0410010e+04	   2.6633080e-04	
   1.0420038e+04	   2.6634080e-04	
   1.0430008e+04	   2.6634470e-04	
   1.0440036e+04	   2.6641550e-04	
   1.0450035e+04	   2.6637620e-04	
   1.0460033e+04	   2.6632440e-04	
   1.0470003e+04	   2.6641180e-04	
   1.0480031e+04	   2.6637130e-04	
   1.0490030e+04	   2.6643690e-04	
   1.0500000e+04	   2.6640150e-04	
   1.0510028e+04	   2.6627620e-04	
   1.0519998e+04	   2.6627050e-04	
   1.0530025e+04	   2.6626910e-04	
   1.0539995e+04	   2.6617590e-04	
   1.0549994e+04	   2.6610430e-04	
   1.0560022e+04	   2.6606340e-04	
   1.0569992e+04	   2.6600020e-04	
   1.0580020e+04	   2.6587520e-04	
   1.0589990e+04	   2.6571000e-04	
   1.0600018e+04	   2.6550950e-04	
   1.0609987e+04	   2.6527360e-04	
   1.0620015e+04	   2.6494270e-04	
   1.0630014e+04	   2.6453290e-04	
   1.0640042e+04	   2.6393220e-04	
   1.0650012e+04	   2.6326170e-04	
   1.0660040e+04	   2.6240310e-04	
   1.0670010e+04	   2.6126050e-04	
   1.0680037e+04	   2.5987710e-04	
   1.0690036e+04	   2.5817550e-04	
   1.0700006e+04	   2.5611570e-04	
   1.0710033e+04	   2.5363530e-04	
   1.0720003e+04	   2.5073280e-04	
   1.0730031e+04	   2.4720150e-04	
   1.0740001e+04	   2.4311130e-04	
   1.0750030e+04	   2.3827220e-04	
   1.0759999e+04	   2.3269520e-04	
   1.0770027e+04	   2.2635730e-04	
   1.0779997e+04	   2.1899210e-04	
   1.0790025e+04	   2.1037050e-04	
   1.0799994e+04	   2.0094420e-04	
   1.0809993e+04	   1.9038160e-04	
   1.0819992e+04	   1.7891030e-04	
   1.0830020e+04	   1.6694360e-04	
   1.0839990e+04	   1.5436220e-04	
   1.0850018e+04	   1.4120590e-04	
   1.0859987e+04	   1.2801180e-04	
   1.0870015e+04	   1.1494170e-04	
   1.0880043e+04	   1.0242470e-04	
   1.0890013e+04	   9.0570420e-05	
   1.0900041e+04	   7.9240530e-05	
   1.0910010e+04	   6.8667390e-05	
   1.0920038e+04	   5.9342310e-05	
   1.0930037e+04	   5.0756870e-05	
   1.0940007e+04	   4.3241360e-05	
   1.0950035e+04	   3.6646400e-05	
   1.0960005e+04	   3.0926440e-05	
   1.0970033e+04	   2.6011100e-05	
   1.0980002e+04	   2.1707730e-05	
   1.0990030e+04	   1.7891100e-05	
   1.1000000e+04	   1.4866100e-05	
   1.1010028e+04	   1.2273280e-05	
   1.1019998e+04	   1.0033240e-05	
   1.1030025e+04	   8.1884350e-06	
   1.1040025e+04	   6.5729910e-06	
   1.1049994e+04	   5.2180380e-06	
   1.1060022e+04	   4.2292560e-06	
   1.1070021e+04	   3.4160460e-06	
   1.1079990e+04	   2.8677530e-06	
   1.1090018e+04	   2.3362750e-06	
   1.1100018e+04	   1.8723990e-06	
   1.1109987e+04	   1.5883580e-06	
   1.1120015e+04	   1.3416550e-06	
   1.1130014e+04	   1.1397420e-06	
   1.1140042e+04	   9.8358240e-07	
   1.1150012e+04	   8.7888410e-07	
   1.1160040e+04	   7.6567200e-07	
   1.1170010e+04	   6.9376820e-07	
   1.1180037e+04	   6.2679780e-07	
   1.1190007e+04	   5.7965820e-07	
   1.1200035e+04	   5.4793330e-07	
   1.1210005e+04	   5.1802830e-07	
   1.1220033e+04	   5.0234300e-07	
   1.1230002e+04	   4.8637630e-07	
   1.1240030e+04	   4.5594260e-07	
   1.1250030e+04	   4.3649570e-07	
   1.1259999e+04	   4.2110000e-07	
   1.1270027e+04	   4.0816210e-07	
   1.1279997e+04	   3.9137060e-07	
   1.1290025e+04	   3.7806240e-07	
   1.1300023e+04	   3.6588010e-07	
   1.1310022e+04	   3.5496940e-07	
   1.1319992e+04	   3.4651800e-07	
   1.1330020e+04	   3.3511400e-07	
   1.1340018e+04	   3.2708310e-07	
   1.1350018e+04	   3.1791430e-07	
   1.1359987e+04	   3.1063310e-07	
   1.1370015e+04	   3.0293600e-07	
   1.1380014e+04	   2.9486780e-07	
   1.1390042e+04	   2.8613770e-07	
   1.1400041e+04	   2.7905690e-07	
   1.1410010e+04	   2.7176640e-07	
   1.1420038e+04	   2.6538190e-07	
   1.1430008e+04	   2.6001340e-07	
   1.1440036e+04	   2.5481320e-07	
   1.1450006e+04	   2.4976890e-07	
   1.1460033e+04	   2.4492650e-07	
   1.1470003e+04	   2.4087400e-07	
   1.1480031e+04	   2.3671450e-07	
   1.1490030e+04	   2.3274760e-07	
   1.1500000e+04	   2.2886140e-07	
   1.1510028e+04	   2.2491350e-07	
   1.1520027e+04	   2.2118570e-07	
   1.1529997e+04	   2.1746250e-07	
   1.1540025e+04	   2.1338640e-07	
   1.1549994e+04	   2.0948220e-07	
   1.1560022e+04	   2.0620080e-07	
   1.1569992e+04	   2.0324850e-07	
   1.1580020e+04	   2.0047000e-07	
   1.1589990e+04	   1.9777130e-07	
   1.1600018e+04	   1.9539690e-07	
   1.1610016e+04	   1.9303960e-07	
   1.1619986e+04	   1.9037170e-07	
   1.1630043e+04	   1.8791610e-07	
   1.1640042e+04	   1.8544950e-07	
   1.1650012e+04	   1.8302890e-07	
   1.1660040e+04	   1.8048650e-07	
   1.1670010e+04	   1.7752720e-07	
   1.1680037e+04	   1.7439660e-07	
   1.1690007e+04	   1.7124700e-07	
   1.1700035e+04	   1.6799810e-07	
   1.1710033e+04	   1.6486630e-07	
   1.1720003e+04	   1.6175580e-07	
   1.1730031e+04	   1.5837380e-07	
   1.1740030e+04	   1.5494480e-07	
   1.1750000e+04	   1.5100210e-07	
   1.1760028e+04	   1.4729080e-07	
   1.1769998e+04	   1.4401650e-07	
   1.1779997e+04	   1.4081050e-07	
   1.1789995e+04	   1.3772120e-07	
   1.1800023e+04	   1.3487950e-07	
   1.1809993e+04	   1.3209500e-07	
   1.1820021e+04	   1.2943260e-07	
   1.1829990e+04	   1.2677930e-07	
   1.1840018e+04	   1.2393880e-07	
   1.1850018e+04	   1.2094040e-07	
   1.1860016e+04	   1.1786170e-07	
   1.1869986e+04	   1.1464760e-07	
   1.1880073e+04	   1.1121180e-07	
   1.1890013e+04	   1.0761890e-07	
   1.1900041e+04	   1.0376890e-07	
   1.1910010e+04	   1.0024120e-07	
   1.1920038e+04	   9.6935240e-08	
   1.1930037e+04	   9.3340400e-08	
   1.1940007e+04	   9.0187700e-08	
   1.1950035e+04	   8.6872620e-08	
   1.1960005e+04	   8.3746920e-08	
   1.1970033e+04	   8.0963370e-08	
   1.1980002e+04	   7.8373570e-08	
   1.1990030e+04	   7.5952310e-08	
   1.2000000e+04	   7.3774080e-08	
