   1.0000030e+04	   3.0892210e-04	
   1.0009999e+04	   2.6816870e-04	
   1.0020027e+04	   2.6815060e-04	
   1.0030025e+04	   2.6813410e-04	
   1.0039995e+04	   2.6812030e-04	
   1.0050023e+04	   2.6811530e-04	
   1.0060022e+04	   2.6810410e-04	
   1.0069992e+04	   2.6810470e-04	
   1.0080020e+04	   2.6808400e-04	
   1.0090018e+04	   2.6807710e-04	
   1.0099988e+04	   2.6807150e-04	
   1.0110016e+04	   2.6807860e-04	
   1.0119986e+04	   2.6806820e-04	
   1.0130043e+04	   2.6805510e-04	
   1.0140042e+04	   2.6805370e-04	
   1.0150012e+04	   2.6804710e-04	
   1.0160040e+04	   2.6805090e-04	
   1.0170038e+04	   2.6804690e-04	
   1.0180008e+04	   2.6805650e-04	
   1.0190007e+04	   2.6806620e-04	
   1.0200035e+04	   2.6807240e-04	
   1.0210033e+04	   2.6805370e-04	
   1.0220033e+04	   2.6805000e-04	
   1.0230031e+04	   2.6807330e-04	
   1.0240030e+04	   2.6806190e-04	
   1.0250000e+04	   2.6808070e-04	
   1.0259999e+04	   2.6809480e-04	
   1.0270027e+04	   2.6809030e-04	
   1.0279997e+04	   2.6809330e-04	
   1.0289995e+04	   2.6809110e-04	
   1.0300023e+04	   2.6810040e-04	
   1.0309993e+04	   2.6812840e-04	
   1.0319992e+04	   2.6813750e-04	
   1.0330020e+04	   2.6813930e-04	
   1.0339990e+04	   2.6816190e-04	
   1.0350018e+04	   2.6817170e-04	
   1.0360016e+04	   2.6817550e-04	
   1.0369986e+04	   2.6817420e-04	
   1.0380043e+04	   2.6818730e-04	
   1.0390013e+04	   2.6817090e-04	
   1.0400041e+04	   2.6818450e-04	
   1.0410010e+04	   2.6817780e-04	
   1.0420038e+04	   2.6816850e-04	
   1.0430037e+04	   2.6817930e-04	
   1.0440007e+04	   2.6817310e-04	
   1.0450035e+04	   2.6820040e-04	
   1.0460033e+04	   2.6820700e-04	
   1.0470003e+04	   2.6822560e-04	
   1.0480031e+04	   2.6822950e-04	
   1.0490001e+04	   2.6824050e-04	
   1.0500030e+04	   2.6825840e-04	
   1.0509999e+04	   2.6828850e-04	
   1.0520027e+04	   2.6830200e-04	
   1.0529997e+04	   2.6831760e-04	
   1.0540025e+04	   2.6832750e-04	
   1.0549994e+04	   2.6833630e-04	
   1.0560022e+04	   2.6832410e-04	
   1.0569992e+04	   2.6835950e-04	
   1.0580020e+04	   2.6840210e-04	
   1.0589990e+04	   2.6847530e-04	
   1.0600018e+04	   2.6839880e-04	
   1.0609987e+04	   2.6841870e-04	
   1.0620015e+04	   2.6843700e-04	
   1.0630014e+04	   2.6844900e-04	
   1.0640042e+04	   2.6843890e-04	
   1.0650012e+04	   2.6846000e-04	
   1.0660040e+04	   2.6846510e-04	
   1.0670010e+04	   2.6846850e-04	
   1.0680037e+04	   2.6846580e-04	
   1.0690036e+04	   2.6846910e-04	
   1.0700006e+04	   2.6847170e-04	
   1.0710033e+04	   2.6845660e-04	
   1.0720033e+04	   2.6842220e-04	
   1.0730002e+04	   2.6839290e-04	
   1.0740030e+04	   2.6836870e-04	
   1.0750000e+04	   2.6833070e-04	
   1.0759999e+04	   2.6824510e-04	
   1.0770027e+04	   2.6820150e-04	
   1.0779997e+04	   2.6810700e-04	
   1.0790025e+04	   2.6796820e-04	
   1.0800023e+04	   2.6782360e-04	
   1.0810022e+04	   2.6764010e-04	
   1.0819992e+04	   2.6737750e-04	
   1.0830020e+04	   2.6696050e-04	
   1.0839990e+04	   2.6647900e-04	
   1.0850018e+04	   2.6592120e-04	
   1.0860016e+04	   2.6506650e-04	
   1.0869986e+04	   2.6406360e-04	
   1.0880043e+04	   2.6279080e-04	
   1.0890013e+04	   2.6127470e-04	
   1.0900041e+04	   2.5938190e-04	
   1.0910010e+04	   2.5703820e-04	
   1.0920038e+04	   2.5448330e-04	
   1.0930008e+04	   2.5123720e-04	
   1.0940036e+04	   2.4752520e-04	
   1.0950006e+04	   2.4319840e-04	
   1.0960033e+04	   2.3805680e-04	
   1.0970003e+04	   2.3220520e-04	
   1.0980002e+04	   2.2550860e-04	
   1.0990030e+04	   2.1773410e-04	
   1.1000000e+04	   2.0903480e-04	
   1.1010028e+04	   1.9936460e-04	
   1.1019998e+04	   1.8905850e-04	
   1.1030025e+04	   1.7775590e-04	
   1.1040025e+04	   1.6558150e-04	
   1.1049994e+04	   1.5275390e-04	
   1.1060022e+04	   1.4008990e-04	
   1.1070021e+04	   1.2707410e-04	
   1.1079990e+04	   1.1418740e-04	
   1.1090018e+04	   1.0151220e-04	
   1.1100018e+04	   8.9726190e-05	
   1.1109987e+04	   7.8727460e-05	
   1.1120015e+04	   6.8328750e-05	
   1.1130043e+04	   5.9047100e-05	
   1.1140013e+04	   5.0553950e-05	
   1.1150041e+04	   4.2956680e-05	
   1.1160010e+04	   3.6222280e-05	
   1.1170038e+04	   3.0723080e-05	
   1.1180008e+04	   2.5802670e-05	
   1.1190036e+04	   2.1655500e-05	
   1.1200035e+04	   1.8223840e-05	
   1.1210005e+04	   1.4982540e-05	
   1.1220033e+04	   1.2376570e-05	
   1.1230002e+04	   1.0136550e-05	
   1.1240030e+04	   8.3344480e-06	
   1.1250030e+04	   6.7242580e-06	
   1.1259999e+04	   5.5358370e-06	
   1.1270027e+04	   4.5634250e-06	
   1.1279997e+04	   3.7095420e-06	
   1.1290025e+04	   3.1820890e-06	
   1.1300023e+04	   2.7342990e-06	
   1.1310022e+04	   2.3869930e-06	
   1.1319992e+04	   2.1098740e-06	
   1.1330020e+04	   1.8675980e-06	
   1.1339990e+04	   1.6714160e-06	
   1.1350018e+04	   1.5319700e-06	
   1.1360016e+04	   1.4194280e-06	
   1.1369986e+04	   1.3244320e-06	
   1.1380043e+04	   1.2520630e-06	
   1.1390013e+04	   1.1884770e-06	
   1.1400041e+04	   1.1484860e-06	
   1.1410010e+04	   1.1089710e-06	
   1.1420038e+04	   1.0723420e-06	
   1.1430008e+04	   1.0461440e-06	
   1.1440036e+04	   1.0199540e-06	
   1.1450006e+04	   9.9711810e-07	
   1.1460033e+04	   9.7057560e-07	
   1.1470003e+04	   9.5132440e-07	
   1.1480031e+04	   9.2026130e-07	
   1.1490001e+04	   8.9877010e-07	
   1.1500000e+04	   8.7292240e-07	
   1.1510028e+04	   8.5466150e-07	
   1.1520027e+04	   8.3682450e-07	
   1.1529997e+04	   8.2385380e-07	
   1.1540025e+04	   8.0564440e-07	
   1.1549994e+04	   7.9361850e-07	
   1.1560022e+04	   7.8300950e-07	
   1.1569992e+04	   7.6984400e-07	
   1.1580020e+04	   7.5968110e-07	
   1.1590018e+04	   7.5056990e-07	
   1.1599988e+04	   7.4378320e-07	
   1.1610016e+04	   7.3602710e-07	
   1.1619986e+04	   7.2662770e-07	
   1.1630043e+04	   7.2264450e-07	
   1.1640013e+04	   7.1719490e-07	
   1.1650041e+04	   7.1324840e-07	
   1.1660040e+04	   7.0854360e-07	
   1.1670010e+04	   7.0388990e-07	
   1.1680037e+04	   7.0103970e-07	
   1.1690036e+04	   6.9666450e-07	
   1.1700035e+04	   6.8951390e-07	
   1.1710033e+04	   6.8353930e-07	
   1.1720003e+04	   6.8095080e-07	
   1.1730031e+04	   6.7271480e-07	
   1.1740030e+04	   6.7120700e-07	
   1.1750000e+04	   6.6306120e-07	
   1.1759999e+04	   6.5712220e-07	
   1.1770027e+04	   6.5208720e-07	
   1.1780025e+04	   6.4763170e-07	
   1.1789995e+04	   6.4380860e-07	
   1.1800023e+04	   6.3837000e-07	
   1.1810022e+04	   6.3245930e-07	
   1.1819992e+04	   6.2824440e-07	
   1.1830020e+04	   6.2474220e-07	
   1.1839990e+04	   6.2161300e-07	
   1.1850018e+04	   6.1719030e-07	
   1.1860016e+04	   6.1367480e-07	
   1.1869986e+04	   6.1006090e-07	
   1.1880073e+04	   6.0602910e-07	
   1.1890013e+04	   6.0151900e-07	
   1.1900041e+04	   5.9736330e-07	
   1.1910010e+04	   5.9061260e-07	
   1.1920038e+04	   5.8745990e-07	
   1.1930008e+04	   5.8127430e-07	
   1.1940036e+04	   5.7563200e-07	
   1.1950006e+04	   5.7154820e-07	
   1.1960033e+04	   5.6689690e-07	
   1.1970003e+04	   5.6146310e-07	
   1.1980031e+04	   5.5550000e-07	
   1.1990001e+04	   5.4786930e-07	
   1.2000030e+04	   5.4480960e-07	
