   1.0000030e+04	   3.0834940e-04	
   1.0009999e+04	   2.6762010e-04	
   1.0020027e+04	   2.6764350e-04	
   1.0030025e+04	   2.6766620e-04	
   1.0039995e+04	   2.6767350e-04	
   1.0050023e+04	   2.6769820e-04	
   1.0060022e+04	   2.6770490e-04	
   1.0069992e+04	   2.6772800e-04	
   1.0080020e+04	   2.6775510e-04	
   1.0089990e+04	   2.6779530e-04	
   1.0100018e+04	   2.6782000e-04	
   1.0109987e+04	   2.6783490e-04	
   1.0120015e+04	   2.6784840e-04	
   1.0130014e+04	   2.6788410e-04	
   1.0140042e+04	   2.6791610e-04	
   1.0150041e+04	   2.6792790e-04	
   1.0160010e+04	   2.6796360e-04	
   1.0170038e+04	   2.6797080e-04	
   1.0180008e+04	   2.6800370e-04	
   1.0190036e+04	   2.6803550e-04	
   1.0200006e+04	   2.6805560e-04	
   1.0210033e+04	   2.6805650e-04	
   1.0220033e+04	   2.6808590e-04	
   1.0230002e+04	   2.6812290e-04	
   1.0240030e+04	   2.6812570e-04	
   1.0250000e+04	   2.6815100e-04	
   1.0260028e+04	   2.6815980e-04	
   1.0270027e+04	   2.6821300e-04	
   1.0280025e+04	   2.6822880e-04	
   1.0290025e+04	   2.6827910e-04	
   1.0300023e+04	   2.6827920e-04	
   1.0310022e+04	   2.6829280e-04	
   1.0320021e+04	   2.6830080e-04	
   1.0330020e+04	   2.6834100e-04	
   1.0339990e+04	   2.6836270e-04	
   1.0350018e+04	   2.6838690e-04	
   1.0360016e+04	   2.6835180e-04	
   1.0369986e+04	   2.6834840e-04	
   1.0380043e+04	   2.6834830e-04	
   1.0390013e+04	   2.6835270e-04	
   1.0400041e+04	   2.6836310e-04	
   1.0410010e+04	   2.6833960e-04	
   1.0420038e+04	   2.6837200e-04	
   1.0430008e+04	   2.6834080e-04	
   1.0440036e+04	   2.6836040e-04	
   1.0450006e+04	   2.6835110e-04	
   1.0460033e+04	   2.6836970e-04	
   1.0470003e+04	   2.6838770e-04	
   1.0480031e+04	   2.6836740e-04	
   1.0490001e+04	   2.6836420e-04	
   1.0500000e+04	   2.6838260e-04	
   1.0510028e+04	   2.6839480e-04	
   1.0519998e+04	   2.6841750e-04	
   1.0530025e+04	   2.6843640e-04	
   1.0539995e+04	   2.6848140e-04	
   1.0549994e+04	   2.6849890e-04	
   1.0560022e+04	   2.6850670e-04	
   1.0569992e+04	   2.6849380e-04	
   1.0580020e+04	   2.6848840e-04	
   1.0589990e+04	   2.6847560e-04	
   1.0600018e+04	   2.6849950e-04	
   1.0609987e+04	   2.6854210e-04	
   1.0620015e+04	   2.6848640e-04	
   1.0630014e+04	   2.6853750e-04	
   1.0640042e+04	   2.6850950e-04	
   1.0650012e+04	   2.6853330e-04	
   1.0660040e+04	   2.6842410e-04	
   1.0670010e+04	   2.6841340e-04	
   1.0680037e+04	   2.6841470e-04	
   1.0690036e+04	   2.6838980e-04	
   1.0700006e+04	   2.6830870e-04	
   1.0710033e+04	   2.6845940e-04	
   1.0720033e+04	   2.6882170e-04	
   1.0730002e+04	   2.6917470e-04	
   1.0740030e+04	   2.6947490e-04	
   1.0750000e+04	   2.6966540e-04	
   1.0759999e+04	   2.6974340e-04	
   1.0770027e+04	   2.6983540e-04	
   1.0779997e+04	   2.6965440e-04	
   1.0790025e+04	   2.6927350e-04	
   1.0800023e+04	   2.6878180e-04	
   1.0810022e+04	   2.6793290e-04	
   1.0819992e+04	   2.6689850e-04	
   1.0830020e+04	   2.6540760e-04	
   1.0839990e+04	   2.6352260e-04	
   1.0850018e+04	   2.6124990e-04	
   1.0860016e+04	   2.5841290e-04	
   1.0869986e+04	   2.5494010e-04	
   1.0880014e+04	   2.5065580e-04	
   1.0890042e+04	   2.4574160e-04	
   1.0900041e+04	   2.3977480e-04	
   1.0910010e+04	   2.3283150e-04	
   1.0920038e+04	   2.2483920e-04	
   1.0930037e+04	   2.1596410e-04	
   1.0940007e+04	   2.0562320e-04	
   1.0950035e+04	   1.9450830e-04	
   1.0960005e+04	   1.8237170e-04	
   1.0970033e+04	   1.6951470e-04	
   1.0980002e+04	   1.5609500e-04	
   1.0990030e+04	   1.4256510e-04	
   1.1000000e+04	   1.2880990e-04	
   1.1010028e+04	   1.1528230e-04	
   1.1019998e+04	   1.0254870e-04	
   1.1030025e+04	   9.0250660e-05	
   1.1040025e+04	   7.8700640e-05	
   1.1049994e+04	   6.7773570e-05	
   1.1060022e+04	   5.8335570e-05	
   1.1070021e+04	   4.9742760e-05	
   1.1079990e+04	   4.2309730e-05	
   1.1090018e+04	   3.5681770e-05	
   1.1100018e+04	   3.0202430e-05	
   1.1109987e+04	   2.5295010e-05	
   1.1119986e+04	   2.1074370e-05	
   1.1130043e+04	   1.7617810e-05	
   1.1140013e+04	   1.4567680e-05	
   1.1150041e+04	   1.2000630e-05	
   1.1160040e+04	   9.8885230e-06	
   1.1170010e+04	   8.1617910e-06	
   1.1180037e+04	   6.5885210e-06	
   1.1190036e+04	   5.4394130e-06	
   1.1200035e+04	   4.4856530e-06	
   1.1210033e+04	   3.7255350e-06	
   1.1220003e+04	   3.1362300e-06	
   1.1230031e+04	   2.6600010e-06	
   1.1240030e+04	   2.3107490e-06	
   1.1250030e+04	   2.0244780e-06	
   1.1259999e+04	   1.8279920e-06	
   1.1270027e+04	   1.6423730e-06	
   1.1280025e+04	   1.4949320e-06	
   1.1289995e+04	   1.3920520e-06	
   1.1300023e+04	   1.2964930e-06	
   1.1310022e+04	   1.2386480e-06	
   1.1320021e+04	   1.1733160e-06	
   1.1329990e+04	   1.1292700e-06	
   1.1340018e+04	   1.0826950e-06	
   1.1349988e+04	   1.0498470e-06	
   1.1360016e+04	   1.0221130e-06	
   1.1369986e+04	   9.9270310e-07	
   1.1380043e+04	   9.6916990e-07	
   1.1390013e+04	   9.4212480e-07	
   1.1400041e+04	   9.1718570e-07	
   1.1410010e+04	   8.9597970e-07	
   1.1420038e+04	   8.7076190e-07	
   1.1430037e+04	   8.4832780e-07	
   1.1440007e+04	   8.2714560e-07	
   1.1450035e+04	   8.0698620e-07	
   1.1460033e+04	   7.9084930e-07	
   1.1470003e+04	   7.7383370e-07	
   1.1480031e+04	   7.5881320e-07	
   1.1490001e+04	   7.4663620e-07	
   1.1500000e+04	   7.3483940e-07	
   1.1510028e+04	   7.2408110e-07	
   1.1519998e+04	   7.1498810e-07	
   1.1530025e+04	   7.0657250e-07	
   1.1539995e+04	   6.9856880e-07	
   1.1550023e+04	   6.9230720e-07	
   1.1559993e+04	   6.8696080e-07	
   1.1570021e+04	   6.8025420e-07	
   1.1579990e+04	   6.7468650e-07	
   1.1590018e+04	   6.6985800e-07	
   1.1599988e+04	   6.6536210e-07	
   1.1609987e+04	   6.6025840e-07	
   1.1620015e+04	   6.5432950e-07	
   1.1630014e+04	   6.4881610e-07	
   1.1640042e+04	   6.4283610e-07	
   1.1650041e+04	   6.3577560e-07	
   1.1660040e+04	   6.2989890e-07	
   1.1670010e+04	   6.2322780e-07	
   1.1680037e+04	   6.1865790e-07	
   1.1690007e+04	   6.1298330e-07	
   1.1700064e+04	   6.0755160e-07	
   1.1710005e+04	   6.0187310e-07	
   1.1720033e+04	   5.9795240e-07	
   1.1730002e+04	   5.9428260e-07	
   1.1740030e+04	   5.8654420e-07	
   1.1750000e+04	   5.8437760e-07	
   1.1760028e+04	   5.8093110e-07	
   1.1769998e+04	   5.8015690e-07	
   1.1780025e+04	   5.7582200e-07	
   1.1789995e+04	   5.7250320e-07	
   1.1800023e+04	   5.6863830e-07	
   1.1809993e+04	   5.6446830e-07	
   1.1820021e+04	   5.5943270e-07	
   1.1829990e+04	   5.5736580e-07	
   1.1840018e+04	   5.4983280e-07	
   1.1849988e+04	   5.4482720e-07	
   1.1860016e+04	   5.3975420e-07	
   1.1869986e+04	   5.3358260e-07	
   1.1880073e+04	   5.2905110e-07	
   1.1890013e+04	   5.2318500e-07	
   1.1900012e+04	   5.1572080e-07	
   1.1910040e+04	   5.1091620e-07	
   1.1920010e+04	   5.0666110e-07	
   1.1930037e+04	   5.0079740e-07	
   1.1940007e+04	   4.9490020e-07	
   1.1950035e+04	   4.9091510e-07	
   1.1960005e+04	   4.8569110e-07	
   1.1970033e+04	   4.8049140e-07	
   1.1980002e+04	   4.7513720e-07	
   1.1990030e+04	   4.7002950e-07	
   1.2000000e+04	   4.6435230e-07	
