   1.0000030e+04	   2.6674140e-04	
   1.0009999e+04	   2.6676410e-04	
   1.0020027e+04	   2.6677380e-04	
   1.0030025e+04	   2.6678580e-04	
   1.0039995e+04	   2.6680920e-04	
   1.0050023e+04	   2.6683170e-04	
   1.0060022e+04	   2.6685850e-04	
   1.0070021e+04	   2.6689030e-04	
   1.0079990e+04	   2.6691210e-04	
   1.0090018e+04	   2.6693930e-04	
   1.0100018e+04	   2.6697910e-04	
   1.0109987e+04	   2.6700290e-04	
   1.0120015e+04	   2.6703030e-04	
   1.0130043e+04	   2.6705570e-04	
   1.0140042e+04	   2.6709680e-04	
   1.0150041e+04	   2.6712080e-04	
   1.0160010e+04	   2.6715280e-04	
   1.0170038e+04	   2.6718760e-04	
   1.0180008e+04	   2.6722250e-04	
   1.0190036e+04	   2.6725670e-04	
   1.0200006e+04	   2.6729720e-04	
   1.0210033e+04	   2.6733450e-04	
   1.0220033e+04	   2.6735360e-04	
   1.0230002e+04	   2.6737980e-04	
   1.0240030e+04	   2.6741640e-04	
   1.0250000e+04	   2.6744670e-04	
   1.0260028e+04	   2.6748340e-04	
   1.0270027e+04	   2.6750890e-04	
   1.0279997e+04	   2.6754480e-04	
   1.0290025e+04	   2.6755090e-04	
   1.0300023e+04	   2.6757680e-04	
   1.0309993e+04	   2.6761230e-04	
   1.0320021e+04	   2.6761620e-04	
   1.0329990e+04	   2.6765290e-04	
   1.0340018e+04	   2.6768140e-04	
   1.0349988e+04	   2.6769600e-04	
   1.0360016e+04	   2.6772510e-04	
   1.0369986e+04	   2.6774320e-04	
   1.0380043e+04	   2.6776250e-04	
   1.0390013e+04	   2.6780050e-04	
   1.0400041e+04	   2.6779580e-04	
   1.0410010e+04	   2.6779390e-04	
   1.0420038e+04	   2.6783650e-04	
   1.0430008e+04	   2.6786600e-04	
   1.0440036e+04	   2.6789050e-04	
   1.0450006e+04	   2.6790900e-04	
   1.0460033e+04	   2.6789730e-04	
   1.0470003e+04	   2.6795460e-04	
   1.0480031e+04	   2.6800280e-04	
   1.0490030e+04	   2.6802940e-04	
   1.0500000e+04	   2.6800290e-04	
   1.0510028e+04	   2.6805030e-04	
   1.0519998e+04	   2.6812820e-04	
   1.0530025e+04	   2.6819160e-04	
   1.0539995e+04	   2.6826730e-04	
   1.0549994e+04	   2.6885550e-04	
   1.0560022e+04	   2.6958130e-04	
   1.0569992e+04	   2.7037940e-04	
   1.0579990e+04	   2.7093710e-04	
   1.0589990e+04	   2.7171590e-04	
   1.0600018e+04	   2.7242840e-04	
   1.0609987e+04	   2.7317750e-04	
   1.0620015e+04	   2.7384480e-04	
   1.0630014e+04	   2.7448340e-04	
   1.0640042e+04	   2.7512490e-04	
   1.0650012e+04	   2.7570230e-04	
   1.0660010e+04	   2.7631050e-04	
   1.0670038e+04	   2.7691500e-04	
   1.0680008e+04	   2.7744370e-04	
   1.0690036e+04	   2.7801730e-04	
   1.0700035e+04	   2.7854290e-04	
   1.0710005e+04	   2.7909970e-04	
   1.0720033e+04	   2.7959020e-04	
   1.0730031e+04	   2.8007060e-04	
   1.0740001e+04	   2.8057970e-04	
   1.0750030e+04	   2.8103700e-04	
   1.0759999e+04	   2.8146680e-04	
   1.0770027e+04	   2.8190160e-04	
   1.0779997e+04	   2.8228250e-04	
   1.0790025e+04	   2.8269440e-04	
   1.0799994e+04	   2.8306790e-04	
   1.0810022e+04	   2.8342680e-04	
   1.0819992e+04	   2.8375380e-04	
   1.0830020e+04	   2.8412130e-04	
   1.0839990e+04	   2.8438390e-04	
   1.0850018e+04	   2.8464810e-04	
   1.0859987e+04	   2.8484210e-04	
   1.0869986e+04	   2.8501060e-04	
   1.0880043e+04	   2.8507580e-04	
   1.0890013e+04	   2.8509450e-04	
   1.0900041e+04	   2.8499320e-04	
   1.0910040e+04	   2.8476910e-04	
   1.0920010e+04	   2.8436500e-04	
   1.0930037e+04	   2.8385470e-04	
   1.0940007e+04	   2.8313480e-04	
   1.0950035e+04	   2.8207420e-04	
   1.0960033e+04	   2.8084300e-04	
   1.0970003e+04	   2.7917860e-04	
   1.0980002e+04	   2.7705160e-04	
   1.0990030e+04	   2.7433660e-04	
   1.1000000e+04	   2.7091080e-04	
   1.1010028e+04	   2.6678210e-04	
   1.1019998e+04	   2.6179970e-04	
   1.1030025e+04	   2.5572820e-04	
   1.1040025e+04	   2.4852110e-04	
   1.1049994e+04	   2.4012820e-04	
   1.1060022e+04	   2.3048880e-04	
   1.1070021e+04	   2.1983520e-04	
   1.1079990e+04	   2.0806650e-04	
   1.1090018e+04	   1.9514530e-04	
   1.1100018e+04	   1.8148530e-04	
   1.1109987e+04	   1.6719650e-04	
   1.1120015e+04	   1.5215480e-04	
   1.1130043e+04	   1.3678940e-04	
   1.1140013e+04	   1.2170110e-04	
   1.1150041e+04	   1.0677270e-04	
   1.1160040e+04	   9.2864200e-05	
   1.1170010e+04	   7.9883400e-05	
   1.1180037e+04	   6.7723270e-05	
   1.1190036e+04	   5.7254870e-05	
   1.1200035e+04	   4.8046690e-05	
   1.1210005e+04	   3.9896970e-05	
   1.1220033e+04	   3.2977260e-05	
   1.1230002e+04	   2.7154020e-05	
   1.1240030e+04	   2.2306760e-05	
   1.1250030e+04	   1.8392910e-05	
   1.1259999e+04	   1.5081960e-05	
   1.1270027e+04	   1.2491450e-05	
   1.1280025e+04	   1.0417620e-05	
   1.1289995e+04	   8.7143490e-06	
   1.1300023e+04	   7.2968610e-06	
   1.1309993e+04	   6.1502760e-06	
   1.1320021e+04	   5.2002450e-06	
   1.1330020e+04	   4.4093210e-06	
   1.1339990e+04	   3.7711030e-06	
   1.1350018e+04	   3.2395620e-06	
   1.1360016e+04	   2.8004300e-06	
   1.1369986e+04	   2.4353610e-06	
   1.1380043e+04	   2.1486680e-06	
   1.1390013e+04	   1.9066540e-06	
   1.1400041e+04	   1.7178800e-06	
   1.1410010e+04	   1.5602850e-06	
   1.1420038e+04	   1.4312180e-06	
   1.1430037e+04	   1.3236930e-06	
   1.1440007e+04	   1.2418060e-06	
   1.1450035e+04	   1.1617820e-06	
   1.1460033e+04	   1.0950860e-06	
   1.1470003e+04	   1.0254590e-06	
   1.1480031e+04	   9.7584440e-07	
   1.1490001e+04	   9.2792920e-07	
   1.1500030e+04	   8.8748540e-07	
   1.1510028e+04	   8.4896240e-07	
   1.1519998e+04	   8.1641390e-07	
   1.1530025e+04	   7.8752380e-07	
   1.1540025e+04	   7.6097350e-07	
   1.1549994e+04	   7.3666210e-07	
   1.1560022e+04	   7.1747920e-07	
   1.1569992e+04	   6.9651970e-07	
   1.1580020e+04	   6.7295470e-07	
   1.1590018e+04	   6.5582530e-07	
   1.1599988e+04	   6.3942240e-07	
   1.1610016e+04	   6.2647150e-07	
   1.1619986e+04	   6.1414990e-07	
   1.1630043e+04	   6.0293480e-07	
   1.1640042e+04	   5.9202990e-07	
   1.1650012e+04	   5.8305530e-07	
   1.1660040e+04	   5.7518560e-07	
   1.1670010e+04	   5.6735220e-07	
   1.1680037e+04	   5.6114400e-07	
   1.1690007e+04	   5.5330510e-07	
   1.1700035e+04	   5.4736400e-07	
   1.1710033e+04	   5.4049230e-07	
   1.1720003e+04	   5.3216250e-07	
   1.1730031e+04	   5.2435540e-07	
   1.1740030e+04	   5.1735460e-07	
   1.1750000e+04	   5.1023030e-07	
   1.1760028e+04	   5.0279740e-07	
   1.1770027e+04	   4.9665300e-07	
   1.1780025e+04	   4.8990060e-07	
   1.1789995e+04	   4.8423700e-07	
   1.1800023e+04	   4.7864800e-07	
   1.1810022e+04	   4.7300290e-07	
   1.1819992e+04	   4.6872170e-07	
   1.1830020e+04	   4.6435210e-07	
   1.1839990e+04	   4.6064940e-07	
   1.1850018e+04	   4.5738680e-07	
   1.1860016e+04	   4.5419010e-07	
   1.1869986e+04	   4.5183200e-07	
   1.1880073e+04	   4.4922480e-07	
   1.1890013e+04	   4.4606160e-07	
   1.1900041e+04	   4.4288420e-07	
   1.1910010e+04	   4.4023240e-07	
   1.1920038e+04	   4.3698590e-07	
   1.1930008e+04	   4.3329660e-07	
   1.1940065e+04	   4.2935350e-07	
   1.1950006e+04	   4.2556750e-07	
   1.1960005e+04	   4.2106630e-07	
   1.1970033e+04	   4.1594300e-07	
   1.1980031e+04	   4.1129050e-07	
   1.1990030e+04	   4.0643050e-07	
   1.2000000e+04	   4.0041940e-07	
