   8.0000296e+03	   3.0688910e-04	
   8.0100279e+03	   2.6634030e-04	
   8.0200272e+03	   2.6635590e-04	
   8.0300255e+03	   2.6638260e-04	
   8.0400248e+03	   2.6642920e-04	
   8.0500231e+03	   2.6647290e-04	
   8.0600224e+03	   2.6651660e-04	
   8.0700207e+03	   2.6657330e-04	
   8.0800200e+03	   2.6661670e-04	
   8.0900183e+03	   2.6667270e-04	
   8.1000175e+03	   2.6671440e-04	
   8.1100159e+03	   2.6675210e-04	
   8.1200151e+03	   2.6680220e-04	
   8.1300430e+03	   2.6685820e-04	
   8.1400423e+03	   2.6689900e-04	
   8.1500406e+03	   2.6694320e-04	
   8.1600399e+03	   2.6696300e-04	
   8.1700382e+03	   2.6703500e-04	
   8.1800375e+03	   2.6708530e-04	
   8.1900358e+03	   2.6710680e-04	
   8.2000351e+03	   2.6712920e-04	
   8.2100334e+03	   2.6716870e-04	
   8.2200327e+03	   2.6719360e-04	
   8.2300310e+03	   2.6722170e-04	
   8.2400303e+03	   2.6725150e-04	
   8.2500296e+03	   2.6727380e-04	
   8.2600279e+03	   2.6730840e-04	
   8.2700272e+03	   2.6734820e-04	
   8.2800255e+03	   2.6738180e-04	
   8.2900248e+03	   2.6742700e-04	
   8.3000231e+03	   2.6748830e-04	
   8.3100224e+03	   2.6757190e-04	
   8.3200207e+03	   2.6798080e-04	
   8.3300200e+03	   2.6914450e-04	
   8.3400183e+03	   2.7013220e-04	
   8.3500175e+03	   2.7131200e-04	
   8.3600159e+03	   2.7248700e-04	
   8.3700151e+03	   2.7363870e-04	
   8.3800430e+03	   2.7466230e-04	
   8.3900127e+03	   2.7566300e-04	
   8.4000702e+03	   2.7662550e-04	
   8.4100103e+03	   2.7759020e-04	
   8.4200382e+03	   2.7850510e-04	
   8.4300375e+03	   2.7937830e-04	
   8.4400358e+03	   2.8029260e-04	
   8.4500351e+03	   2.8094850e-04	
   8.4600630e+03	   2.8182310e-04	
   8.4700327e+03	   2.8256200e-04	
   8.4800606e+03	   2.8324840e-04	
   8.4900303e+03	   2.8391280e-04	
   8.5000582e+03	   2.8447060e-04	
   8.5100279e+03	   2.8504050e-04	
   8.5200558e+03	   2.8555180e-04	
   8.5300255e+03	   2.8595380e-04	
   8.5400248e+03	   2.8625100e-04	
   8.5500231e+03	   2.8647140e-04	
   8.5600224e+03	   2.8662980e-04	
   8.5700207e+03	   2.8667960e-04	
   8.5800200e+03	   2.8652210e-04	
   8.5900183e+03	   2.8628330e-04	
   8.6000175e+03	   2.8586270e-04	
   8.6100454e+03	   2.8512350e-04	
   8.6200151e+03	   2.8412560e-04	
   8.6300144e+03	   2.8275600e-04	
   8.6400709e+03	   2.8083250e-04	
   8.6500406e+03	   2.7830530e-04	
   8.6600399e+03	   2.7513680e-04	
   8.6700382e+03	   2.7120350e-04	
   8.6800375e+03	   2.6642790e-04	
   8.6900358e+03	   2.6026730e-04	
   8.7000351e+03	   2.5325200e-04	
   8.7100334e+03	   2.4508820e-04	
   8.7200327e+03	   2.3563860e-04	
   8.7300310e+03	   2.2502600e-04	
   8.7400303e+03	   2.1345700e-04	
   8.7500582e+03	   2.0095040e-04	
   8.7599993e+03	   1.8741480e-04	
   8.7700558e+03	   1.7366290e-04	
   8.7800255e+03	   1.5933910e-04	
   8.7900248e+03	   1.4504790e-04	
   8.8000231e+03	   1.3080540e-04	
   8.8100224e+03	   1.1674050e-04	
   8.8200207e+03	   1.0291860e-04	
   8.8299904e+03	   8.9797150e-05	
   8.8400183e+03	   7.7114940e-05	
   8.8500175e+03	   6.5381490e-05	
   8.8600159e+03	   5.5230890e-05	
   8.8700151e+03	   4.5955200e-05	
   8.8800430e+03	   3.7583560e-05	
   8.8900423e+03	   3.0900960e-05	
   8.9000406e+03	   2.4969090e-05	
   8.9100685e+03	   2.0184450e-05	
   8.9200096e+03	   1.5977400e-05	
   8.9300375e+03	   1.2853310e-05	
   8.9400358e+03	   1.0467510e-05	
   8.9500351e+03	   8.5766210e-06	
   8.9600334e+03	   7.1562680e-06	
   8.9700031e+03	   5.9819320e-06	
   8.9800606e+03	   5.1149550e-06	
   8.9900007e+03	   4.3948830e-06	
   9.0000296e+03	   3.8172540e-06	
   9.0100279e+03	   3.3901650e-06	
   9.0200272e+03	   3.0133740e-06	
   9.0300255e+03	   2.6924530e-06	
   9.0400248e+03	   2.4582670e-06	
   9.0500231e+03	   2.1828010e-06	
   9.0599928e+03	   1.9849100e-06	
   9.0700207e+03	   1.8046620e-06	
   9.0799904e+03	   1.6652480e-06	
   9.0900183e+03	   1.5379820e-06	
   9.1000175e+03	   1.4351050e-06	
   9.1100159e+03	   1.3543990e-06	
   9.1200151e+03	   1.2765510e-06	
   9.1300430e+03	   1.1922830e-06	
   9.1400423e+03	   1.1395420e-06	
   9.1500406e+03	   1.0824290e-06	
   9.1600399e+03	   1.0201160e-06	
   9.1700382e+03	   9.7382710e-07	
   9.1800375e+03	   9.2096650e-07	
   9.1900358e+03	   8.7608770e-07	
   9.2000351e+03	   8.2785860e-07	
   9.2100334e+03	   7.8764210e-07	
   9.2200327e+03	   7.4773470e-07	
   9.2300310e+03	   7.1081850e-07	
   9.2400303e+03	   6.7791340e-07	
   9.2500296e+03	   6.5132640e-07	
   9.2600279e+03	   6.2840810e-07	
   9.2700272e+03	   6.0679180e-07	
   9.2800255e+03	   5.8810240e-07	
   9.2899952e+03	   5.7307700e-07	
   9.3000231e+03	   5.6008710e-07	
   9.3100224e+03	   5.4943040e-07	
   9.3200207e+03	   5.3922580e-07	
   9.3300200e+03	   5.3036580e-07	
   9.3400183e+03	   5.2274480e-07	
   9.3500175e+03	   5.1675190e-07	
   9.3600159e+03	   5.1094760e-07	
   9.3700151e+03	   5.0513250e-07	
   9.3800430e+03	   4.9964560e-07	
   9.3900423e+03	   4.9385620e-07	
   9.4000406e+03	   4.8830550e-07	
   9.4100399e+03	   4.8245990e-07	
   9.4200382e+03	   4.7616940e-07	
   9.4300375e+03	   4.6986340e-07	
   9.4400072e+03	   4.6354880e-07	
   9.4500351e+03	   4.5619110e-07	
   9.4600048e+03	   4.4914570e-07	
   9.4700327e+03	   4.4230510e-07	
   9.4800024e+03	   4.3491770e-07	
   9.4900303e+03	   4.2770700e-07	
   9.5000000e+03	   4.2097470e-07	
   9.5100279e+03	   4.1365490e-07	
   9.5199976e+03	   4.0750460e-07	
   9.5300255e+03	   4.0112240e-07	
   9.5399952e+03	   3.9417420e-07	
   9.5500231e+03	   3.8770360e-07	
   9.5599928e+03	   3.8160100e-07	
   9.5700207e+03	   3.7529290e-07	
   9.5800200e+03	   3.6995750e-07	
   9.5899897e+03	   3.6428000e-07	
   9.5999880e+03	   3.5953300e-07	
   9.6100159e+03	   3.5478610e-07	
   9.6199856e+03	   3.5071070e-07	
   9.6300430e+03	   3.4664230e-07	
   9.6400127e+03	   3.4260290e-07	
   9.6500406e+03	   3.3861360e-07	
   9.6600103e+03	   3.3508390e-07	
   9.6700382e+03	   3.3220490e-07	
   9.6800375e+03	   3.2994100e-07	
   9.6900358e+03	   3.2652260e-07	
   9.7000055e+03	   3.2492300e-07	
   9.7100334e+03	   3.2257380e-07	
   9.7200031e+03	   3.2106600e-07	
   9.7300310e+03	   3.1865770e-07	
   9.7400007e+03	   3.1630800e-07	
   9.7500296e+03	   3.1374070e-07	
   9.7599993e+03	   3.1140620e-07	
   9.7700272e+03	   3.0802060e-07	
   9.7800255e+03	   3.0557250e-07	
   9.7899952e+03	   3.0209160e-07	
   9.8000231e+03	   2.9932280e-07	
   9.8099928e+03	   2.9641320e-07	
   9.8200207e+03	   2.9383220e-07	
   9.8299904e+03	   2.9104470e-07	
   9.8399897e+03	   2.8801280e-07	
   9.8499880e+03	   2.8571490e-07	
   9.8600159e+03	   2.8293370e-07	
   9.8700151e+03	   2.8057200e-07	
   9.8800144e+03	   2.7828180e-07	
   9.8900423e+03	   2.7625210e-07	
   9.9000120e+03	   2.7409900e-07	
   9.9100103e+03	   2.7251060e-07	
   9.9200382e+03	   2.7042730e-07	
   9.9300079e+03	   2.6975880e-07	
   9.9400358e+03	   2.6768720e-07	
   9.9500055e+03	   2.6682470e-07	
   9.9600334e+03	   2.6616120e-07	
   9.9700031e+03	   2.6525850e-07	
   9.9800310e+03	   2.6447850e-07	
   9.9900303e+03	   2.6347580e-07	
   1.0000030e+04	   2.6212410e-07	
