   1.0000058e+04	   2.7018250e-04	
   1.0009999e+04	   2.7019780e-04	
   1.0020027e+04	   2.7018910e-04	
   1.0030025e+04	   2.7019830e-04	
   1.0039995e+04	   2.7021040e-04	
   1.0049994e+04	   2.7021600e-04	
   1.0060022e+04	   2.7021260e-04	
   1.0069992e+04	   2.7024390e-04	
   1.0080020e+04	   2.7026730e-04	
   1.0089990e+04	   2.7026890e-04	
   1.0100018e+04	   2.7026180e-04	
   1.0110016e+04	   2.7025100e-04	
   1.0119986e+04	   2.7025050e-04	
   1.0130043e+04	   2.7027390e-04	
   1.0140013e+04	   2.7029590e-04	
   1.0150041e+04	   2.7031380e-04	
   1.0160010e+04	   2.7031370e-04	
   1.0170038e+04	   2.7031010e-04	
   1.0180008e+04	   2.7031720e-04	
   1.0190036e+04	   2.7030430e-04	
   1.0200006e+04	   2.7034720e-04	
   1.0210033e+04	   2.7031060e-04	
   1.0220033e+04	   2.7033500e-04	
   1.0230002e+04	   2.7036470e-04	
   1.0240030e+04	   2.7037160e-04	
   1.0250000e+04	   2.7038930e-04	
   1.0259999e+04	   2.7040690e-04	
   1.0270056e+04	   2.7043310e-04	
   1.0279997e+04	   2.7040840e-04	
   1.0290025e+04	   2.7045410e-04	
   1.0300023e+04	   2.7046200e-04	
   1.0310022e+04	   2.7048130e-04	
   1.0319992e+04	   2.7061210e-04	
   1.0330020e+04	   2.7093710e-04	
   1.0339990e+04	   2.7119530e-04	
   1.0350018e+04	   2.7137880e-04	
   1.0360016e+04	   2.7164210e-04	
   1.0369986e+04	   2.7186780e-04	
   1.0380043e+04	   2.7213760e-04	
   1.0390013e+04	   2.7240920e-04	
   1.0400041e+04	   2.7262640e-04	
   1.0410010e+04	   2.7286630e-04	
   1.0420038e+04	   2.7311120e-04	
   1.0430037e+04	   2.7339610e-04	
   1.0440007e+04	   2.7357890e-04	
   1.0450035e+04	   2.7384240e-04	
   1.0460005e+04	   2.7410240e-04	
   1.0470033e+04	   2.7438060e-04	
   1.0480002e+04	   2.7457440e-04	
   1.0490030e+04	   2.7478630e-04	
   1.0500000e+04	   2.7500790e-04	
   1.0510028e+04	   2.7527750e-04	
   1.0519998e+04	   2.7549600e-04	
   1.0530025e+04	   2.7578530e-04	
   1.0539995e+04	   2.7598600e-04	
   1.0550023e+04	   2.7620270e-04	
   1.0560022e+04	   2.7641890e-04	
   1.0569992e+04	   2.7665960e-04	
   1.0580020e+04	   2.7688010e-04	
   1.0589990e+04	   2.7710860e-04	
   1.0600018e+04	   2.7733810e-04	
   1.0609987e+04	   2.7751570e-04	
   1.0620015e+04	   2.7776060e-04	
   1.0630014e+04	   2.7796740e-04	
   1.0640042e+04	   2.7817230e-04	
   1.0650041e+04	   2.7834060e-04	
   1.0660010e+04	   2.7867290e-04	
   1.0670010e+04	   2.7883540e-04	
   1.0680037e+04	   2.7900710e-04	
   1.0690036e+04	   2.7920210e-04	
   1.0700006e+04	   2.7941580e-04	
   1.0710033e+04	   2.7961620e-04	
   1.0720003e+04	   2.7981190e-04	
   1.0730031e+04	   2.8003770e-04	
   1.0740001e+04	   2.8023640e-04	
   1.0750030e+04	   2.8044290e-04	
   1.0759999e+04	   2.8057050e-04	
   1.0770027e+04	   2.8077290e-04	
   1.0779997e+04	   2.8093810e-04	
   1.0790025e+04	   2.8111460e-04	
   1.0799994e+04	   2.8126490e-04	
   1.0810022e+04	   2.8141070e-04	
   1.0819992e+04	   2.8157730e-04	
   1.0830020e+04	   2.8169460e-04	
   1.0839990e+04	   2.8175320e-04	
   1.0850018e+04	   2.8187300e-04	
   1.0859987e+04	   2.8198080e-04	
   1.0869986e+04	   2.8202900e-04	
   1.0880043e+04	   2.8207630e-04	
   1.0890013e+04	   2.8203290e-04	
   1.0900041e+04	   2.8195710e-04	
   1.0910010e+04	   2.8180130e-04	
   1.0920038e+04	   2.8154190e-04	
   1.0930037e+04	   2.8113630e-04	
   1.0940007e+04	   2.8049130e-04	
   1.0950035e+04	   2.7964110e-04	
   1.0960005e+04	   2.7841510e-04	
   1.0970033e+04	   2.7672020e-04	
   1.0980002e+04	   2.7446500e-04	
   1.0990030e+04	   2.7159900e-04	
   1.1000000e+04	   2.6799190e-04	
   1.1010028e+04	   2.6351160e-04	
   1.1019998e+04	   2.5817490e-04	
   1.1030025e+04	   2.5176360e-04	
   1.1040025e+04	   2.4426010e-04	
   1.1049994e+04	   2.3565190e-04	
   1.1060022e+04	   2.2591500e-04	
   1.1070021e+04	   2.1533060e-04	
   1.1079990e+04	   2.0377370e-04	
   1.1090018e+04	   1.9132420e-04	
   1.1099988e+04	   1.7824760e-04	
   1.1109987e+04	   1.6441140e-04	
   1.1120015e+04	   1.5037590e-04	
   1.1130043e+04	   1.3603650e-04	
   1.1140013e+04	   1.2150270e-04	
   1.1150012e+04	   1.0728730e-04	
   1.1160040e+04	   9.3973420e-05	
   1.1170010e+04	   8.1505260e-05	
   1.1180008e+04	   6.9887060e-05	
   1.1190036e+04	   5.9244780e-05	
   1.1200035e+04	   4.9384370e-05	
   1.1210005e+04	   4.0919320e-05	
   1.1220033e+04	   3.3464150e-05	
   1.1230002e+04	   2.7033660e-05	
   1.1240030e+04	   2.1624530e-05	
   1.1250000e+04	   1.7235460e-05	
   1.1260028e+04	   1.3768720e-05	
   1.1270027e+04	   1.0983240e-05	
   1.1279997e+04	   8.8576210e-06	
   1.1289995e+04	   7.2578300e-06	
   1.1300023e+04	   6.0140110e-06	
   1.1309993e+04	   5.1246080e-06	
   1.1320021e+04	   4.4514420e-06	
   1.1330020e+04	   3.9111940e-06	
   1.1339990e+04	   3.4886470e-06	
   1.1350018e+04	   3.1285920e-06	
   1.1359987e+04	   2.8318650e-06	
   1.1370015e+04	   2.5558290e-06	
   1.1380014e+04	   2.3250350e-06	
   1.1390013e+04	   2.1396680e-06	
   1.1400041e+04	   1.9544430e-06	
   1.1410010e+04	   1.8033370e-06	
   1.1420038e+04	   1.6477790e-06	
   1.1430037e+04	   1.5154500e-06	
   1.1440007e+04	   1.3995910e-06	
   1.1450035e+04	   1.3030880e-06	
   1.1460005e+04	   1.2291960e-06	
   1.1470033e+04	   1.1606580e-06	
   1.1480002e+04	   1.0890800e-06	
   1.1490030e+04	   1.0193290e-06	
   1.1500000e+04	   9.6351190e-07	
   1.1510028e+04	   9.0936730e-07	
   1.1519998e+04	   8.5377470e-07	
   1.1530025e+04	   8.0500630e-07	
   1.1539995e+04	   7.5679620e-07	
   1.1549994e+04	   7.1237700e-07	
   1.1560022e+04	   6.7351680e-07	
   1.1570021e+04	   6.3704950e-07	
   1.1579990e+04	   6.0155900e-07	
   1.1590018e+04	   5.6740590e-07	
   1.1599988e+04	   5.3902090e-07	
   1.1610016e+04	   5.1928390e-07	
   1.1619986e+04	   4.9608630e-07	
   1.1630014e+04	   4.7582930e-07	
   1.1640013e+04	   4.5899420e-07	
   1.1650041e+04	   4.4744010e-07	
   1.1660040e+04	   4.3324830e-07	
   1.1670010e+04	   4.2166720e-07	
   1.1680037e+04	   4.1451400e-07	
   1.1690007e+04	   4.0447100e-07	
   1.1700035e+04	   3.9741770e-07	
   1.1710005e+04	   3.8556330e-07	
   1.1720033e+04	   3.7659700e-07	
   1.1730002e+04	   3.7071920e-07	
   1.1740030e+04	   3.6240310e-07	
   1.1750000e+04	   3.5372620e-07	
   1.1760028e+04	   3.4428490e-07	
   1.1769998e+04	   3.3473520e-07	
   1.1780025e+04	   3.2584140e-07	
   1.1789995e+04	   3.1721610e-07	
   1.1800023e+04	   3.0779870e-07	
   1.1809993e+04	   3.0023010e-07	
   1.1820021e+04	   2.9227590e-07	
   1.1829990e+04	   2.8671230e-07	
   1.1840018e+04	   2.8221540e-07	
   1.1849988e+04	   2.7661690e-07	
   1.1860016e+04	   2.7008320e-07	
   1.1869957e+04	   2.6558590e-07	
   1.1880073e+04	   2.6209490e-07	
   1.1890013e+04	   2.5775130e-07	
   1.1900041e+04	   2.5208620e-07	
   1.1910010e+04	   2.4713440e-07	
   1.1920038e+04	   2.4300410e-07	
   1.1930008e+04	   2.3989560e-07	
   1.1940036e+04	   2.3632950e-07	
   1.1950035e+04	   2.3333590e-07	
   1.1960005e+04	   2.3014410e-07	
   1.1970033e+04	   2.2708940e-07	
   1.1980002e+04	   2.2431610e-07	
   1.1990030e+04	   2.2157640e-07	
   1.2000000e+04	   2.1889430e-07	
