   1.0000030e+04	   3.2295500e-04	
   1.0009999e+04	   2.8185260e-04	
   1.0020027e+04	   2.8171560e-04	
   1.0030025e+04	   2.8152870e-04	
   1.0039995e+04	   2.8146300e-04	
   1.0050023e+04	   2.8117230e-04	
   1.0059993e+04	   2.8096690e-04	
   1.0070021e+04	   2.8085770e-04	
   1.0080020e+04	   2.8069990e-04	
   1.0089990e+04	   2.8061170e-04	
   1.0100018e+04	   2.8039010e-04	
   1.0109987e+04	   2.8018230e-04	
   1.0120015e+04	   2.7996530e-04	
   1.0130014e+04	   2.8003100e-04	
   1.0140042e+04	   2.7968790e-04	
   1.0150041e+04	   2.7952620e-04	
   1.0160010e+04	   2.7939100e-04	
   1.0170038e+04	   2.7921510e-04	
   1.0180008e+04	   2.7910280e-04	
   1.0190036e+04	   2.7882690e-04	
   1.0200006e+04	   2.7862870e-04	
   1.0210033e+04	   2.7857660e-04	
   1.0220033e+04	   2.7832850e-04	
   1.0230002e+04	   2.7809020e-04	
   1.0240030e+04	   2.7801190e-04	
   1.0250000e+04	   2.7779630e-04	
   1.0259999e+04	   2.7762190e-04	
   1.0270027e+04	   2.7748070e-04	
   1.0279997e+04	   2.7732900e-04	
   1.0290025e+04	   2.7712640e-04	
   1.0300023e+04	   2.7695720e-04	
   1.0309993e+04	   2.7679570e-04	
   1.0320021e+04	   2.7653420e-04	
   1.0330020e+04	   2.7637240e-04	
   1.0339990e+04	   2.7624050e-04	
   1.0350018e+04	   2.7611590e-04	
   1.0359987e+04	   2.7586040e-04	
   1.0370015e+04	   2.7573320e-04	
   1.0380014e+04	   2.7551440e-04	
   1.0390042e+04	   2.7534140e-04	
   1.0400041e+04	   2.7519950e-04	
   1.0410010e+04	   2.7498400e-04	
   1.0420038e+04	   2.7474950e-04	
   1.0430037e+04	   2.7464800e-04	
   1.0440007e+04	   2.7439330e-04	
   1.0450035e+04	   2.7424300e-04	
   1.0460033e+04	   2.7403860e-04	
   1.0470003e+04	   2.7379200e-04	
   1.0480002e+04	   2.7355050e-04	
   1.0490030e+04	   2.7343440e-04	
   1.0500000e+04	   2.7317610e-04	
   1.0510028e+04	   2.7300040e-04	
   1.0519998e+04	   2.7274200e-04	
   1.0530025e+04	   2.7253190e-04	
   1.0539995e+04	   2.7228260e-04	
   1.0549994e+04	   2.7214420e-04	
   1.0560022e+04	   2.7205460e-04	
   1.0569992e+04	   2.7164260e-04	
   1.0580020e+04	   2.7146330e-04	
   1.0589990e+04	   2.7123100e-04	
   1.0600018e+04	   2.7092980e-04	
   1.0609987e+04	   2.7065310e-04	
   1.0620015e+04	   2.7045310e-04	
   1.0630014e+04	   2.7012150e-04	
   1.0640042e+04	   2.6979910e-04	
   1.0650012e+04	   2.6949410e-04	
   1.0660040e+04	   2.6906250e-04	
   1.0670010e+04	   2.6880450e-04	
   1.0680037e+04	   2.6846130e-04	
   1.0690007e+04	   2.6805620e-04	
   1.0700035e+04	   2.6752740e-04	
   1.0710005e+04	   2.6682230e-04	
   1.0720033e+04	   2.6582890e-04	
   1.0730002e+04	   2.6450770e-04	
   1.0740030e+04	   2.6278960e-04	
   1.0750000e+04	   2.6053760e-04	
   1.0759999e+04	   2.5763320e-04	
   1.0770027e+04	   2.5411030e-04	
   1.0779997e+04	   2.4975870e-04	
   1.0790025e+04	   2.4432310e-04	
   1.0799994e+04	   2.3804380e-04	
   1.0810022e+04	   2.3052080e-04	
   1.0819992e+04	   2.2198330e-04	
   1.0830020e+04	   2.1249800e-04	
   1.0839990e+04	   2.0193130e-04	
   1.0850018e+04	   1.9035260e-04	
   1.0860016e+04	   1.7828020e-04	
   1.0869986e+04	   1.6550000e-04	
   1.0880014e+04	   1.5235770e-04	
   1.0890042e+04	   1.3897670e-04	
   1.0900012e+04	   1.2517700e-04	
   1.0910040e+04	   1.1216490e-04	
   1.0920010e+04	   9.9438240e-05	
   1.0930037e+04	   8.6992940e-05	
   1.0940007e+04	   7.5352150e-05	
   1.0950035e+04	   6.4517300e-05	
   1.0960005e+04	   5.4746270e-05	
   1.0970003e+04	   4.5938930e-05	
   1.0980002e+04	   3.8192700e-05	
   1.0990030e+04	   3.1408370e-05	
   1.1000000e+04	   2.5666280e-05	
   1.1010028e+04	   2.0861930e-05	
   1.1019998e+04	   1.6930380e-05	
   1.1030025e+04	   1.3634380e-05	
   1.1040025e+04	   1.1014590e-05	
   1.1049994e+04	   9.0396820e-06	
   1.1060022e+04	   7.4265500e-06	
   1.1069992e+04	   6.1795450e-06	
   1.1079990e+04	   5.2384410e-06	
   1.1090018e+04	   4.5165990e-06	
   1.1099988e+04	   3.9611730e-06	
   1.1109987e+04	   3.5506720e-06	
   1.1119986e+04	   3.2282890e-06	
   1.1130043e+04	   2.9115810e-06	
   1.1140042e+04	   2.6547870e-06	
   1.1150012e+04	   2.4034040e-06	
   1.1160040e+04	   2.1978880e-06	
   1.1170010e+04	   2.0211130e-06	
   1.1180037e+04	   1.8674290e-06	
   1.1190007e+04	   1.7196130e-06	
   1.1200035e+04	   1.5831480e-06	
   1.1210005e+04	   1.4658120e-06	
   1.1220033e+04	   1.3619700e-06	
   1.1230002e+04	   1.2686200e-06	
   1.1240030e+04	   1.1875170e-06	
   1.1250030e+04	   1.1153020e-06	
   1.1259999e+04	   1.0500020e-06	
   1.1270027e+04	   9.9049510e-07	
   1.1279997e+04	   9.3549860e-07	
   1.1290025e+04	   8.8309460e-07	
   1.1300023e+04	   8.3275850e-07	
   1.1310022e+04	   7.8598170e-07	
   1.1320021e+04	   7.4641500e-07	
   1.1329990e+04	   7.0714190e-07	
   1.1340018e+04	   6.6947740e-07	
   1.1349988e+04	   6.3517400e-07	
   1.1360016e+04	   6.0467450e-07	
   1.1369986e+04	   5.7812310e-07	
   1.1380014e+04	   5.5401350e-07	
   1.1390042e+04	   5.3151090e-07	
   1.1400041e+04	   5.1335390e-07	
   1.1410010e+04	   4.9837940e-07	
   1.1420038e+04	   4.8476640e-07	
   1.1430008e+04	   4.7242210e-07	
   1.1440007e+04	   4.6165660e-07	
   1.1450035e+04	   4.5255690e-07	
   1.1460005e+04	   4.4363680e-07	
   1.1470033e+04	   4.3548230e-07	
   1.1480002e+04	   4.2648860e-07	
   1.1490001e+04	   4.1899380e-07	
   1.1500000e+04	   4.1124070e-07	
   1.1510028e+04	   4.0262290e-07	
   1.1519998e+04	   3.9440890e-07	
   1.1530025e+04	   3.8568860e-07	
   1.1539995e+04	   3.7718090e-07	
   1.1550023e+04	   3.6944550e-07	
   1.1560022e+04	   3.6081230e-07	
   1.1569992e+04	   3.5189750e-07	
   1.1580020e+04	   3.4503100e-07	
   1.1589990e+04	   3.3702930e-07	
   1.1600018e+04	   3.3035170e-07	
   1.1609987e+04	   3.2356150e-07	
   1.1619986e+04	   3.1790940e-07	
   1.1630014e+04	   3.1379560e-07	
   1.1640042e+04	   3.0851400e-07	
   1.1650041e+04	   3.0318830e-07	
   1.1660010e+04	   2.9826970e-07	
   1.1670038e+04	   2.9304870e-07	
   1.1680008e+04	   2.8851930e-07	
   1.1690036e+04	   2.8277420e-07	
   1.1700035e+04	   2.7789600e-07	
   1.1710005e+04	   2.7418510e-07	
   1.1720033e+04	   2.6976930e-07	
   1.1730002e+04	   2.6592100e-07	
   1.1740030e+04	   2.6222890e-07	
   1.1750000e+04	   2.5840380e-07	
   1.1760028e+04	   2.5495570e-07	
   1.1769998e+04	   2.5306490e-07	
   1.1780025e+04	   2.5051240e-07	
   1.1789995e+04	   2.4777290e-07	
   1.1800023e+04	   2.4475280e-07	
   1.1809993e+04	   2.4219560e-07	
   1.1820021e+04	   2.3966820e-07	
   1.1829990e+04	   2.3716460e-07	
   1.1840018e+04	   2.3461380e-07	
   1.1849988e+04	   2.3211650e-07	
   1.1860016e+04	   2.2932110e-07	
   1.1869986e+04	   2.2724110e-07	
   1.1880073e+04	   2.2494260e-07	
   1.1890013e+04	   2.2277700e-07	
   1.1900041e+04	   2.2080180e-07	
   1.1910010e+04	   2.1878730e-07	
   1.1920038e+04	   2.1715450e-07	
   1.1930008e+04	   2.1556630e-07	
   1.1940036e+04	   2.1400350e-07	
   1.1950035e+04	   2.1260570e-07	
   1.1960005e+04	   2.1112400e-07	
   1.1970033e+04	   2.0945750e-07	
   1.1980002e+04	   2.0796660e-07	
   1.1990030e+04	   2.0626750e-07	
   1.2000000e+04	   2.0466070e-07	
