   1.0000030e+04	   3.1162670e-04	
   1.0009999e+04	   2.7057200e-04	
   1.0019998e+04	   2.7058060e-04	
   1.0030025e+04	   2.7057490e-04	
   1.0039995e+04	   2.7056620e-04	
   1.0050023e+04	   2.7054910e-04	
   1.0059993e+04	   2.7055070e-04	
   1.0069992e+04	   2.7052450e-04	
   1.0080020e+04	   2.7052110e-04	
   1.0089990e+04	   2.7048880e-04	
   1.0100018e+04	   2.7049210e-04	
   1.0109987e+04	   2.7048290e-04	
   1.0120015e+04	   2.7048370e-04	
   1.0130014e+04	   2.7047150e-04	
   1.0140042e+04	   2.7044280e-04	
   1.0150012e+04	   2.7045380e-04	
   1.0160040e+04	   2.7043580e-04	
   1.0170010e+04	   2.7042350e-04	
   1.0180008e+04	   2.7041720e-04	
   1.0190036e+04	   2.7040570e-04	
   1.0200006e+04	   2.7038200e-04	
   1.0210033e+04	   2.7038490e-04	
   1.0220033e+04	   2.7036770e-04	
   1.0230002e+04	   2.7036650e-04	
   1.0240030e+04	   2.7035710e-04	
   1.0250000e+04	   2.7034640e-04	
   1.0259999e+04	   2.7032590e-04	
   1.0270027e+04	   2.7032390e-04	
   1.0280025e+04	   2.7030870e-04	
   1.0289995e+04	   2.7030330e-04	
   1.0300023e+04	   2.7029480e-04	
   1.0309993e+04	   2.7028310e-04	
   1.0320021e+04	   2.7026350e-04	
   1.0330020e+04	   2.7025210e-04	
   1.0339990e+04	   2.7024290e-04	
   1.0350018e+04	   2.7022960e-04	
   1.0360016e+04	   2.7022240e-04	
   1.0369986e+04	   2.7020960e-04	
   1.0380043e+04	   2.7020700e-04	
   1.0390013e+04	   2.7020540e-04	
   1.0400041e+04	   2.7018620e-04	
   1.0410010e+04	   2.7017660e-04	
   1.0420010e+04	   2.7017720e-04	
   1.0430037e+04	   2.7015740e-04	
   1.0440007e+04	   2.7015950e-04	
   1.0450035e+04	   2.7013920e-04	
   1.0460005e+04	   2.7013900e-04	
   1.0470003e+04	   2.7012510e-04	
   1.0480031e+04	   2.7011570e-04	
   1.0490001e+04	   2.7011100e-04	
   1.0500030e+04	   2.7009490e-04	
   1.0509999e+04	   2.7009230e-04	
   1.0520027e+04	   2.7007460e-04	
   1.0529997e+04	   2.7006520e-04	
   1.0540025e+04	   2.7005650e-04	
   1.0549994e+04	   2.7005820e-04	
   1.0560022e+04	   2.7004040e-04	
   1.0569992e+04	   2.7003650e-04	
   1.0580020e+04	   2.7001270e-04	
   1.0589990e+04	   2.7002210e-04	
   1.0600018e+04	   2.7001200e-04	
   1.0609987e+04	   2.7000840e-04	
   1.0619986e+04	   2.6999200e-04	
   1.0630014e+04	   2.6997920e-04	
   1.0640042e+04	   2.6997500e-04	
   1.0650012e+04	   2.6997600e-04	
   1.0660040e+04	   2.6996570e-04	
   1.0670010e+04	   2.6993860e-04	
   1.0680037e+04	   2.6992810e-04	
   1.0690007e+04	   2.6990320e-04	
   1.0700035e+04	   2.6989300e-04	
   1.0710033e+04	   2.6985990e-04	
   1.0720003e+04	   2.6985780e-04	
   1.0730031e+04	   2.6983330e-04	
   1.0740001e+04	   2.6981970e-04	
   1.0750030e+04	   2.6979760e-04	
   1.0759999e+04	   2.6978260e-04	
   1.0770027e+04	   2.6975440e-04	
   1.0779997e+04	   2.6972990e-04	
   1.0789995e+04	   2.6969120e-04	
   1.0800023e+04	   2.6967450e-04	
   1.0810022e+04	   2.6963760e-04	
   1.0819992e+04	   2.6959800e-04	
   1.0830020e+04	   2.6953770e-04	
   1.0839960e+04	   2.6948470e-04	
   1.0850018e+04	   2.6943440e-04	
   1.0859987e+04	   2.6938620e-04	
   1.0870015e+04	   2.6928140e-04	
   1.0880014e+04	   2.6918300e-04	
   1.0890042e+04	   2.6903020e-04	
   1.0900041e+04	   2.6884740e-04	
   1.0910010e+04	   2.6859550e-04	
   1.0920038e+04	   2.6819450e-04	
   1.0930008e+04	   2.6761360e-04	
   1.0940007e+04	   2.6686050e-04	
   1.0950035e+04	   2.6579750e-04	
   1.0960005e+04	   2.6438930e-04	
   1.0970003e+04	   2.6254000e-04	
   1.0980002e+04	   2.6022620e-04	
   1.0990030e+04	   2.5727570e-04	
   1.1000000e+04	   2.5361930e-04	
   1.1010028e+04	   2.4925930e-04	
   1.1019998e+04	   2.4418130e-04	
   1.1030025e+04	   2.3805490e-04	
   1.1040025e+04	   2.3098380e-04	
   1.1049994e+04	   2.2287780e-04	
   1.1060022e+04	   2.1391480e-04	
   1.1069992e+04	   2.0416400e-04	
   1.1079990e+04	   1.9356520e-04	
   1.1090018e+04	   1.8214130e-04	
   1.1100018e+04	   1.7019750e-04	
   1.1109987e+04	   1.5775670e-04	
   1.1119986e+04	   1.4487410e-04	
   1.1130043e+04	   1.3178700e-04	
   1.1140013e+04	   1.1868580e-04	
   1.1150012e+04	   1.0568510e-04	
   1.1160040e+04	   9.3230230e-05	
   1.1170010e+04	   8.1579300e-05	
   1.1180037e+04	   7.0352120e-05	
   1.1190007e+04	   6.0272300e-05	
   1.1200035e+04	   5.0990860e-05	
   1.1210005e+04	   4.2577210e-05	
   1.1220033e+04	   3.5227760e-05	
   1.1230002e+04	   2.8922530e-05	
   1.1240030e+04	   2.3448740e-05	
   1.1250000e+04	   1.8739990e-05	
   1.1259999e+04	   1.5030220e-05	
   1.1269998e+04	   1.1981890e-05	
   1.1280025e+04	   9.6063950e-06	
   1.1289995e+04	   7.7964080e-06	
   1.1300023e+04	   6.3651270e-06	
   1.1310022e+04	   5.3066260e-06	
   1.1319992e+04	   4.5177810e-06	
   1.1330020e+04	   3.9086730e-06	
   1.1339990e+04	   3.4863740e-06	
   1.1350018e+04	   3.1517370e-06	
   1.1359987e+04	   2.8894450e-06	
   1.1370015e+04	   2.6761020e-06	
   1.1380014e+04	   2.4906300e-06	
   1.1390013e+04	   2.3200020e-06	
   1.1400041e+04	   2.1699840e-06	
   1.1410010e+04	   2.0397340e-06	
   1.1420038e+04	   1.9048320e-06	
   1.1430008e+04	   1.7778340e-06	
   1.1440036e+04	   1.6579470e-06	
   1.1450006e+04	   1.5451890e-06	
   1.1460033e+04	   1.4454740e-06	
   1.1470003e+04	   1.3565990e-06	
   1.1480031e+04	   1.2692090e-06	
   1.1490001e+04	   1.1877540e-06	
   1.1500000e+04	   1.1135090e-06	
   1.1510028e+04	   1.0444620e-06	
   1.1519998e+04	   9.8265210e-07	
   1.1530025e+04	   9.2586110e-07	
   1.1539995e+04	   8.7090550e-07	
   1.1550023e+04	   8.1804390e-07	
   1.1560022e+04	   7.7245430e-07	
   1.1569992e+04	   7.2559870e-07	
   1.1580020e+04	   6.8670710e-07	
   1.1589990e+04	   6.4748060e-07	
   1.1600018e+04	   6.1206960e-07	
   1.1609987e+04	   5.7869980e-07	
   1.1620015e+04	   5.4964030e-07	
   1.1630014e+04	   5.2419450e-07	
   1.1640042e+04	   4.9810710e-07	
   1.1650012e+04	   4.7537460e-07	
   1.1660040e+04	   4.5434630e-07	
   1.1670010e+04	   4.3366350e-07	
   1.1680037e+04	   4.1559280e-07	
   1.1690007e+04	   3.9865240e-07	
   1.1700035e+04	   3.8390950e-07	
   1.1710005e+04	   3.7071420e-07	
   1.1720003e+04	   3.5932730e-07	
   1.1730031e+04	   3.4903920e-07	
   1.1740001e+04	   3.4004250e-07	
   1.1750000e+04	   3.3215370e-07	
   1.1759999e+04	   3.2488040e-07	
   1.1769998e+04	   3.1801640e-07	
   1.1780025e+04	   3.1185900e-07	
   1.1789995e+04	   3.0598410e-07	
   1.1800023e+04	   2.9993980e-07	
   1.1809993e+04	   2.9373580e-07	
   1.1820021e+04	   2.8823880e-07	
   1.1829990e+04	   2.8210170e-07	
   1.1839990e+04	   2.7649620e-07	
   1.1850018e+04	   2.7081850e-07	
   1.1860016e+04	   2.6517120e-07	
   1.1869957e+04	   2.6014570e-07	
   1.1880073e+04	   2.5503650e-07	
   1.1890013e+04	   2.4993040e-07	
   1.1900041e+04	   2.4500870e-07	
   1.1910010e+04	   2.4031680e-07	
   1.1920038e+04	   2.3601530e-07	
   1.1930008e+04	   2.3216390e-07	
   1.1940036e+04	   2.2831680e-07	
   1.1950035e+04	   2.2473430e-07	
   1.1960005e+04	   2.2141810e-07	
   1.1970033e+04	   2.1815520e-07	
   1.1980002e+04	   2.1540420e-07	
   1.1990030e+04	   2.1271380e-07	
   1.2000000e+04	   2.0967700e-07	
