   1.0000000e+04	   3.2765530e-04	
   1.0010028e+04	   2.8651880e-04	
   1.0019998e+04	   2.8648780e-04	
   1.0030025e+04	   2.8641260e-04	
   1.0039995e+04	   2.8628090e-04	
   1.0050023e+04	   2.8634470e-04	
   1.0060022e+04	   2.8631000e-04	
   1.0069992e+04	   2.8619790e-04	
   1.0080020e+04	   2.8620090e-04	
   1.0089990e+04	   2.8609580e-04	
   1.0100018e+04	   2.8613210e-04	
   1.0109987e+04	   2.8606210e-04	
   1.0120015e+04	   2.8594680e-04	
   1.0130014e+04	   2.8570110e-04	
   1.0140042e+04	   2.8570540e-04	
   1.0150041e+04	   2.8582850e-04	
   1.0160010e+04	   2.8571930e-04	
   1.0170038e+04	   2.8572600e-04	
   1.0180008e+04	   2.8563380e-04	
   1.0190036e+04	   2.8564070e-04	
   1.0200006e+04	   2.8550040e-04	
   1.0210033e+04	   2.8547950e-04	
   1.0220033e+04	   2.8543970e-04	
   1.0230002e+04	   2.8531050e-04	
   1.0240001e+04	   2.8524800e-04	
   1.0250030e+04	   2.8538290e-04	
   1.0259999e+04	   2.8536230e-04	
   1.0270027e+04	   2.8524400e-04	
   1.0280025e+04	   2.8521150e-04	
   1.0289995e+04	   2.8516970e-04	
   1.0300023e+04	   2.8508190e-04	
   1.0310022e+04	   2.8494260e-04	
   1.0319992e+04	   2.8489290e-04	
   1.0330020e+04	   2.8478030e-04	
   1.0339990e+04	   2.8470210e-04	
   1.0350018e+04	   2.8469770e-04	
   1.0360016e+04	   2.8465570e-04	
   1.0369986e+04	   2.8469970e-04	
   1.0380043e+04	   2.8464050e-04	
   1.0390013e+04	   2.8441100e-04	
   1.0400041e+04	   2.8425880e-04	
   1.0410010e+04	   2.8428890e-04	
   1.0420010e+04	   2.8434830e-04	
   1.0430037e+04	   2.8430850e-04	
   1.0440007e+04	   2.8425540e-04	
   1.0450035e+04	   2.8413890e-04	
   1.0460005e+04	   2.8402730e-04	
   1.0470003e+04	   2.8393010e-04	
   1.0480031e+04	   2.8390990e-04	
   1.0490030e+04	   2.8389280e-04	
   1.0500000e+04	   2.8365830e-04	
   1.0510028e+04	   2.8363370e-04	
   1.0519998e+04	   2.8366580e-04	
   1.0530025e+04	   2.8351860e-04	
   1.0539995e+04	   2.8342440e-04	
   1.0549994e+04	   2.8344920e-04	
   1.0560022e+04	   2.8331000e-04	
   1.0569992e+04	   2.8326510e-04	
   1.0580020e+04	   2.8317250e-04	
   1.0589990e+04	   2.8313960e-04	
   1.0600018e+04	   2.8306220e-04	
   1.0609987e+04	   2.8293360e-04	
   1.0620015e+04	   2.8290840e-04	
   1.0630014e+04	   2.8282370e-04	
   1.0640042e+04	   2.8268930e-04	
   1.0650012e+04	   2.8267280e-04	
   1.0660040e+04	   2.8257080e-04	
   1.0670010e+04	   2.8244080e-04	
   1.0680008e+04	   2.8233700e-04	
   1.0690036e+04	   2.8236370e-04	
   1.0700006e+04	   2.8229090e-04	
   1.0710033e+04	   2.8221180e-04	
   1.0720003e+04	   2.8203250e-04	
   1.0730031e+04	   2.8199500e-04	
   1.0740001e+04	   2.8196570e-04	
   1.0750030e+04	   2.8177410e-04	
   1.0759999e+04	   2.8164690e-04	
   1.0770027e+04	   2.8148310e-04	
   1.0779997e+04	   2.8154970e-04	
   1.0789995e+04	   2.8141970e-04	
   1.0800023e+04	   2.8115170e-04	
   1.0810022e+04	   2.8094770e-04	
   1.0819992e+04	   2.8083180e-04	
   1.0830020e+04	   2.8051750e-04	
   1.0839990e+04	   2.8024870e-04	
   1.0850018e+04	   2.7979400e-04	
   1.0859987e+04	   2.7920970e-04	
   1.0870015e+04	   2.7837890e-04	
   1.0880014e+04	   2.7726960e-04	
   1.0890042e+04	   2.7584890e-04	
   1.0900041e+04	   2.7389690e-04	
   1.0910010e+04	   2.7146010e-04	
   1.0920038e+04	   2.6845890e-04	
   1.0930008e+04	   2.6475350e-04	
   1.0940007e+04	   2.6028330e-04	
   1.0950035e+04	   2.5477530e-04	
   1.0960005e+04	   2.4853970e-04	
   1.0970033e+04	   2.4147740e-04	
   1.0980002e+04	   2.3327830e-04	
   1.0990030e+04	   2.2406540e-04	
   1.1000000e+04	   2.1376200e-04	
   1.1010028e+04	   2.0274100e-04	
   1.1019998e+04	   1.9120650e-04	
   1.1030025e+04	   1.7875340e-04	
   1.1040025e+04	   1.6577090e-04	
   1.1049994e+04	   1.5253310e-04	
   1.1060022e+04	   1.3901580e-04	
   1.1069992e+04	   1.2584930e-04	
   1.1079990e+04	   1.1274760e-04	
   1.1090018e+04	   1.0033440e-04	
   1.1100018e+04	   8.7916390e-05	
   1.1109987e+04	   7.6492240e-05	
   1.1119986e+04	   6.5444900e-05	
   1.1130043e+04	   5.5510780e-05	
   1.1140013e+04	   4.6793560e-05	
   1.1150041e+04	   3.8902560e-05	
   1.1160040e+04	   3.1840030e-05	
   1.1170010e+04	   2.5805290e-05	
   1.1180008e+04	   2.0797460e-05	
   1.1190036e+04	   1.6723940e-05	
   1.1200006e+04	   1.3420770e-05	
   1.1210033e+04	   1.0646820e-05	
   1.1220003e+04	   8.4504480e-06	
   1.1230031e+04	   6.8998710e-06	
   1.1240001e+04	   5.6114540e-06	
   1.1250030e+04	   4.6800050e-06	
   1.1259999e+04	   3.9996800e-06	
   1.1270027e+04	   3.4844110e-06	
   1.1279997e+04	   3.1209540e-06	
   1.1290025e+04	   2.8525210e-06	
   1.1299994e+04	   2.6048970e-06	
   1.1310022e+04	   2.4086070e-06	
   1.1319992e+04	   2.2396940e-06	
   1.1330020e+04	   2.0729860e-06	
   1.1339990e+04	   1.9502550e-06	
   1.1349988e+04	   1.8264620e-06	
   1.1360016e+04	   1.6956530e-06	
   1.1369986e+04	   1.5845680e-06	
   1.1380043e+04	   1.4640260e-06	
   1.1390013e+04	   1.3773560e-06	
   1.1400041e+04	   1.2836120e-06	
   1.1410010e+04	   1.2047870e-06	
   1.1420038e+04	   1.1241160e-06	
   1.1430008e+04	   1.0446950e-06	
   1.1440036e+04	   9.7562180e-07	
   1.1450006e+04	   9.1992230e-07	
   1.1460033e+04	   8.6040050e-07	
   1.1470003e+04	   8.0342400e-07	
   1.1480031e+04	   7.5260880e-07	
   1.1490001e+04	   7.0954230e-07	
   1.1500000e+04	   6.6106610e-07	
   1.1510028e+04	   6.1864060e-07	
   1.1519998e+04	   5.8201030e-07	
   1.1530025e+04	   5.5084230e-07	
   1.1539995e+04	   5.2021870e-07	
   1.1549994e+04	   4.9043500e-07	
   1.1560022e+04	   4.6405840e-07	
   1.1569992e+04	   4.4354080e-07	
   1.1580020e+04	   4.2395150e-07	
   1.1589990e+04	   4.0280020e-07	
   1.1600018e+04	   3.7913280e-07	
   1.1609987e+04	   3.6651050e-07	
   1.1620015e+04	   3.4922670e-07	
   1.1630014e+04	   3.3482220e-07	
   1.1640042e+04	   3.2158180e-07	
   1.1650012e+04	   3.0879720e-07	
   1.1660040e+04	   2.9932640e-07	
   1.1670010e+04	   2.9124150e-07	
   1.1680037e+04	   2.8276720e-07	
   1.1690007e+04	   2.7382760e-07	
   1.1700035e+04	   2.6838420e-07	
   1.1710033e+04	   2.6149500e-07	
   1.1720033e+04	   2.5566640e-07	
   1.1730002e+04	   2.5188620e-07	
   1.1740030e+04	   2.4398410e-07	
   1.1750000e+04	   2.3755140e-07	
   1.1759999e+04	   2.3440390e-07	
   1.1770027e+04	   2.2831520e-07	
   1.1780025e+04	   2.2173800e-07	
   1.1789995e+04	   2.1718230e-07	
   1.1800023e+04	   2.1171850e-07	
   1.1809993e+04	   2.0717770e-07	
   1.1820021e+04	   2.0138790e-07	
   1.1829990e+04	   1.9685420e-07	
   1.1839990e+04	   1.9245130e-07	
   1.1850018e+04	   1.8941420e-07	
   1.1859987e+04	   1.8490580e-07	
   1.1869986e+04	   1.8197740e-07	
   1.1880043e+04	   1.7818130e-07	
   1.1890013e+04	   1.7493780e-07	
   1.1900041e+04	   1.7209840e-07	
   1.1910010e+04	   1.6913790e-07	
   1.1920038e+04	   1.6613000e-07	
   1.1930037e+04	   1.6356880e-07	
   1.1940007e+04	   1.6119170e-07	
   1.1950035e+04	   1.5895500e-07	
   1.1960005e+04	   1.5681310e-07	
   1.1970033e+04	   1.5501440e-07	
   1.1980031e+04	   1.5295500e-07	
   1.1990001e+04	   1.5140890e-07	
   1.2000030e+04	   1.4958130e-07	
