   1.0000000e+04	   2.7053080e-04	
   1.0009999e+04	   2.7059600e-04	
   1.0020027e+04	   2.7053320e-04	
   1.0030025e+04	   2.7051370e-04	
   1.0039995e+04	   2.7052870e-04	
   1.0050023e+04	   2.7051670e-04	
   1.0059993e+04	   2.7051680e-04	
   1.0070021e+04	   2.7049230e-04	
   1.0079990e+04	   2.7049010e-04	
   1.0090018e+04	   2.7049520e-04	
   1.0099988e+04	   2.7052010e-04	
   1.0110016e+04	   2.7051050e-04	
   1.0120015e+04	   2.7048400e-04	
   1.0130014e+04	   2.7047220e-04	
   1.0140042e+04	   2.7048630e-04	
   1.0150041e+04	   2.7054490e-04	
   1.0160010e+04	   2.7049040e-04	
   1.0170038e+04	   2.7047050e-04	
   1.0180008e+04	   2.7046080e-04	
   1.0190036e+04	   2.7043580e-04	
   1.0200006e+04	   2.7046010e-04	
   1.0210033e+04	   2.7042500e-04	
   1.0220033e+04	   2.7040670e-04	
   1.0230002e+04	   2.7044160e-04	
   1.0240030e+04	   2.7038230e-04	
   1.0250000e+04	   2.7038420e-04	
   1.0259999e+04	   2.7039010e-04	
   1.0270027e+04	   2.7040310e-04	
   1.0280025e+04	   2.7043310e-04	
   1.0289995e+04	   2.7042020e-04	
   1.0300023e+04	   2.7038380e-04	
   1.0310022e+04	   2.7036850e-04	
   1.0319992e+04	   2.7037710e-04	
   1.0330020e+04	   2.7038130e-04	
   1.0339990e+04	   2.7036310e-04	
   1.0350018e+04	   2.7035550e-04	
   1.0359987e+04	   2.7038900e-04	
   1.0370015e+04	   2.7040560e-04	
   1.0380014e+04	   2.7039270e-04	
   1.0390042e+04	   2.7034680e-04	
   1.0400012e+04	   2.7038810e-04	
   1.0410040e+04	   2.7040910e-04	
   1.0420010e+04	   2.7037320e-04	
   1.0430037e+04	   2.7037980e-04	
   1.0440007e+04	   2.7039980e-04	
   1.0450006e+04	   2.7036820e-04	
   1.0460033e+04	   2.7042300e-04	
   1.0470003e+04	   2.7044580e-04	
   1.0480031e+04	   2.7038980e-04	
   1.0490001e+04	   2.7038190e-04	
   1.0500030e+04	   2.7043130e-04	
   1.0509999e+04	   2.7041710e-04	
   1.0520027e+04	   2.7042960e-04	
   1.0529997e+04	   2.7041460e-04	
   1.0539995e+04	   2.7041180e-04	
   1.0550023e+04	   2.7042720e-04	
   1.0560022e+04	   2.7043220e-04	
   1.0569992e+04	   2.7044550e-04	
   1.0580020e+04	   2.7043500e-04	
   1.0589990e+04	   2.7042380e-04	
   1.0600018e+04	   2.7044700e-04	
   1.0609987e+04	   2.7041870e-04	
   1.0620015e+04	   2.7044320e-04	
   1.0630014e+04	   2.7044000e-04	
   1.0640042e+04	   2.7044650e-04	
   1.0650041e+04	   2.7042940e-04	
   1.0660010e+04	   2.7042350e-04	
   1.0670010e+04	   2.7046500e-04	
   1.0680037e+04	   2.7044560e-04	
   1.0690036e+04	   2.7043040e-04	
   1.0700006e+04	   2.7045190e-04	
   1.0710033e+04	   2.7043940e-04	
   1.0720033e+04	   2.7048010e-04	
   1.0730002e+04	   2.7047570e-04	
   1.0740030e+04	   2.7045200e-04	
   1.0750000e+04	   2.7046550e-04	
   1.0760028e+04	   2.7044970e-04	
   1.0770027e+04	   2.7043260e-04	
   1.0779997e+04	   2.7046160e-04	
   1.0789995e+04	   2.7041170e-04	
   1.0800023e+04	   2.7040190e-04	
   1.0810022e+04	   2.7041120e-04	
   1.0819992e+04	   2.7040380e-04	
   1.0830020e+04	   2.7039900e-04	
   1.0839990e+04	   2.7037600e-04	
   1.0850018e+04	   2.7037800e-04	
   1.0859987e+04	   2.7038560e-04	
   1.0870015e+04	   2.7037790e-04	
   1.0880014e+04	   2.7034580e-04	
   1.0890042e+04	   2.7034500e-04	
   1.0900041e+04	   2.7031950e-04	
   1.0910010e+04	   2.7030330e-04	
   1.0920038e+04	   2.7029920e-04	
   1.0930008e+04	   2.7025460e-04	
   1.0940007e+04	   2.7021830e-04	
   1.0950035e+04	   2.7018060e-04	
   1.0960005e+04	   2.7014560e-04	
   1.0970033e+04	   2.7013200e-04	
   1.0980002e+04	   2.7005690e-04	
   1.0990030e+04	   2.7002820e-04	
   1.1000000e+04	   2.6994770e-04	
   1.1010028e+04	   2.6984660e-04	
   1.1019998e+04	   2.6971130e-04	
   1.1030025e+04	   2.6949520e-04	
   1.1040025e+04	   2.6921630e-04	
   1.1049994e+04	   2.6881180e-04	
   1.1060022e+04	   2.6820270e-04	
   1.1069992e+04	   2.6736050e-04	
   1.1079990e+04	   2.6624110e-04	
   1.1090018e+04	   2.6473030e-04	
   1.1099988e+04	   2.6280460e-04	
   1.1109987e+04	   2.6031390e-04	
   1.1119986e+04	   2.5715930e-04	
   1.1130043e+04	   2.5327420e-04	
   1.1140013e+04	   2.4862100e-04	
   1.1150041e+04	   2.4299870e-04	
   1.1160010e+04	   2.3652800e-04	
   1.1170038e+04	   2.2914300e-04	
   1.1180008e+04	   2.2086900e-04	
   1.1190036e+04	   2.1176120e-04	
   1.1200035e+04	   2.0164600e-04	
   1.1210033e+04	   1.9077800e-04	
   1.1220003e+04	   1.7895680e-04	
   1.1230031e+04	   1.6690800e-04	
   1.1240001e+04	   1.5412800e-04	
   1.1250030e+04	   1.4091590e-04	
   1.1259999e+04	   1.2822860e-04	
   1.1270027e+04	   1.1532100e-04	
   1.1279997e+04	   1.0282950e-04	
   1.1290025e+04	   9.1020970e-05	
   1.1300023e+04	   7.9548200e-05	
   1.1310022e+04	   6.9036810e-05	
   1.1319992e+04	   5.9362360e-05	
   1.1330020e+04	   5.0319780e-05	
   1.1339990e+04	   4.2438260e-05	
   1.1350018e+04	   3.5470450e-05	
   1.1359987e+04	   2.9147540e-05	
   1.1370015e+04	   2.3855480e-05	
   1.1380014e+04	   1.9410180e-05	
   1.1390042e+04	   1.5571740e-05	
   1.1400041e+04	   1.2577370e-05	
   1.1410010e+04	   1.0153070e-05	
   1.1420038e+04	   8.1739140e-06	
   1.1430008e+04	   6.6361070e-06	
   1.1440036e+04	   5.4934510e-06	
   1.1450035e+04	   4.6564460e-06	
   1.1460005e+04	   4.0019750e-06	
   1.1470033e+04	   3.5486160e-06	
   1.1480002e+04	   3.1820670e-06	
   1.1490030e+04	   2.9163880e-06	
   1.1500000e+04	   2.6809440e-06	
   1.1510028e+04	   2.4887360e-06	
   1.1519998e+04	   2.3490980e-06	
   1.1530025e+04	   2.2151140e-06	
   1.1539995e+04	   2.0889250e-06	
   1.1549994e+04	   1.9639080e-06	
   1.1560022e+04	   1.8403080e-06	
   1.1569992e+04	   1.7211490e-06	
   1.1580020e+04	   1.6117410e-06	
   1.1589990e+04	   1.5099620e-06	
   1.1600018e+04	   1.4156530e-06	
   1.1609987e+04	   1.3236470e-06	
   1.1620015e+04	   1.2416700e-06	
   1.1630014e+04	   1.1581440e-06	
   1.1640042e+04	   1.0851640e-06	
   1.1650012e+04	   1.0207660e-06	
   1.1660040e+04	   9.6292630e-07	
   1.1670010e+04	   9.0315730e-07	
   1.1680037e+04	   8.4682490e-07	
   1.1690007e+04	   7.9721740e-07	
   1.1700035e+04	   7.5078030e-07	
   1.1710033e+04	   7.0771810e-07	
   1.1720003e+04	   6.6398510e-07	
   1.1730031e+04	   6.2567730e-07	
   1.1740001e+04	   5.8745850e-07	
   1.1750030e+04	   5.5380210e-07	
   1.1759999e+04	   5.2001930e-07	
   1.1770027e+04	   4.9014250e-07	
   1.1779997e+04	   4.6210110e-07	
   1.1790025e+04	   4.3687040e-07	
   1.1799994e+04	   4.1542970e-07	
   1.1810022e+04	   3.9483630e-07	
   1.1819992e+04	   3.7662250e-07	
   1.1830020e+04	   3.6079770e-07	
   1.1839990e+04	   3.4654300e-07	
   1.1850018e+04	   3.3363190e-07	
   1.1860016e+04	   3.2518200e-07	
   1.1869986e+04	   3.1228240e-07	
   1.1880043e+04	   3.0316520e-07	
   1.1890013e+04	   2.9470130e-07	
   1.1900041e+04	   2.8932500e-07	
   1.1910010e+04	   2.8057050e-07	
   1.1920038e+04	   2.7483840e-07	
   1.1930037e+04	   2.7008260e-07	
   1.1940007e+04	   2.6211490e-07	
   1.1950035e+04	   2.5729990e-07	
   1.1960005e+04	   2.5154530e-07	
   1.1970033e+04	   2.4696930e-07	
   1.1980031e+04	   2.4057770e-07	
   1.1990001e+04	   2.3631750e-07	
   1.2000030e+04	   2.3041810e-07	
