   1.0000030e+04	   3.1111320e-04	
   1.0009999e+04	   2.7059570e-04	
   1.0020027e+04	   2.7058600e-04	
   1.0029997e+04	   2.7058470e-04	
   1.0040025e+04	   2.7060030e-04	
   1.0050023e+04	   2.7061280e-04	
   1.0059993e+04	   2.7061520e-04	
   1.0069992e+04	   2.7060690e-04	
   1.0080020e+04	   2.7060340e-04	
   1.0089990e+04	   2.7061340e-04	
   1.0100018e+04	   2.7061120e-04	
   1.0109987e+04	   2.7060960e-04	
   1.0120015e+04	   2.7060690e-04	
   1.0130014e+04	   2.7061380e-04	
   1.0140042e+04	   2.7061700e-04	
   1.0150012e+04	   2.7061930e-04	
   1.0160040e+04	   2.7061110e-04	
   1.0170010e+04	   2.7060660e-04	
   1.0180037e+04	   2.7061260e-04	
   1.0190007e+04	   2.7060810e-04	
   1.0200006e+04	   2.7060620e-04	
   1.0210033e+04	   2.7059810e-04	
   1.0220033e+04	   2.7061300e-04	
   1.0230002e+04	   2.7061790e-04	
   1.0240030e+04	   2.7061880e-04	
   1.0250000e+04	   2.7062560e-04	
   1.0259999e+04	   2.7060900e-04	
   1.0270027e+04	   2.7060730e-04	
   1.0280025e+04	   2.7060480e-04	
   1.0289995e+04	   2.7061910e-04	
   1.0300023e+04	   2.7061650e-04	
   1.0309993e+04	   2.7061130e-04	
   1.0320021e+04	   2.7060860e-04	
   1.0329990e+04	   2.7062440e-04	
   1.0340018e+04	   2.7062950e-04	
   1.0349988e+04	   2.7062200e-04	
   1.0360016e+04	   2.7060600e-04	
   1.0369986e+04	   2.7060130e-04	
   1.0380043e+04	   2.7060790e-04	
   1.0390013e+04	   2.7058880e-04	
   1.0400041e+04	   2.7060880e-04	
   1.0410010e+04	   2.7060450e-04	
   1.0420038e+04	   2.7060060e-04	
   1.0430008e+04	   2.7059850e-04	
   1.0440036e+04	   2.7058310e-04	
   1.0450006e+04	   2.7059290e-04	
   1.0460033e+04	   2.7057880e-04	
   1.0470003e+04	   2.7059330e-04	
   1.0480031e+04	   2.7058160e-04	
   1.0490001e+04	   2.7054840e-04	
   1.0500030e+04	   2.7055140e-04	
   1.0509999e+04	   2.7056930e-04	
   1.0520027e+04	   2.7054840e-04	
   1.0529997e+04	   2.7053790e-04	
   1.0540025e+04	   2.7053430e-04	
   1.0549994e+04	   2.7053070e-04	
   1.0560022e+04	   2.7052580e-04	
   1.0569992e+04	   2.7051620e-04	
   1.0580020e+04	   2.7051640e-04	
   1.0589990e+04	   2.7051000e-04	
   1.0600047e+04	   2.7049710e-04	
   1.0609987e+04	   2.7050630e-04	
   1.0620015e+04	   2.7048570e-04	
   1.0630014e+04	   2.7048560e-04	
   1.0640042e+04	   2.7048820e-04	
   1.0650041e+04	   2.7047090e-04	
   1.0660010e+04	   2.7046510e-04	
   1.0670038e+04	   2.7045750e-04	
   1.0680008e+04	   2.7044360e-04	
   1.0690036e+04	   2.7042290e-04	
   1.0700035e+04	   2.7044410e-04	
   1.0710005e+04	   2.7044110e-04	
   1.0720033e+04	   2.7042350e-04	
   1.0730002e+04	   2.7041640e-04	
   1.0740030e+04	   2.7040510e-04	
   1.0750000e+04	   2.7040520e-04	
   1.0759999e+04	   2.7039220e-04	
   1.0770027e+04	   2.7037930e-04	
   1.0779997e+04	   2.7037450e-04	
   1.0790025e+04	   2.7037130e-04	
   1.0800023e+04	   2.7036810e-04	
   1.0809993e+04	   2.7035010e-04	
   1.0820021e+04	   2.7034230e-04	
   1.0829990e+04	   2.7033650e-04	
   1.0839990e+04	   2.7032740e-04	
   1.0850018e+04	   2.7032860e-04	
   1.0859987e+04	   2.7033350e-04	
   1.0870015e+04	   2.7032400e-04	
   1.0880014e+04	   2.7030260e-04	
   1.0890042e+04	   2.7030370e-04	
   1.0900041e+04	   2.7028000e-04	
   1.0910010e+04	   2.7027530e-04	
   1.0920038e+04	   2.7025740e-04	
   1.0930037e+04	   2.7024370e-04	
   1.0940007e+04	   2.7023300e-04	
   1.0950035e+04	   2.7021740e-04	
   1.0960005e+04	   2.7019390e-04	
   1.0970003e+04	   2.7017560e-04	
   1.0980002e+04	   2.7015820e-04	
   1.0990030e+04	   2.7015150e-04	
   1.1000000e+04	   2.7013100e-04	
   1.1010028e+04	   2.7010770e-04	
   1.1019998e+04	   2.7008350e-04	
   1.1030025e+04	   2.7006070e-04	
   1.1040025e+04	   2.7002890e-04	
   1.1049994e+04	   2.7000460e-04	
   1.1060022e+04	   2.6996410e-04	
   1.1070021e+04	   2.6992180e-04	
   1.1079990e+04	   2.6988290e-04	
   1.1090018e+04	   2.6984780e-04	
   1.1100018e+04	   2.6979800e-04	
   1.1109987e+04	   2.6973490e-04	
   1.1119986e+04	   2.6965450e-04	
   1.1130043e+04	   2.6958210e-04	
   1.1140013e+04	   2.6949570e-04	
   1.1150012e+04	   2.6940320e-04	
   1.1160040e+04	   2.6928050e-04	
   1.1170038e+04	   2.6915250e-04	
   1.1180008e+04	   2.6899260e-04	
   1.1190007e+04	   2.6881950e-04	
   1.1200035e+04	   2.6861440e-04	
   1.1210005e+04	   2.6837380e-04	
   1.1220033e+04	   2.6808180e-04	
   1.1230002e+04	   2.6775340e-04	
   1.1240030e+04	   2.6732470e-04	
   1.1250030e+04	   2.6681550e-04	
   1.1259999e+04	   2.6618980e-04	
   1.1270027e+04	   2.6541580e-04	
   1.1279997e+04	   2.6449410e-04	
   1.1290025e+04	   2.6339850e-04	
   1.1300023e+04	   2.6207530e-04	
   1.1309993e+04	   2.6053190e-04	
   1.1320021e+04	   2.5872780e-04	
   1.1330020e+04	   2.5659110e-04	
   1.1339990e+04	   2.5419690e-04	
   1.1350018e+04	   2.5143430e-04	
   1.1359987e+04	   2.4817010e-04	
   1.1370015e+04	   2.4449450e-04	
   1.1380014e+04	   2.4059940e-04	
   1.1390042e+04	   2.3600320e-04	
   1.1400041e+04	   2.3098260e-04	
   1.1410010e+04	   2.2563940e-04	
   1.1420038e+04	   2.1953560e-04	
   1.1430008e+04	   2.1319700e-04	
   1.1440036e+04	   2.0643910e-04	
   1.1450006e+04	   1.9929580e-04	
   1.1460033e+04	   1.9158110e-04	
   1.1470033e+04	   1.8374710e-04	
   1.1480002e+04	   1.7536480e-04	
   1.1490001e+04	   1.6674420e-04	
   1.1500030e+04	   1.5805980e-04	
   1.1509999e+04	   1.4902740e-04	
   1.1520027e+04	   1.4003040e-04	
   1.1529997e+04	   1.3114950e-04	
   1.1540025e+04	   1.2207330e-04	
   1.1549994e+04	   1.1326110e-04	
   1.1560022e+04	   1.0455400e-04	
   1.1569992e+04	   9.5950080e-05	
   1.1580020e+04	   8.7626850e-05	
   1.1589990e+04	   7.9571330e-05	
   1.1600018e+04	   7.1803570e-05	
   1.1610016e+04	   6.4452160e-05	
   1.1619986e+04	   5.7653670e-05	
   1.1630014e+04	   5.1270480e-05	
   1.1640042e+04	   4.5346250e-05	
   1.1650012e+04	   4.0040750e-05	
   1.1660040e+04	   3.5160340e-05	
   1.1670010e+04	   3.0667300e-05	
   1.1680037e+04	   2.6629940e-05	
   1.1690007e+04	   2.3102180e-05	
   1.1700035e+04	   2.0000140e-05	
   1.1710005e+04	   1.7289340e-05	
   1.1720033e+04	   1.4890420e-05	
   1.1730031e+04	   1.2800410e-05	
   1.1740001e+04	   1.1061960e-05	
   1.1750030e+04	   9.5394030e-06	
   1.1759999e+04	   8.2663160e-06	
   1.1770027e+04	   7.2080030e-06	
   1.1779997e+04	   6.3050120e-06	
   1.1790025e+04	   5.5498400e-06	
   1.1800023e+04	   4.9278060e-06	
   1.1809993e+04	   4.4065150e-06	
   1.1820021e+04	   3.9670770e-06	
   1.1829990e+04	   3.6090850e-06	
   1.1839990e+04	   3.3054320e-06	
   1.1850018e+04	   3.0455110e-06	
   1.1860016e+04	   2.8287730e-06	
   1.1869986e+04	   2.6392840e-06	
   1.1880073e+04	   2.4745870e-06	
   1.1890013e+04	   2.3345150e-06	
   1.1900041e+04	   2.2059820e-06	
   1.1910010e+04	   2.0938710e-06	
   1.1920038e+04	   1.9916220e-06	
   1.1930008e+04	   1.8993940e-06	
   1.1940036e+04	   1.8136390e-06	
   1.1950006e+04	   1.7335470e-06	
   1.1960033e+04	   1.6602420e-06	
   1.1970033e+04	   1.5905440e-06	
   1.1980002e+04	   1.5223130e-06	
   1.1990030e+04	   1.4578140e-06	
   1.2000000e+04	   1.3980810e-06	
