   8.0000000e+03	   2.6809160e-04	
   8.0100279e+03	   2.6810370e-04	
   8.0200272e+03	   2.6808390e-04	
   8.0300255e+03	   2.6811120e-04	
   8.0400534e+03	   2.6809200e-04	
   8.0500231e+03	   2.6809100e-04	
   8.0600224e+03	   2.6808490e-04	
   8.0700207e+03	   2.6811000e-04	
   8.0800200e+03	   2.6809350e-04	
   8.0900478e+03	   2.6808370e-04	
   8.1000175e+03	   2.6807620e-04	
   8.1100159e+03	   2.6808930e-04	
   8.1200151e+03	   2.6806270e-04	
   8.1300430e+03	   2.6807700e-04	
   8.1400423e+03	   2.6804890e-04	
   8.1500406e+03	   2.6804750e-04	
   8.1600399e+03	   2.6807240e-04	
   8.1700382e+03	   2.6805790e-04	
   8.1800375e+03	   2.6804120e-04	
   8.1900358e+03	   2.6804060e-04	
   8.2000351e+03	   2.6805030e-04	
   8.2100334e+03	   2.6804750e-04	
   8.2200327e+03	   2.6802320e-04	
   8.2300310e+03	   2.6804310e-04	
   8.2400303e+03	   2.6802220e-04	
   8.2500296e+03	   2.6802050e-04	
   8.2599993e+03	   2.6803470e-04	
   8.2700272e+03	   2.6798650e-04	
   8.2799969e+03	   2.6799740e-04	
   8.2900248e+03	   2.6800270e-04	
   8.3000231e+03	   2.6797850e-04	
   8.3100224e+03	   2.6798060e-04	
   8.3199921e+03	   2.6797130e-04	
   8.3300200e+03	   2.6798940e-04	
   8.3400183e+03	   2.6796800e-04	
   8.3500175e+03	   2.6796000e-04	
   8.3600159e+03	   2.6794660e-04	
   8.3699856e+03	   2.6793640e-04	
   8.3800430e+03	   2.6793980e-04	
   8.3900127e+03	   2.6791730e-04	
   8.4000406e+03	   2.6790640e-04	
   8.4100103e+03	   2.6791080e-04	
   8.4200382e+03	   2.6789480e-04	
   8.4300375e+03	   2.6787190e-04	
   8.4400358e+03	   2.6786490e-04	
   8.4500351e+03	   2.6784170e-04	
   8.4600334e+03	   2.6782510e-04	
   8.4700327e+03	   2.6781690e-04	
   8.4800310e+03	   2.6778180e-04	
   8.4900303e+03	   2.6777580e-04	
   8.5000296e+03	   2.6775370e-04	
   8.5100279e+03	   2.6772350e-04	
   8.5200558e+03	   2.6768560e-04	
   8.5300255e+03	   2.6768330e-04	
   8.5400248e+03	   2.6764380e-04	
   8.5500231e+03	   2.6761340e-04	
   8.5600510e+03	   2.6759420e-04	
   8.5700207e+03	   2.6757140e-04	
   8.5800200e+03	   2.6751620e-04	
   8.5900183e+03	   2.6749160e-04	
   8.6000175e+03	   2.6742090e-04	
   8.6100454e+03	   2.6737850e-04	
   8.6200151e+03	   2.6736830e-04	
   8.6300430e+03	   2.6731350e-04	
   8.6400709e+03	   2.6723780e-04	
   8.6500406e+03	   2.6715670e-04	
   8.6600399e+03	   2.6708810e-04	
   8.6700382e+03	   2.6701350e-04	
   8.6800375e+03	   2.6689930e-04	
   8.6900358e+03	   2.6681020e-04	
   8.7000351e+03	   2.6662380e-04	
   8.7100334e+03	   2.6655070e-04	
   8.7200327e+03	   2.6640880e-04	
   8.7300310e+03	   2.6619700e-04	
   8.7400303e+03	   2.6601290e-04	
   8.7500296e+03	   2.6577280e-04	
   8.7599993e+03	   2.6556080e-04	
   8.7700558e+03	   2.6529380e-04	
   8.7800255e+03	   2.6497680e-04	
   8.7900248e+03	   2.6466110e-04	
   8.8000231e+03	   2.6432040e-04	
   8.8099928e+03	   2.6393610e-04	
   8.8200207e+03	   2.6349650e-04	
   8.8300200e+03	   2.6294530e-04	
   8.8399897e+03	   2.6242660e-04	
   8.8500175e+03	   2.6181890e-04	
   8.8600159e+03	   2.6107360e-04	
   8.8699856e+03	   2.6031110e-04	
   8.8800430e+03	   2.5945770e-04	
   8.8900127e+03	   2.5847560e-04	
   8.9000406e+03	   2.5745290e-04	
   8.9100399e+03	   2.5628130e-04	
   8.9200096e+03	   2.5491980e-04	
   8.9300375e+03	   2.5349290e-04	
   8.9400072e+03	   2.5189930e-04	
   8.9500351e+03	   2.5013890e-04	
   8.9600048e+03	   2.4823580e-04	
   8.9700327e+03	   2.4604310e-04	
   8.9800310e+03	   2.4374170e-04	
   8.9900303e+03	   2.4126120e-04	
   9.0000296e+03	   2.3852100e-04	
   9.0100574e+03	   2.3562420e-04	
   9.0200272e+03	   2.3251170e-04	
   9.0300255e+03	   2.2915800e-04	
   9.0400534e+03	   2.2545140e-04	
   9.0500231e+03	   2.2141360e-04	
   9.0600224e+03	   2.1740880e-04	
   9.0700502e+03	   2.1276140e-04	
   9.0799904e+03	   2.0807500e-04	
   9.0900478e+03	   2.0286070e-04	
   9.1000175e+03	   1.9754310e-04	
   9.1100159e+03	   1.9193230e-04	
   9.1200151e+03	   1.8603510e-04	
   9.1300430e+03	   1.7997290e-04	
   9.1400423e+03	   1.7373800e-04	
   9.1500406e+03	   1.6729450e-04	
   9.1600399e+03	   1.6086390e-04	
   9.1700382e+03	   1.5440180e-04	
   9.1800375e+03	   1.4765280e-04	
   9.1900358e+03	   1.4106290e-04	
   9.2000351e+03	   1.3441480e-04	
   9.2100334e+03	   1.2775360e-04	
   9.2200327e+03	   1.2114580e-04	
   9.2300310e+03	   1.1472290e-04	
   9.2400303e+03	   1.0829770e-04	
   9.2500296e+03	   1.0205690e-04	
   9.2600279e+03	   9.5605280e-05	
   9.2700272e+03	   8.9404940e-05	
   9.2800255e+03	   8.3535410e-05	
   9.2899952e+03	   7.7694890e-05	
   9.3000231e+03	   7.2092080e-05	
   9.3100224e+03	   6.7053430e-05	
   9.3200207e+03	   6.2092340e-05	
   9.3300200e+03	   5.7116470e-05	
   9.3399897e+03	   5.2650360e-05	
   9.3500175e+03	   4.8344700e-05	
   9.3600159e+03	   4.4298650e-05	
   9.3700151e+03	   4.0606090e-05	
   9.3800144e+03	   3.7168040e-05	
   9.3900423e+03	   3.3840160e-05	
   9.4000406e+03	   3.0865120e-05	
   9.4100399e+03	   2.8114550e-05	
   9.4200382e+03	   2.5442840e-05	
   9.4300375e+03	   2.3094480e-05	
   9.4400072e+03	   2.0923640e-05	
   9.4500351e+03	   1.8909470e-05	
   9.4600048e+03	   1.7110530e-05	
   9.4700623e+03	   1.5363850e-05	
   9.4800024e+03	   1.3885820e-05	
   9.4900303e+03	   1.2542350e-05	
   9.5000296e+03	   1.1305140e-05	
   9.5100279e+03	   1.0199370e-05	
   9.5199976e+03	   9.2335520e-06	
   9.5300255e+03	   8.3434380e-06	
   9.5400248e+03	   7.5495160e-06	
   9.5499945e+03	   6.8089030e-06	
   9.5600224e+03	   6.1773650e-06	
   9.5700207e+03	   5.5900550e-06	
   9.5799904e+03	   5.0426080e-06	
   9.5900183e+03	   4.5529680e-06	
   9.6000175e+03	   4.1241800e-06	
   9.6099873e+03	   3.7317990e-06	
   9.6200151e+03	   3.4084810e-06	
   9.6300430e+03	   3.1086750e-06	
   9.6400423e+03	   2.8207850e-06	
   9.6500406e+03	   2.5876000e-06	
   9.6600103e+03	   2.3778050e-06	
   9.6700382e+03	   2.1841680e-06	
   9.6800375e+03	   2.0212970e-06	
   9.6900072e+03	   1.8734910e-06	
   9.7000055e+03	   1.7296390e-06	
   9.7100334e+03	   1.6149040e-06	
   9.7200327e+03	   1.5100740e-06	
   9.7300024e+03	   1.4112280e-06	
   9.7400303e+03	   1.3242850e-06	
   9.7500000e+03	   1.2455620e-06	
   9.7600279e+03	   1.1719990e-06	
   9.7700272e+03	   1.1055000e-06	
   9.7800255e+03	   1.0467680e-06	
   9.7899952e+03	   9.9138000e-07	
   9.8000231e+03	   9.3829070e-07	
   9.8099928e+03	   8.8696320e-07	
   9.8200207e+03	   8.3861530e-07	
   9.8300200e+03	   7.9288940e-07	
   9.8399897e+03	   7.5331480e-07	
   9.8499880e+03	   7.2153500e-07	
   9.8600159e+03	   6.8441250e-07	
   9.8700151e+03	   6.5372110e-07	
   9.8800144e+03	   6.2205870e-07	
   9.8900423e+03	   5.9245710e-07	
   9.9000406e+03	   5.6600240e-07	
   9.9100103e+03	   5.3873490e-07	
   9.9200382e+03	   5.1397790e-07	
   9.9300079e+03	   4.8962190e-07	
   9.9400358e+03	   4.6887370e-07	
   9.9500351e+03	   4.4831800e-07	
   9.9600334e+03	   4.2807150e-07	
   9.9700031e+03	   4.0933180e-07	
   9.9800024e+03	   3.9029530e-07	
   9.9900303e+03	   3.7253650e-07	
   1.0000030e+04	   3.5542640e-07	
