   8.5000296e+03	   2.6797190e-04	
   8.5100279e+03	   2.6799720e-04	
   8.5200272e+03	   2.6799770e-04	
   8.5300255e+03	   2.6799420e-04	
   8.5400248e+03	   2.6797170e-04	
   8.5500231e+03	   2.6799420e-04	
   8.5600224e+03	   2.6801140e-04	
   8.5700207e+03	   2.6801090e-04	
   8.5800200e+03	   2.6798960e-04	
   8.5900183e+03	   2.6797190e-04	
   8.6000175e+03	   2.6800990e-04	
   8.6100159e+03	   2.6800220e-04	
   8.6200151e+03	   2.6799560e-04	
   8.6300144e+03	   2.6799140e-04	
   8.6400709e+03	   2.6799530e-04	
   8.6500406e+03	   2.6800360e-04	
   8.6600399e+03	   2.6798140e-04	
   8.6700382e+03	   2.6801380e-04	
   8.6800375e+03	   2.6796670e-04	
   8.6900358e+03	   2.6795880e-04	
   8.7000351e+03	   2.6797810e-04	
   8.7100334e+03	   2.6797030e-04	
   8.7200327e+03	   2.6793970e-04	
   8.7300310e+03	   2.6796730e-04	
   8.7400303e+03	   2.6796400e-04	
   8.7500296e+03	   2.6796320e-04	
   8.7599993e+03	   2.6794630e-04	
   8.7700558e+03	   2.6793040e-04	
   8.7800255e+03	   2.6795590e-04	
   8.7900248e+03	   2.6793720e-04	
   8.8000231e+03	   2.6791830e-04	
   8.8100224e+03	   2.6791760e-04	
   8.8200207e+03	   2.6792020e-04	
   8.8300200e+03	   2.6791930e-04	
   8.8400183e+03	   2.6790790e-04	
   8.8500175e+03	   2.6791570e-04	
   8.8600159e+03	   2.6789480e-04	
   8.8700151e+03	   2.6789170e-04	
   8.8800430e+03	   2.6788840e-04	
   8.8900423e+03	   2.6792850e-04	
   8.9000406e+03	   2.6789210e-04	
   8.9100685e+03	   2.6786130e-04	
   8.9200382e+03	   2.6786980e-04	
   8.9300375e+03	   2.6787810e-04	
   8.9400358e+03	   2.6786020e-04	
   8.9500351e+03	   2.6784070e-04	
   8.9600334e+03	   2.6783100e-04	
   8.9700327e+03	   2.6783830e-04	
   8.9800310e+03	   2.6783910e-04	
   8.9900303e+03	   2.6780990e-04	
   9.0000296e+03	   2.6778300e-04	
   9.0100279e+03	   2.6777680e-04	
   9.0200272e+03	   2.6777770e-04	
   9.0300255e+03	   2.6771790e-04	
   9.0400248e+03	   2.6770400e-04	
   9.0500231e+03	   2.6769680e-04	
   9.0600224e+03	   2.6768650e-04	
   9.0700207e+03	   2.6765610e-04	
   9.0799904e+03	   2.6762580e-04	
   9.0900478e+03	   2.6757720e-04	
   9.1000175e+03	   2.6757870e-04	
   9.1100159e+03	   2.6753140e-04	
   9.1200151e+03	   2.6750240e-04	
   9.1300430e+03	   2.6745690e-04	
   9.1400423e+03	   2.6742930e-04	
   9.1500406e+03	   2.6739290e-04	
   9.1600399e+03	   2.6732320e-04	
   9.1700382e+03	   2.6724230e-04	
   9.1800375e+03	   2.6720790e-04	
   9.1900358e+03	   2.6713280e-04	
   9.2000351e+03	   2.6709710e-04	
   9.2100334e+03	   2.6702030e-04	
   9.2200327e+03	   2.6694450e-04	
   9.2300310e+03	   2.6685080e-04	
   9.2400303e+03	   2.6677190e-04	
   9.2500296e+03	   2.6670460e-04	
   9.2600279e+03	   2.6658420e-04	
   9.2700272e+03	   2.6645150e-04	
   9.2800255e+03	   2.6634380e-04	
   9.2899952e+03	   2.6623500e-04	
   9.3000231e+03	   2.6607590e-04	
   9.3100224e+03	   2.6590460e-04	
   9.3199921e+03	   2.6572820e-04	
   9.3300200e+03	   2.6551470e-04	
   9.3399897e+03	   2.6536010e-04	
   9.3500175e+03	   2.6508990e-04	
   9.3600159e+03	   2.6486760e-04	
   9.3700151e+03	   2.6460220e-04	
   9.3800430e+03	   2.6428370e-04	
   9.3900423e+03	   2.6397540e-04	
   9.4000406e+03	   2.6366230e-04	
   9.4100103e+03	   2.6330670e-04	
   9.4200382e+03	   2.6294110e-04	
   9.4300375e+03	   2.6247920e-04	
   9.4400072e+03	   2.6204970e-04	
   9.4500351e+03	   2.6154290e-04	
   9.4600334e+03	   2.6101790e-04	
   9.4700327e+03	   2.6047120e-04	
   9.4800024e+03	   2.5983990e-04	
   9.4900303e+03	   2.5919660e-04	
   9.5000000e+03	   2.5850270e-04	
   9.5100279e+03	   2.5777450e-04	
   9.5199976e+03	   2.5699450e-04	
   9.5300255e+03	   2.5613610e-04	
   9.5399952e+03	   2.5522680e-04	
   9.5499945e+03	   2.5431240e-04	
   9.5600224e+03	   2.5331810e-04	
   9.5699921e+03	   2.5225760e-04	
   9.5800200e+03	   2.5106310e-04	
   9.5899897e+03	   2.4985060e-04	
   9.6000175e+03	   2.4852230e-04	
   9.6099873e+03	   2.4709910e-04	
   9.6200151e+03	   2.4557380e-04	
   9.6300144e+03	   2.4396010e-04	
   9.6400127e+03	   2.4221910e-04	
   9.6500406e+03	   2.4041040e-04	
   9.6600103e+03	   2.3848040e-04	
   9.6700382e+03	   2.3635810e-04	
   9.6800375e+03	   2.3415790e-04	
   9.6900358e+03	   2.3186940e-04	
   9.7000351e+03	   2.2938060e-04	
   9.7100048e+03	   2.2684810e-04	
   9.7200327e+03	   2.2411580e-04	
   9.7300024e+03	   2.2132340e-04	
   9.7400303e+03	   2.1842830e-04	
   9.7500000e+03	   2.1536430e-04	
   9.7600279e+03	   2.1210070e-04	
   9.7700272e+03	   2.0908200e-04	
   9.7800255e+03	   2.0553120e-04	
   9.7899952e+03	   2.0202300e-04	
   9.8000231e+03	   1.9833920e-04	
   9.8099928e+03	   1.9447170e-04	
   9.8200207e+03	   1.9046700e-04	
   9.8299904e+03	   1.8639520e-04	
   9.8399897e+03	   1.8221420e-04	
   9.8499880e+03	   1.7792010e-04	
   9.8600159e+03	   1.7350580e-04	
   9.8700151e+03	   1.6911420e-04	
   9.8800144e+03	   1.6460590e-04	
   9.8900423e+03	   1.6014520e-04	
   9.9000406e+03	   1.5547820e-04	
   9.9100103e+03	   1.5071960e-04	
   9.9200096e+03	   1.4603260e-04	
   9.9300375e+03	   1.4138740e-04	
   9.9400358e+03	   1.3656170e-04	
   9.9500055e+03	   1.3180370e-04	
   9.9600334e+03	   1.2696150e-04	
   9.9700031e+03	   1.2215730e-04	
   9.9800310e+03	   1.1733050e-04	
   9.9900303e+03	   1.1247900e-04	
   1.0000030e+04	   1.0780250e-04	
   1.0010028e+04	   1.0306660e-04	
   1.0019998e+04	   9.8380270e-05	
   1.0030025e+04	   9.3647790e-05	
   1.0039995e+04	   8.8977660e-05	
   1.0050023e+04	   8.4553340e-05	
   1.0060022e+04	   8.0176730e-05	
   1.0069992e+04	   7.5939060e-05	
   1.0080020e+04	   7.1811880e-05	
   1.0089990e+04	   6.7887880e-05	
   1.0100018e+04	   6.4058530e-05	
   1.0109987e+04	   6.0345350e-05	
   1.0120015e+04	   5.6771950e-05	
   1.0130014e+04	   5.3310830e-05	
   1.0140042e+04	   5.0071040e-05	
   1.0150012e+04	   4.6850630e-05	
   1.0160040e+04	   4.3870420e-05	
   1.0170038e+04	   4.1001950e-05	
   1.0180008e+04	   3.8322600e-05	
   1.0190036e+04	   3.5759440e-05	
   1.0200006e+04	   3.3440530e-05	
   1.0210033e+04	   3.1139530e-05	
   1.0220033e+04	   2.8993030e-05	
   1.0230002e+04	   2.7029940e-05	
   1.0240030e+04	   2.5131120e-05	
   1.0250000e+04	   2.3347620e-05	
   1.0259999e+04	   2.1690420e-05	
   1.0270027e+04	   2.0073400e-05	
   1.0279997e+04	   1.8636080e-05	
   1.0290025e+04	   1.7219230e-05	
   1.0299994e+04	   1.5901430e-05	
   1.0310022e+04	   1.4721910e-05	
   1.0319992e+04	   1.3601710e-05	
   1.0330020e+04	   1.2507130e-05	
   1.0339990e+04	   1.1554750e-05	
   1.0350018e+04	   1.0666530e-05	
   1.0359987e+04	   9.8039550e-06	
   1.0370015e+04	   9.0408390e-06	
   1.0380014e+04	   8.3787260e-06	
   1.0390013e+04	   7.6984060e-06	
   1.0400041e+04	   7.1094090e-06	
   1.0410010e+04	   6.5771170e-06	
   1.0420038e+04	   6.0617900e-06	
   1.0430008e+04	   5.5815050e-06	
   1.0440036e+04	   5.1617550e-06	
   1.0450006e+04	   4.7400720e-06	
   1.0460033e+04	   4.3811630e-06	
   1.0470003e+04	   4.0515670e-06	
   1.0480031e+04	   3.7428970e-06	
   1.0490001e+04	   3.4534520e-06	
   1.0500030e+04	   3.1874210e-06	
   1.0509999e+04	   2.9416830e-06	
   1.0520027e+04	   2.7094250e-06	
   1.0529997e+04	   2.5373960e-06	
   1.0540025e+04	   2.3420030e-06	
   1.0549994e+04	   2.1571340e-06	
   1.0560022e+04	   2.0220840e-06	
   1.0569992e+04	   1.8763640e-06	
   1.0580020e+04	   1.7388870e-06	
   1.0589990e+04	   1.6199970e-06	
   1.0600018e+04	   1.5289870e-06	
   1.0609987e+04	   1.3900560e-06	
   1.0620015e+04	   1.3133590e-06	
   1.0630014e+04	   1.2272850e-06	
   1.0640042e+04	   1.1354170e-06	
   1.0650012e+04	   1.0753920e-06	
   1.0660040e+04	   9.9535810e-07	
   1.0670010e+04	   9.3377170e-07	
   1.0680037e+04	   8.6610830e-07	
   1.0690036e+04	   8.0204270e-07	
   1.0700006e+04	   7.5459910e-07	
   1.0710005e+04	   6.9997330e-07	
   1.0720033e+04	   6.5603640e-07	
   1.0730002e+04	   6.1452310e-07	
   1.0740030e+04	   5.7912110e-07	
   1.0750030e+04	   5.4214050e-07	
   1.0759999e+04	   5.1281340e-07	
   1.0770027e+04	   4.8548120e-07	
   1.0779997e+04	   4.5825750e-07	
   1.0789995e+04	   4.3187770e-07	
   1.0800023e+04	   4.0952220e-07	
   1.0809993e+04	   3.8707960e-07	
   1.0820021e+04	   3.6571750e-07	
   1.0830020e+04	   3.4726700e-07	
   1.0839990e+04	   3.2880570e-07	
   1.0850018e+04	   3.1217150e-07	
   1.0860016e+04	   2.9703510e-07	
   1.0869986e+04	   2.8265930e-07	
   1.0880043e+04	   2.6812380e-07	
   1.0890013e+04	   2.5548810e-07	
   1.0900041e+04	   2.4296390e-07	
   1.0910010e+04	   2.3151860e-07	
   1.0920038e+04	   2.2031940e-07	
   1.0930008e+04	   2.1027410e-07	
   1.0940007e+04	   2.0101370e-07	
   1.0950035e+04	   1.9110000e-07	
   1.0960005e+04	   1.8260200e-07	
   1.0970003e+04	   1.7438430e-07	
   1.0980002e+04	   1.6630010e-07	
   1.0990030e+04	   1.5924880e-07	
   1.1000030e+04	   1.5155260e-07	
   1.1009999e+04	   1.4531040e-07	
   1.1019998e+04	   1.3962820e-07	
   1.1030025e+04	   1.3291010e-07	
   1.1040025e+04	   1.2681330e-07	
   1.1049994e+04	   1.2262450e-07	
   1.1060022e+04	   1.1650290e-07	
   1.1069992e+04	   1.1096780e-07	
   1.1079990e+04	   1.0555360e-07	
   1.1090018e+04	   1.0076610e-07	
   1.1099988e+04	   9.5837290e-08	
   1.1109987e+04	   9.2205400e-08	
   1.1120015e+04	   8.6693790e-08	
   1.1130014e+04	   8.2533760e-08	
   1.1140042e+04	   7.7732180e-08	
   1.1150012e+04	   7.3257280e-08	
   1.1160040e+04	   6.9008560e-08	
   1.1170010e+04	   6.5093910e-08	
   1.1180037e+04	   6.0725670e-08	
   1.1190007e+04	   5.7329530e-08	
   1.1200035e+04	   5.3528500e-08	
   1.1210005e+04	   5.0409720e-08	
   1.1220033e+04	   4.6953860e-08	
   1.1230002e+04	   4.3616530e-08	
   1.1240030e+04	   4.1026960e-08	
   1.1250030e+04	   3.8575910e-08	
   1.1259999e+04	   3.5966180e-08	
   1.1270027e+04	   3.3464930e-08	
   1.1280025e+04	   3.0967080e-08	
   1.1289995e+04	   2.9354470e-08	
   1.1300023e+04	   2.7075060e-08	
   1.1310022e+04	   2.5708580e-08	
   1.1319992e+04	   2.4224250e-08	
   1.1330020e+04	   2.2722570e-08	
   1.1339990e+04	   2.1416670e-08	
   1.1350018e+04	   2.0203200e-08	
   1.1359987e+04	   1.9335530e-08	
   1.1370015e+04	   1.8153360e-08	
   1.1380014e+04	   1.7158300e-08	
   1.1390042e+04	   1.6666550e-08	
   1.1400041e+04	   1.5941930e-08	
   1.1410010e+04	   1.5164120e-08	
   1.1420038e+04	   1.4548430e-08	
   1.1430037e+04	   1.4060040e-08	
   1.1440007e+04	   1.3569640e-08	
   1.1450035e+04	   1.3145160e-08	
   1.1460005e+04	   1.2775220e-08	
   1.1470033e+04	   1.2443560e-08	
   1.1480031e+04	   1.2214320e-08	
   1.1490001e+04	   1.1925310e-08	
   1.1500000e+04	   1.1640120e-08	
   1.1510028e+04	   1.1393130e-08	
   1.1519998e+04	   1.1197780e-08	
   1.1530025e+04	   1.1032620e-08	
   1.1539995e+04	   1.0873060e-08	
   1.1549994e+04	   1.0774540e-08	
   1.1560022e+04	   1.0636690e-08	
   1.1569992e+04	   1.0517740e-08	
   1.1580020e+04	   1.0420430e-08	
   1.1589990e+04	   1.0330790e-08	
   1.1599988e+04	   1.0256950e-08	
   1.1609987e+04	   1.0168990e-08	
   1.1620015e+04	   1.0098460e-08	
   1.1630014e+04	   1.0049200e-08	
   1.1640042e+04	   9.9916440e-09	
   1.1650041e+04	   9.9413770e-09	
   1.1660010e+04	   9.8858220e-09	
   1.1670010e+04	   9.8539480e-09	
   1.1680037e+04	   9.8048950e-09	
   1.1690007e+04	   9.7591410e-09	
   1.1700035e+04	   9.7223510e-09	
   1.1710005e+04	   9.6749650e-09	
   1.1720033e+04	   9.6413610e-09	
   1.1730002e+04	   9.5833470e-09	
   1.1740001e+04	   9.5443700e-09	
   1.1750030e+04	   9.5138340e-09	
   1.1759999e+04	   9.4621210e-09	
   1.1770027e+04	   9.4196530e-09	
   1.1780025e+04	   9.3757280e-09	
   1.1789995e+04	   9.3221790e-09	
   1.1800023e+04	   9.2760580e-09	
   1.1809993e+04	   9.2269430e-09	
   1.1820021e+04	   9.1689310e-09	
   1.1829990e+04	   9.1264360e-09	
   1.1840018e+04	   9.1003010e-09	
   1.1849988e+04	   9.0691120e-09	
   1.1860016e+04	   9.0225070e-09	
   1.1869986e+04	   8.9830030e-09	
   1.1880073e+04	   8.9352060e-09	
   1.1890013e+04	   8.8865510e-09	
   1.1900041e+04	   8.8505980e-09	
   1.1910010e+04	   8.8460150e-09	
   1.1920038e+04	   8.8167290e-09	
   1.1930008e+04	   8.7700510e-09	
   1.1940036e+04	   8.7430890e-09	
   1.1950006e+04	   8.7039890e-09	
   1.1960033e+04	   8.6610880e-09	
   1.1970003e+04	   8.6384690e-09	
   1.1980031e+04	   8.6353420e-09	
   1.1990001e+04	   8.6234950e-09	
   1.2000030e+04	   8.6025080e-09	
