   8.5000000e+03	   2.7164100e-04	
   8.5099993e+03	   2.7175200e-04	
   8.5200272e+03	   2.7177420e-04	
   8.5300255e+03	   2.7178110e-04	
   8.5400248e+03	   2.7181890e-04	
   8.5500231e+03	   2.7186190e-04	
   8.5600224e+03	   2.7184510e-04	
   8.5700207e+03	   2.7194120e-04	
   8.5800200e+03	   2.7202680e-04	
   8.5900183e+03	   2.7202110e-04	
   8.6000175e+03	   2.7203640e-04	
   8.6100454e+03	   2.7213500e-04	
   8.6200151e+03	   2.7222720e-04	
   8.6300430e+03	   2.7223870e-04	
   8.6400709e+03	   2.7232050e-04	
   8.6500406e+03	   2.7240180e-04	
   8.6600399e+03	   2.7249640e-04	
   8.6700382e+03	   2.7252370e-04	
   8.6800661e+03	   2.7264720e-04	
   8.6900358e+03	   2.7264890e-04	
   8.7000351e+03	   2.7270690e-04	
   8.7100334e+03	   2.7266340e-04	
   8.7200327e+03	   2.7262670e-04	
   8.7300310e+03	   2.7277300e-04	
   8.7400303e+03	   2.7279570e-04	
   8.7500296e+03	   2.7271270e-04	
   8.7599993e+03	   2.7293000e-04	
   8.7700558e+03	   2.7295520e-04	
   8.7800255e+03	   2.7291290e-04	
   8.7900248e+03	   2.7293870e-04	
   8.8000526e+03	   2.7301460e-04	
   8.8100224e+03	   2.7294770e-04	
   8.8200502e+03	   2.7306750e-04	
   8.8299904e+03	   2.7305510e-04	
   8.8400183e+03	   2.7315790e-04	
   8.8500175e+03	   2.7307640e-04	
   8.8600159e+03	   2.7325070e-04	
   8.8700151e+03	   2.7315690e-04	
   8.8800430e+03	   2.7313830e-04	
   8.8900423e+03	   2.7332250e-04	
   8.9000406e+03	   2.7337190e-04	
   8.9100685e+03	   2.7340150e-04	
   8.9200382e+03	   2.7345140e-04	
   8.9300375e+03	   2.7348630e-04	
   8.9400358e+03	   2.7347360e-04	
   8.9500351e+03	   2.7365740e-04	
   8.9600334e+03	   2.7359820e-04	
   8.9700327e+03	   2.7349400e-04	
   8.9800310e+03	   2.7356630e-04	
   8.9900303e+03	   2.7370510e-04	
   9.0000296e+03	   2.7364750e-04	
   9.0100574e+03	   2.7375870e-04	
   9.0200272e+03	   2.7389810e-04	
   9.0300255e+03	   2.7387910e-04	
   9.0400248e+03	   2.7393120e-04	
   9.0500231e+03	   2.7387990e-04	
   9.0600224e+03	   2.7408150e-04	
   9.0700502e+03	   2.7423310e-04	
   9.0799904e+03	   2.7421220e-04	
   9.0900478e+03	   2.7430010e-04	
   9.1000175e+03	   2.7433520e-04	
   9.1100159e+03	   2.7443850e-04	
   9.1200151e+03	   2.7453770e-04	
   9.1300430e+03	   2.7446750e-04	
   9.1400423e+03	   2.7459390e-04	
   9.1500406e+03	   2.7470680e-04	
   9.1600399e+03	   2.7474620e-04	
   9.1700382e+03	   2.7471910e-04	
   9.1800375e+03	   2.7478010e-04	
   9.1900358e+03	   2.7488680e-04	
   9.2000351e+03	   2.7494660e-04	
   9.2100334e+03	   2.7494500e-04	
   9.2200327e+03	   2.7500840e-04	
   9.2300310e+03	   2.7502290e-04	
   9.2400303e+03	   2.7510990e-04	
   9.2500296e+03	   2.7519240e-04	
   9.2600279e+03	   2.7510750e-04	
   9.2700272e+03	   2.7522900e-04	
   9.2800255e+03	   2.7519810e-04	
   9.2899952e+03	   2.7526780e-04	
   9.3000231e+03	   2.7518930e-04	
   9.3100224e+03	   2.7525070e-04	
   9.3200207e+03	   2.7526360e-04	
   9.3300200e+03	   2.7535360e-04	
   9.3399897e+03	   2.7526660e-04	
   9.3500175e+03	   2.7529740e-04	
   9.3600159e+03	   2.7536340e-04	
   9.3700151e+03	   2.7536960e-04	
   9.3800430e+03	   2.7540300e-04	
   9.3900423e+03	   2.7540830e-04	
   9.4000406e+03	   2.7541700e-04	
   9.4100399e+03	   2.7548370e-04	
   9.4200382e+03	   2.7550400e-04	
   9.4300375e+03	   2.7551700e-04	
   9.4400072e+03	   2.7552620e-04	
   9.4500351e+03	   2.7554990e-04	
   9.4600334e+03	   2.7554650e-04	
   9.4700327e+03	   2.7553500e-04	
   9.4800310e+03	   2.7544260e-04	
   9.4900303e+03	   2.7548380e-04	
   9.5000000e+03	   2.7546580e-04	
   9.5100279e+03	   2.7546040e-04	
   9.5199976e+03	   2.7540830e-04	
   9.5300255e+03	   2.7524210e-04	
   9.5400248e+03	   2.7522980e-04	
   9.5499945e+03	   2.7523420e-04	
   9.5600224e+03	   2.7510830e-04	
   9.5700207e+03	   2.7507470e-04	
   9.5799904e+03	   2.7499020e-04	
   9.5900183e+03	   2.7488360e-04	
   9.6000175e+03	   2.7484380e-04	
   9.6099873e+03	   2.7462860e-04	
   9.6200151e+03	   2.7453790e-04	
   9.6300144e+03	   2.7441650e-04	
   9.6400423e+03	   2.7428490e-04	
   9.6500120e+03	   2.7405830e-04	
   9.6600399e+03	   2.7385750e-04	
   9.6700382e+03	   2.7367800e-04	
   9.6800079e+03	   2.7344170e-04	
   9.6900358e+03	   2.7321410e-04	
   9.7000351e+03	   2.7289610e-04	
   9.7100334e+03	   2.7274150e-04	
   9.7200031e+03	   2.7232330e-04	
   9.7300310e+03	   2.7212340e-04	
   9.7400007e+03	   2.7180120e-04	
   9.7500000e+03	   2.7140950e-04	
   9.7600279e+03	   2.7102760e-04	
   9.7700272e+03	   2.7065920e-04	
   9.7800255e+03	   2.7027940e-04	
   9.7899952e+03	   2.6974720e-04	
   9.8000231e+03	   2.6923300e-04	
   9.8099928e+03	   2.6876810e-04	
   9.8200207e+03	   2.6817630e-04	
   9.8299904e+03	   2.6759170e-04	
   9.8399897e+03	   2.6712590e-04	
   9.8500175e+03	   2.6633220e-04	
   9.8599873e+03	   2.6562190e-04	
   9.8700151e+03	   2.6503000e-04	
   9.8800144e+03	   2.6406830e-04	
   9.8900423e+03	   2.6325840e-04	
   9.9000406e+03	   2.6247240e-04	
   9.9100103e+03	   2.6147350e-04	
   9.9200096e+03	   2.6058410e-04	
   9.9300375e+03	   2.5947170e-04	
   9.9400358e+03	   2.5831590e-04	
   9.9500055e+03	   2.5730000e-04	
   9.9600334e+03	   2.5607060e-04	
   9.9700031e+03	   2.5479430e-04	
   9.9800310e+03	   2.5338500e-04	
   9.9900303e+03	   2.5213600e-04	
   1.0000030e+04	   2.5052970e-04	
   1.0009999e+04	   2.4897260e-04	
   1.0020027e+04	   2.4719300e-04	
   1.0030025e+04	   2.4550550e-04	
   1.0039995e+04	   2.4384070e-04	
   1.0050023e+04	   2.4183580e-04	
   1.0060022e+04	   2.3995450e-04	
   1.0069992e+04	   2.3795020e-04	
   1.0080020e+04	   2.3568100e-04	
   1.0090018e+04	   2.3360840e-04	
   1.0099988e+04	   2.3130010e-04	
   1.0110016e+04	   2.2874700e-04	
   1.0119986e+04	   2.2607440e-04	
   1.0130043e+04	   2.2355230e-04	
   1.0140013e+04	   2.2089090e-04	
   1.0150041e+04	   2.1802320e-04	
   1.0160010e+04	   2.1502650e-04	
   1.0170038e+04	   2.1209920e-04	
   1.0180008e+04	   2.0897530e-04	
   1.0190036e+04	   2.0583470e-04	
   1.0200006e+04	   2.0273140e-04	
   1.0210033e+04	   1.9942100e-04	
   1.0220003e+04	   1.9600710e-04	
   1.0230031e+04	   1.9244900e-04	
   1.0240001e+04	   1.8876910e-04	
   1.0250030e+04	   1.8500720e-04	
   1.0259999e+04	   1.8131340e-04	
   1.0270027e+04	   1.7743950e-04	
   1.0279997e+04	   1.7357300e-04	
   1.0290025e+04	   1.6951010e-04	
   1.0299994e+04	   1.6551020e-04	
   1.0310022e+04	   1.6135090e-04	
   1.0319992e+04	   1.5718670e-04	
   1.0330020e+04	   1.5293810e-04	
   1.0339990e+04	   1.4878940e-04	
   1.0350018e+04	   1.4455100e-04	
   1.0359987e+04	   1.4029890e-04	
   1.0370015e+04	   1.3610260e-04	
   1.0380014e+04	   1.3217290e-04	
   1.0390042e+04	   1.2789230e-04	
   1.0400012e+04	   1.2379960e-04	
   1.0410040e+04	   1.1983540e-04	
   1.0420010e+04	   1.1574880e-04	
   1.0430037e+04	   1.1171910e-04	
   1.0440007e+04	   1.0786370e-04	
   1.0450035e+04	   1.0394030e-04	
   1.0460033e+04	   1.0015140e-04	
   1.0470003e+04	   9.6438150e-05	
   1.0480031e+04	   9.2666880e-05	
   1.0490001e+04	   8.9204320e-05	
   1.0500030e+04	   8.5580400e-05	
   1.0509999e+04	   8.1974210e-05	
   1.0520027e+04	   7.8617210e-05	
   1.0529997e+04	   7.5320680e-05	
   1.0539995e+04	   7.2185230e-05	
   1.0549994e+04	   6.8942500e-05	
   1.0560022e+04	   6.5997350e-05	
   1.0569992e+04	   6.3110430e-05	
   1.0580020e+04	   6.0149760e-05	
   1.0589990e+04	   5.7482940e-05	
   1.0600018e+04	   5.4803630e-05	
   1.0610016e+04	   5.2204920e-05	
   1.0619986e+04	   4.9608600e-05	
   1.0630043e+04	   4.7149340e-05	
   1.0640013e+04	   4.4790130e-05	
   1.0650041e+04	   4.2621400e-05	
   1.0660040e+04	   4.0497120e-05	
   1.0670010e+04	   3.8338250e-05	
   1.0680037e+04	   3.6332630e-05	
   1.0690036e+04	   3.4310930e-05	
   1.0700006e+04	   3.2479130e-05	
   1.0710033e+04	   3.0646550e-05	
   1.0720033e+04	   2.8876190e-05	
   1.0730002e+04	   2.7167150e-05	
   1.0740030e+04	   2.5653940e-05	
   1.0750030e+04	   2.4118810e-05	
   1.0759999e+04	   2.2629250e-05	
   1.0770027e+04	   2.1304730e-05	
   1.0779997e+04	   2.0004280e-05	
   1.0790025e+04	   1.8747690e-05	
   1.0799994e+04	   1.7569380e-05	
   1.0810022e+04	   1.6456020e-05	
   1.0819992e+04	   1.5377730e-05	
   1.0830020e+04	   1.4390720e-05	
   1.0839990e+04	   1.3429540e-05	
   1.0850018e+04	   1.2523960e-05	
   1.0860016e+04	   1.1671920e-05	
   1.0869986e+04	   1.0903160e-05	
   1.0880043e+04	   1.0158730e-05	
   1.0890013e+04	   9.4772370e-06	
   1.0900041e+04	   8.8514850e-06	
   1.0910010e+04	   8.2250920e-06	
   1.0920038e+04	   7.6569420e-06	
   1.0930008e+04	   7.0592340e-06	
   1.0940036e+04	   6.5739310e-06	
   1.0950006e+04	   6.0789870e-06	
   1.0960033e+04	   5.6471750e-06	
   1.0970003e+04	   5.2452420e-06	
   1.0980002e+04	   4.8342840e-06	
   1.0990030e+04	   4.4907510e-06	
   1.1000000e+04	   4.1355880e-06	
   1.1010028e+04	   3.8549690e-06	
   1.1019998e+04	   3.5912770e-06	
   1.1030025e+04	   3.2873280e-06	
   1.1039995e+04	   3.0449060e-06	
   1.1050023e+04	   2.7956540e-06	
   1.1060022e+04	   2.5751330e-06	
   1.1069992e+04	   2.3650960e-06	
   1.1079990e+04	   2.1869450e-06	
   1.1090018e+04	   2.0169070e-06	
   1.1099988e+04	   1.8613740e-06	
   1.1110016e+04	   1.6995550e-06	
   1.1119986e+04	   1.5773670e-06	
   1.1130043e+04	   1.4345640e-06	
   1.1140013e+04	   1.3423570e-06	
   1.1150041e+04	   1.2341310e-06	
   1.1160010e+04	   1.1415220e-06	
   1.1170038e+04	   1.0571670e-06	
   1.1180008e+04	   9.7531440e-07	
   1.1190007e+04	   9.1003340e-07	
   1.1200035e+04	   8.4129810e-07	
   1.1210005e+04	   7.8276330e-07	
   1.1220033e+04	   7.2823420e-07	
   1.1230002e+04	   6.8670360e-07	
   1.1240030e+04	   6.4442470e-07	
   1.1250030e+04	   6.0500120e-07	
   1.1259999e+04	   5.7182140e-07	
   1.1270027e+04	   5.3859210e-07	
   1.1279997e+04	   5.1353420e-07	
   1.1289995e+04	   4.8596500e-07	
   1.1300023e+04	   4.6687590e-07	
   1.1309993e+04	   4.4394920e-07	
   1.1320021e+04	   4.2388080e-07	
   1.1329990e+04	   4.0610560e-07	
   1.1339990e+04	   3.8962620e-07	
   1.1349988e+04	   3.7212960e-07	
   1.1360016e+04	   3.5517710e-07	
   1.1369986e+04	   3.3936790e-07	
   1.1380014e+04	   3.2515990e-07	
   1.1390042e+04	   3.0994700e-07	
   1.1400041e+04	   2.9527750e-07	
   1.1410010e+04	   2.8079940e-07	
   1.1420038e+04	   2.6726660e-07	
   1.1430037e+04	   2.5329310e-07	
   1.1440036e+04	   2.4039010e-07	
   1.1450006e+04	   2.2635480e-07	
   1.1460033e+04	   2.1532660e-07	
   1.1470003e+04	   2.0434300e-07	
   1.1480031e+04	   1.9351150e-07	
   1.1490001e+04	   1.8205980e-07	
   1.1500000e+04	   1.7185120e-07	
