   8.5000000e+03	   2.6866520e-04	
   8.5100279e+03	   2.6875970e-04	
   8.5200558e+03	   2.6879250e-04	
   8.5300255e+03	   2.6874750e-04	
   8.5400248e+03	   2.6873590e-04	
   8.5500231e+03	   2.6883340e-04	
   8.5600224e+03	   2.6890790e-04	
   8.5700207e+03	   2.6880930e-04	
   8.5800200e+03	   2.6899310e-04	
   8.5900183e+03	   2.6901330e-04	
   8.6000175e+03	   2.6897230e-04	
   8.6100159e+03	   2.6883450e-04	
   8.6200151e+03	   2.6897960e-04	
   8.6300430e+03	   2.6901960e-04	
   8.6400709e+03	   2.6921490e-04	
   8.6500406e+03	   2.6916020e-04	
   8.6600399e+03	   2.6915270e-04	
   8.6700382e+03	   2.6921130e-04	
   8.6800375e+03	   2.6928600e-04	
   8.6900358e+03	   2.6936060e-04	
   8.7000351e+03	   2.6934490e-04	
   8.7100334e+03	   2.6942290e-04	
   8.7200327e+03	   2.6934750e-04	
   8.7300310e+03	   2.6920200e-04	
   8.7400599e+03	   2.6935780e-04	
   8.7500296e+03	   2.6941960e-04	
   8.7600279e+03	   2.6955980e-04	
   8.7700558e+03	   2.6973620e-04	
   8.7800255e+03	   2.6955940e-04	
   8.7900248e+03	   2.6969470e-04	
   8.8000231e+03	   2.6965080e-04	
   8.8100224e+03	   2.6974180e-04	
   8.8200502e+03	   2.6986740e-04	
   8.8299904e+03	   2.6952830e-04	
   8.8400183e+03	   2.6990330e-04	
   8.8500175e+03	   2.6998990e-04	
   8.8600454e+03	   2.7001670e-04	
   8.8700151e+03	   2.7004870e-04	
   8.8800430e+03	   2.7009710e-04	
   8.8900423e+03	   2.7006120e-04	
   8.9000406e+03	   2.7013410e-04	
   8.9100685e+03	   2.7017110e-04	
   8.9200382e+03	   2.7017030e-04	
   8.9300375e+03	   2.7025460e-04	
   8.9400358e+03	   2.7029040e-04	
   8.9500351e+03	   2.7036210e-04	
   8.9600334e+03	   2.7034040e-04	
   8.9700327e+03	   2.7024090e-04	
   8.9800606e+03	   2.7025190e-04	
   8.9900303e+03	   2.7033390e-04	
   9.0000296e+03	   2.7036920e-04	
   9.0100279e+03	   2.7037810e-04	
   9.0200272e+03	   2.7040720e-04	
   9.0300255e+03	   2.7057880e-04	
   9.0400248e+03	   2.7061090e-04	
   9.0500231e+03	   2.7061160e-04	
   9.0600224e+03	   2.7061040e-04	
   9.0700207e+03	   2.7070520e-04	
   9.0799904e+03	   2.7064620e-04	
   9.0900183e+03	   2.7069500e-04	
   9.1000175e+03	   2.7082200e-04	
   9.1100159e+03	   2.7086000e-04	
   9.1200151e+03	   2.7086290e-04	
   9.1300430e+03	   2.7093490e-04	
   9.1400423e+03	   2.7088810e-04	
   9.1500406e+03	   2.7088550e-04	
   9.1600399e+03	   2.7077040e-04	
   9.1700382e+03	   2.7090830e-04	
   9.1800375e+03	   2.7085760e-04	
   9.1900358e+03	   2.7090590e-04	
   9.2000351e+03	   2.7093000e-04	
   9.2100334e+03	   2.7100710e-04	
   9.2200327e+03	   2.7114250e-04	
   9.2300310e+03	   2.7100900e-04	
   9.2400303e+03	   2.7099880e-04	
   9.2500000e+03	   2.7107420e-04	
   9.2600279e+03	   2.7116200e-04	
   9.2700272e+03	   2.7113890e-04	
   9.2800255e+03	   2.7104120e-04	
   9.2900248e+03	   2.7117830e-04	
   9.3000231e+03	   2.7120510e-04	
   9.3100224e+03	   2.7119780e-04	
   9.3200207e+03	   2.7117610e-04	
   9.3300200e+03	   2.7115880e-04	
   9.3400183e+03	   2.7095080e-04	
   9.3500175e+03	   2.7121820e-04	
   9.3600159e+03	   2.7124220e-04	
   9.3700151e+03	   2.7104030e-04	
   9.3800430e+03	   2.7111040e-04	
   9.3900423e+03	   2.7116390e-04	
   9.4000406e+03	   2.7118600e-04	
   9.4100399e+03	   2.7104460e-04	
   9.4200382e+03	   2.7110300e-04	
   9.4300375e+03	   2.7108580e-04	
   9.4400358e+03	   2.7094940e-04	
   9.4500351e+03	   2.7107070e-04	
   9.4600334e+03	   2.7090470e-04	
   9.4700327e+03	   2.7088680e-04	
   9.4800310e+03	   2.7090180e-04	
   9.4900303e+03	   2.7089860e-04	
   9.5000000e+03	   2.7084750e-04	
   9.5100279e+03	   2.7069980e-04	
   9.5199976e+03	   2.7065080e-04	
   9.5300255e+03	   2.7057400e-04	
   9.5400248e+03	   2.7055760e-04	
   9.5499945e+03	   2.7045180e-04	
   9.5600224e+03	   2.7033060e-04	
   9.5700207e+03	   2.7023890e-04	
   9.5799904e+03	   2.7022280e-04	
   9.5900183e+03	   2.7009180e-04	
   9.6000175e+03	   2.7001530e-04	
   9.6099873e+03	   2.6980480e-04	
   9.6200151e+03	   2.6976790e-04	
   9.6300144e+03	   2.6954980e-04	
   9.6400423e+03	   2.6947980e-04	
   9.6500120e+03	   2.6931050e-04	
   9.6600399e+03	   2.6923850e-04	
   9.6700382e+03	   2.6899270e-04	
   9.6800079e+03	   2.6887960e-04	
   9.6900358e+03	   2.6853830e-04	
   9.7000351e+03	   2.6851050e-04	
   9.7100048e+03	   2.6829510e-04	
   9.7200327e+03	   2.6800790e-04	
   9.7300024e+03	   2.6780750e-04	
   9.7400303e+03	   2.6762870e-04	
   9.7500000e+03	   2.6720650e-04	
   9.7600279e+03	   2.6693160e-04	
   9.7700272e+03	   2.6668120e-04	
   9.7800255e+03	   2.6639050e-04	
   9.7899952e+03	   2.6604550e-04	
   9.8000231e+03	   2.6560740e-04	
   9.8099928e+03	   2.6524170e-04	
   9.8200207e+03	   2.6485220e-04	
   9.8299904e+03	   2.6450740e-04	
   9.8399897e+03	   2.6403790e-04	
   9.8500175e+03	   2.6360120e-04	
   9.8600159e+03	   2.6305380e-04	
   9.8699856e+03	   2.6251860e-04	
   9.8800144e+03	   2.6208900e-04	
   9.8900423e+03	   2.6147880e-04	
   9.9000406e+03	   2.6102390e-04	
   9.9100103e+03	   2.6026340e-04	
   9.9200382e+03	   2.5968150e-04	
   9.9300079e+03	   2.5897390e-04	
   9.9400358e+03	   2.5841880e-04	
   9.9500351e+03	   2.5768030e-04	
   9.9600334e+03	   2.5674200e-04	
   9.9700031e+03	   2.5591630e-04	
   9.9800310e+03	   2.5502050e-04	
   9.9900303e+03	   2.5427430e-04	
   1.0000000e+04	   2.5325830e-04	
   1.0010028e+04	   2.5232610e-04	
   1.0019998e+04	   2.5145880e-04	
   1.0030025e+04	   2.5031690e-04	
   1.0039995e+04	   2.4915680e-04	
   1.0049994e+04	   2.4792900e-04	
   1.0060022e+04	   2.4675370e-04	
   1.0069992e+04	   2.4549990e-04	
   1.0080020e+04	   2.4422660e-04	
   1.0090018e+04	   2.4274460e-04	
   1.0099988e+04	   2.4120790e-04	
   1.0110016e+04	   2.3995040e-04	
   1.0119986e+04	   2.3843050e-04	
   1.0130043e+04	   2.3674020e-04	
   1.0140013e+04	   2.3502550e-04	
   1.0150041e+04	   2.3343620e-04	
   1.0160010e+04	   2.3164410e-04	
   1.0170038e+04	   2.2987870e-04	
   1.0180008e+04	   2.2786440e-04	
   1.0190036e+04	   2.2613690e-04	
   1.0200006e+04	   2.2417600e-04	
   1.0210033e+04	   2.2214170e-04	
   1.0220033e+04	   2.2014620e-04	
   1.0230002e+04	   2.1784240e-04	
   1.0240030e+04	   2.1567040e-04	
   1.0250000e+04	   2.1337310e-04	
   1.0259999e+04	   2.1096580e-04	
   1.0270027e+04	   2.0852560e-04	
   1.0279997e+04	   2.0604780e-04	
   1.0290025e+04	   2.0333630e-04	
   1.0299994e+04	   2.0063260e-04	
   1.0310022e+04	   1.9779170e-04	
   1.0319992e+04	   1.9506670e-04	
   1.0330020e+04	   1.9214350e-04	
   1.0339990e+04	   1.8931290e-04	
   1.0350018e+04	   1.8637330e-04	
   1.0360016e+04	   1.8335260e-04	
   1.0370015e+04	   1.8040180e-04	
   1.0380014e+04	   1.7739430e-04	
   1.0390042e+04	   1.7406140e-04	
   1.0400041e+04	   1.7093780e-04	
   1.0410010e+04	   1.6788160e-04	
   1.0420038e+04	   1.6466820e-04	
   1.0430037e+04	   1.6138380e-04	
   1.0440007e+04	   1.5820140e-04	
   1.0450035e+04	   1.5492680e-04	
   1.0460033e+04	   1.5149950e-04	
   1.0470003e+04	   1.4821450e-04	
   1.0480031e+04	   1.4482260e-04	
   1.0490030e+04	   1.4135500e-04	
   1.0500000e+04	   1.3792120e-04	
   1.0510028e+04	   1.3446290e-04	
   1.0519998e+04	   1.3117630e-04	
   1.0530025e+04	   1.2783880e-04	
   1.0539995e+04	   1.2445240e-04	
   1.0549994e+04	   1.2106210e-04	
   1.0560022e+04	   1.1782110e-04	
   1.0569992e+04	   1.1462060e-04	
   1.0580020e+04	   1.1123440e-04	
   1.0589990e+04	   1.0802400e-04	
   1.0600018e+04	   1.0459490e-04	
   1.0609987e+04	   1.0138740e-04	
   1.0619986e+04	   9.8266070e-05	
   1.0630043e+04	   9.5180180e-05	
   1.0640013e+04	   9.2005680e-05	
   1.0650041e+04	   8.8985480e-05	
   1.0660010e+04	   8.5934800e-05	
   1.0670010e+04	   8.2919370e-05	
   1.0680037e+04	   7.9904770e-05	
   1.0690036e+04	   7.6845530e-05	
   1.0700006e+04	   7.3989960e-05	
   1.0710033e+04	   7.1107080e-05	
   1.0720033e+04	   6.8243450e-05	
   1.0730002e+04	   6.5390140e-05	
   1.0740030e+04	   6.2683710e-05	
   1.0750000e+04	   5.9914800e-05	
   1.0759999e+04	   5.7289670e-05	
   1.0770027e+04	   5.4649690e-05	
   1.0779997e+04	   5.2280590e-05	
   1.0789995e+04	   4.9710360e-05	
   1.0800023e+04	   4.7434630e-05	
   1.0809993e+04	   4.5036710e-05	
   1.0820021e+04	   4.2663270e-05	
   1.0829990e+04	   4.0422180e-05	
   1.0839990e+04	   3.8380530e-05	
   1.0849988e+04	   3.6188460e-05	
   1.0860016e+04	   3.4204250e-05	
   1.0869986e+04	   3.2031050e-05	
   1.0880043e+04	   3.0276300e-05	
   1.0890013e+04	   2.8526720e-05	
   1.0900041e+04	   2.6659630e-05	
   1.0910010e+04	   2.5071960e-05	
   1.0920038e+04	   2.3229220e-05	
   1.0930008e+04	   2.2011710e-05	
   1.0940036e+04	   2.0449180e-05	
   1.0950006e+04	   1.9130180e-05	
   1.0960033e+04	   1.7754140e-05	
   1.0970003e+04	   1.6544340e-05	
   1.0980002e+04	   1.5421420e-05	
   1.0990030e+04	   1.4195790e-05	
   1.1000000e+04	   1.3152390e-05	
   1.1010028e+04	   1.2059090e-05	
   1.1019998e+04	   1.1111030e-05	
   1.1030025e+04	   1.0179670e-05	
   1.1040025e+04	   9.3122980e-06	
   1.1049994e+04	   8.5388820e-06	
   1.1060022e+04	   7.8421110e-06	
   1.1069992e+04	   7.2183370e-06	
   1.1079990e+04	   6.6592390e-06	
   1.1090018e+04	   6.1525420e-06	
   1.1100018e+04	   5.7081160e-06	
   1.1109987e+04	   5.3053510e-06	
   1.1119986e+04	   4.9393780e-06	
   1.1130043e+04	   4.6229490e-06	
   1.1140013e+04	   4.3493070e-06	
   1.1150012e+04	   4.1111170e-06	
   1.1160040e+04	   3.8948920e-06	
   1.1170010e+04	   3.7067420e-06	
   1.1180037e+04	   3.5457250e-06	
   1.1190007e+04	   3.3796960e-06	
   1.1200035e+04	   3.2392530e-06	
   1.1210005e+04	   3.0920820e-06	
   1.1220033e+04	   2.9537380e-06	
   1.1230002e+04	   2.8169960e-06	
   1.1240001e+04	   2.6700320e-06	
   1.1250030e+04	   2.5218800e-06	
   1.1259999e+04	   2.3779020e-06	
   1.1270027e+04	   2.2326300e-06	
   1.1279997e+04	   2.0984330e-06	
   1.1289995e+04	   1.9637830e-06	
   1.1300023e+04	   1.8330910e-06	
   1.1309993e+04	   1.7113900e-06	
   1.1320021e+04	   1.5920920e-06	
   1.1330020e+04	   1.4845520e-06	
   1.1339990e+04	   1.3831560e-06	
   1.1349988e+04	   1.2826140e-06	
   1.1360016e+04	   1.1877730e-06	
   1.1369986e+04	   1.1007260e-06	
   1.1380043e+04	   1.0201510e-06	
   1.1390013e+04	   9.4114690e-07	
   1.1400041e+04	   8.6828630e-07	
   1.1410010e+04	   8.0011350e-07	
   1.1420038e+04	   7.3695150e-07	
   1.1430008e+04	   6.7820950e-07	
   1.1440007e+04	   6.2512650e-07	
   1.1450035e+04	   5.7464170e-07	
   1.1460005e+04	   5.2806060e-07	
   1.1470003e+04	   4.8555660e-07	
   1.1480031e+04	   4.4540210e-07	
   1.1490001e+04	   4.0873450e-07	
   1.1500000e+04	   3.7495340e-07	
