   9.0000296e+03	   2.0517260e-04	
   9.0100279e+03	   2.0509210e-04	
   9.0200272e+03	   2.0490390e-04	
   9.0300255e+03	   2.0491300e-04	
   9.0400248e+03	   2.0487120e-04	
   9.0500231e+03	   2.0457170e-04	
   9.0600224e+03	   2.0460920e-04	
   9.0700207e+03	   2.0478930e-04	
   9.0799904e+03	   2.0484370e-04	
   9.0900478e+03	   2.0470830e-04	
   9.1000175e+03	   2.0467720e-04	
   9.1100454e+03	   2.0471290e-04	
   9.1200151e+03	   2.0474400e-04	
   9.1300430e+03	   2.0470220e-04	
   9.1400423e+03	   2.0464810e-04	
   9.1500406e+03	   2.0461320e-04	
   9.1600399e+03	   2.0470470e-04	
   9.1700382e+03	   2.0459190e-04	
   9.1800375e+03	   2.0470790e-04	
   9.1900358e+03	   2.0454100e-04	
   9.2000351e+03	   2.0447670e-04	
   9.2100334e+03	   2.0455310e-04	
   9.2200031e+03	   2.0451430e-04	
   9.2300310e+03	   2.0450090e-04	
   9.2400303e+03	   2.0443040e-04	
   9.2500296e+03	   2.0451160e-04	
   9.2600279e+03	   2.0453340e-04	
   9.2700272e+03	   2.0442620e-04	
   9.2800255e+03	   2.0441760e-04	
   9.2899952e+03	   2.0456000e-04	
   9.3000231e+03	   2.0492400e-04	
   9.3100224e+03	   2.0455860e-04	
   9.3200207e+03	   2.0408180e-04	
   9.3300200e+03	   2.0417240e-04	
   9.3399897e+03	   2.0424190e-04	
   9.3500175e+03	   2.0419720e-04	
   9.3600159e+03	   2.0412960e-04	
   9.3700151e+03	   2.0425840e-04	
   9.3800430e+03	   2.0411650e-04	
   9.3900423e+03	   2.0429790e-04	
   9.4000406e+03	   2.0434680e-04	
   9.4100399e+03	   2.0392280e-04	
   9.4200382e+03	   2.0357080e-04	
   9.4300375e+03	   2.0411890e-04	
   9.4400072e+03	   2.0369850e-04	
   9.4500351e+03	   2.0397590e-04	
   9.4600334e+03	   2.0394880e-04	
   9.4700327e+03	   2.0389050e-04	
   9.4800024e+03	   2.0371560e-04	
   9.4900303e+03	   2.0351250e-04	
   9.5000000e+03	   2.0347260e-04	
   9.5100279e+03	   2.0369830e-04	
   9.5199976e+03	   2.0357840e-04	
   9.5300255e+03	   2.0356230e-04	
   9.5400248e+03	   2.0338060e-04	
   9.5499945e+03	   2.0341640e-04	
   9.5600224e+03	   2.0353850e-04	
   9.5700207e+03	   2.0336820e-04	
   9.5799904e+03	   2.0321940e-04	
   9.5900183e+03	   2.0328380e-04	
   9.6000175e+03	   2.0324760e-04	
   9.6099873e+03	   2.0318640e-04	
   9.6199856e+03	   2.0291530e-04	
   9.6300430e+03	   2.0297220e-04	
   9.6400423e+03	   2.0288670e-04	
   9.6500406e+03	   2.0286890e-04	
   9.6600103e+03	   2.0265750e-04	
   9.6700382e+03	   2.0275250e-04	
   9.6800079e+03	   2.0274310e-04	
   9.6900358e+03	   2.0260690e-04	
   9.7000351e+03	   2.0251870e-04	
   9.7100048e+03	   2.0225280e-04	
   9.7200327e+03	   2.0209900e-04	
   9.7300024e+03	   2.0213510e-04	
   9.7400303e+03	   2.0205560e-04	
   9.7500000e+03	   2.0200760e-04	
   9.7600279e+03	   2.0190910e-04	
   9.7700272e+03	   2.0187510e-04	
   9.7799969e+03	   2.0173780e-04	
   9.7899952e+03	   2.0161500e-04	
   9.8000231e+03	   2.0159260e-04	
   9.8099928e+03	   2.0164780e-04	
   9.8200207e+03	   2.0134680e-04	
   9.8299904e+03	   2.0108800e-04	
   9.8399897e+03	   2.0107580e-04	
   9.8500175e+03	   2.0088450e-04	
   9.8600159e+03	   2.0076000e-04	
   9.8699856e+03	   2.0060680e-04	
   9.8800430e+03	   2.0050560e-04	
   9.8900423e+03	   2.0022930e-04	
   9.9000406e+03	   2.0003690e-04	
   9.9100103e+03	   1.9995900e-04	
   9.9200096e+03	   1.9979170e-04	
   9.9300375e+03	   1.9953210e-04	
   9.9400358e+03	   1.9934900e-04	
   9.9500055e+03	   1.9917900e-04	
   9.9600334e+03	   1.9911670e-04	
   9.9700031e+03	   1.9890780e-04	
   9.9800310e+03	   1.9864070e-04	
   9.9900007e+03	   1.9850060e-04	
   1.0000030e+04	   1.9829590e-04	
   1.0010028e+04	   1.9798920e-04	
   1.0019998e+04	   1.9778930e-04	
   1.0030025e+04	   1.9752840e-04	
   1.0039995e+04	   1.9720500e-04	
   1.0050023e+04	   1.9691150e-04	
   1.0060022e+04	   1.9660990e-04	
   1.0069992e+04	   1.9638540e-04	
   1.0080020e+04	   1.9591190e-04	
   1.0090018e+04	   1.9556200e-04	
   1.0100018e+04	   1.9519750e-04	
   1.0109987e+04	   1.9494130e-04	
   1.0120015e+04	   1.9462490e-04	
   1.0130014e+04	   1.9421760e-04	
   1.0140042e+04	   1.9364170e-04	
   1.0150012e+04	   1.9298960e-04	
   1.0160040e+04	   1.9264130e-04	
   1.0170038e+04	   1.9219830e-04	
   1.0180008e+04	   1.9185820e-04	
   1.0190007e+04	   1.9141530e-04	
   1.0200035e+04	   1.9081770e-04	
   1.0210033e+04	   1.9029830e-04	
   1.0220003e+04	   1.9012880e-04	
   1.0230031e+04	   1.8931700e-04	
   1.0240001e+04	   1.8879580e-04	
   1.0250030e+04	   1.8823530e-04	
   1.0259999e+04	   1.8763810e-04	
   1.0270027e+04	   1.8693770e-04	
   1.0280025e+04	   1.8628490e-04	
   1.0289995e+04	   1.8565580e-04	
   1.0300023e+04	   1.8487310e-04	
   1.0309993e+04	   1.8419360e-04	
   1.0320021e+04	   1.8345270e-04	
   1.0329990e+04	   1.8274180e-04	
   1.0340018e+04	   1.8197320e-04	
   1.0350018e+04	   1.8116660e-04	
   1.0360016e+04	   1.8030350e-04	
   1.0369986e+04	   1.7950430e-04	
   1.0380043e+04	   1.7865340e-04	
   1.0390013e+04	   1.7769700e-04	
   1.0400041e+04	   1.7665650e-04	
   1.0410010e+04	   1.7574490e-04	
   1.0420038e+04	   1.7481320e-04	
   1.0430037e+04	   1.7378370e-04	
   1.0440007e+04	   1.7280710e-04	
   1.0450035e+04	   1.7171060e-04	
   1.0460033e+04	   1.7067350e-04	
   1.0470003e+04	   1.6957120e-04	
   1.0480031e+04	   1.6842890e-04	
   1.0490030e+04	   1.6727460e-04	
   1.0500000e+04	   1.6611900e-04	
   1.0510028e+04	   1.6489430e-04	
   1.0519998e+04	   1.6367200e-04	
   1.0530025e+04	   1.6252130e-04	
   1.0539995e+04	   1.6129630e-04	
   1.0549994e+04	   1.6002740e-04	
   1.0560022e+04	   1.5870400e-04	
   1.0569992e+04	   1.5741980e-04	
   1.0580020e+04	   1.5613170e-04	
   1.0589990e+04	   1.5479480e-04	
   1.0600018e+04	   1.5338100e-04	
   1.0609987e+04	   1.5195350e-04	
   1.0620015e+04	   1.5060960e-04	
   1.0630014e+04	   1.4924680e-04	
   1.0640042e+04	   1.4774480e-04	
   1.0650012e+04	   1.4622130e-04	
   1.0660040e+04	   1.4467700e-04	
   1.0670010e+04	   1.4312510e-04	
   1.0680037e+04	   1.4159760e-04	
   1.0690036e+04	   1.3996270e-04	
   1.0700006e+04	   1.3824340e-04	
   1.0710033e+04	   1.3649260e-04	
   1.0720033e+04	   1.3473590e-04	
   1.0730002e+04	   1.3303380e-04	
   1.0740030e+04	   1.3123310e-04	
   1.0750030e+04	   1.2944480e-04	
   1.0759999e+04	   1.2759930e-04	
   1.0770027e+04	   1.2565720e-04	
   1.0779997e+04	   1.2381190e-04	
   1.0790025e+04	   1.2190170e-04	
   1.0799994e+04	   1.2005700e-04	
   1.0810022e+04	   1.1817690e-04	
   1.0820021e+04	   1.1612740e-04	
   1.0829990e+04	   1.1399320e-04	
   1.0839990e+04	   1.1189420e-04	
   1.0850018e+04	   1.0984480e-04	
   1.0859987e+04	   1.0789060e-04	
   1.0869986e+04	   1.0587270e-04	
   1.0880043e+04	   1.0379040e-04	
   1.0890013e+04	   1.0167780e-04	
   1.0900041e+04	   9.9498200e-05	
   1.0910010e+04	   9.7262790e-05	
   1.0920038e+04	   9.5033310e-05	
   1.0930037e+04	   9.2870140e-05	
   1.0940036e+04	   9.0729920e-05	
   1.0950006e+04	   8.8628380e-05	
   1.0960033e+04	   8.6414040e-05	
   1.0970003e+04	   8.4248980e-05	
   1.0980002e+04	   8.2018030e-05	
   1.0990030e+04	   7.9697330e-05	
   1.1000000e+04	   7.7339740e-05	
   1.1010028e+04	   7.4934580e-05	
   1.1019998e+04	   7.2607250e-05	
   1.1030025e+04	   7.0257530e-05	
   1.1040025e+04	   6.7941900e-05	
   1.1049994e+04	   6.5866190e-05	
   1.1060022e+04	   6.3769490e-05	
   1.1069992e+04	   6.1750010e-05	
   1.1080020e+04	   5.9655350e-05	
   1.1089990e+04	   5.7431530e-05	
   1.1100018e+04	   5.5077430e-05	
   1.1109987e+04	   5.2608010e-05	
   1.1119986e+04	   5.0034400e-05	
   1.1130043e+04	   4.7415280e-05	
   1.1140013e+04	   4.4779360e-05	
   1.1150012e+04	   4.2076980e-05	
   1.1160040e+04	   3.9604090e-05	
   1.1170010e+04	   3.7211880e-05	
   1.1180008e+04	   3.5003440e-05	
   1.1190036e+04	   3.2666480e-05	
   1.1200006e+04	   3.0548030e-05	
   1.1210033e+04	   2.8557830e-05	
   1.1220003e+04	   2.6760930e-05	
   1.1230031e+04	   2.5043960e-05	
   1.1240001e+04	   2.3641320e-05	
   1.1250030e+04	   2.2390550e-05	
   1.1259999e+04	   2.1295690e-05	
   1.1270027e+04	   2.0405490e-05	
   1.1279997e+04	   1.9663070e-05	
   1.1289995e+04	   1.9042940e-05	
   1.1300023e+04	   1.8481750e-05	
   1.1310022e+04	   1.7991390e-05	
   1.1319992e+04	   1.7496050e-05	
   1.1330020e+04	   1.7009230e-05	
   1.1339990e+04	   1.6524590e-05	
   1.1350018e+04	   1.6025560e-05	
   1.1359987e+04	   1.5484410e-05	
   1.1370015e+04	   1.4927820e-05	
   1.1380014e+04	   1.4390730e-05	
   1.1390042e+04	   1.3802940e-05	
   1.1400041e+04	   1.3204850e-05	
   1.1410010e+04	   1.2614320e-05	
   1.1420038e+04	   1.2008460e-05	
   1.1430037e+04	   1.1418550e-05	
   1.1440007e+04	   1.0846280e-05	
   1.1450035e+04	   1.0256800e-05	
   1.1460033e+04	   9.6952640e-06	
   1.1470003e+04	   9.1728540e-06	
   1.1480031e+04	   8.6554870e-06	
   1.1490001e+04	   8.1573390e-06	
   1.1500030e+04	   7.6962200e-06	
   1.1509999e+04	   7.2448830e-06	
   1.1520027e+04	   6.7948360e-06	
   1.1529997e+04	   6.3783770e-06	
   1.1540025e+04	   5.9699710e-06	
   1.1549994e+04	   5.5998900e-06	
   1.1560022e+04	   5.2474040e-06	
   1.1569992e+04	   4.9167450e-06	
   1.1580020e+04	   4.6022320e-06	
   1.1590018e+04	   4.3032950e-06	
   1.1599988e+04	   4.0146300e-06	
   1.1610016e+04	   3.7504940e-06	
   1.1619986e+04	   3.4983660e-06	
   1.1630043e+04	   3.2541030e-06	
   1.1640042e+04	   3.0206350e-06	
   1.1650012e+04	   2.7976330e-06	
   1.1660040e+04	   2.5859120e-06	
   1.1670010e+04	   2.3815530e-06	
   1.1680037e+04	   2.1894550e-06	
   1.1690007e+04	   2.0105240e-06	
   1.1700035e+04	   1.8468240e-06	
   1.1710005e+04	   1.6988380e-06	
   1.1720033e+04	   1.5579080e-06	
   1.1730031e+04	   1.4330110e-06	
   1.1740030e+04	   1.3172460e-06	
   1.1750000e+04	   1.2124500e-06	
   1.1760028e+04	   1.1144660e-06	
   1.1770027e+04	   1.0327220e-06	
   1.1779997e+04	   9.5306310e-07	
   1.1789995e+04	   8.8330070e-07	
   1.1800023e+04	   8.2113380e-07	
   1.1809993e+04	   7.6396020e-07	
   1.1820021e+04	   7.1312300e-07	
   1.1829990e+04	   6.6575720e-07	
   1.1839990e+04	   6.2484670e-07	
   1.1850018e+04	   5.8425250e-07	
   1.1860016e+04	   5.4884610e-07	
   1.1869986e+04	   5.1839120e-07	
   1.1880043e+04	   4.8633790e-07	
   1.1890013e+04	   4.6012980e-07	
   1.1900041e+04	   4.3394650e-07	
   1.1910010e+04	   4.1388940e-07	
   1.1920038e+04	   3.9245050e-07	
   1.1930008e+04	   3.7417260e-07	
   1.1940036e+04	   3.5610830e-07	
   1.1950006e+04	   3.3907680e-07	
   1.1960005e+04	   3.2585040e-07	
   1.1970033e+04	   3.1092420e-07	
   1.1980002e+04	   2.9821290e-07	
   1.1990001e+04	   2.8860360e-07	
   1.2000030e+04	   2.7589490e-07	
