   6.5000291e+03	   1.9051830e-04	
   6.5100279e+03	   1.9017390e-04	
   6.5200558e+03	   1.9033740e-04	
   6.5299964e+03	   1.9013840e-04	
   6.5400243e+03	   1.9031310e-04	
   6.5500236e+03	   1.9039130e-04	
   6.5600224e+03	   1.9065510e-04	
   6.5700212e+03	   1.9054720e-04	
   6.5800200e+03	   1.9042700e-04	
   6.5900187e+03	   1.9034520e-04	
   6.6000466e+03	   1.9047230e-04	
   6.6100163e+03	   1.9049240e-04	
   6.6200442e+03	   1.9051310e-04	
   6.6300430e+03	   1.9049940e-04	
   6.6400418e+03	   1.9051900e-04	
   6.6500406e+03	   1.9057350e-04	
   6.6600690e+03	   1.9052320e-04	
   6.6700387e+03	   1.9055820e-04	
   6.6800375e+03	   1.9044010e-04	
   6.6900363e+03	   1.9049490e-04	
   6.7000351e+03	   1.9039880e-04	
   6.7100630e+03	   1.9061160e-04	
   6.7200327e+03	   1.9058260e-04	
   6.7300315e+03	   1.9048290e-04	
   6.7400594e+03	   1.9041180e-04	
   6.7500291e+03	   1.9056050e-04	
   6.7600279e+03	   1.9034380e-04	
   6.7700267e+03	   1.9048320e-04	
   6.7800255e+03	   1.9038640e-04	
   6.7900243e+03	   1.9040840e-04	
   6.8000526e+03	   1.9047090e-04	
   6.8100224e+03	   1.9054070e-04	
   6.8200212e+03	   1.9063140e-04	
   6.8300490e+03	   1.9041890e-04	
   6.8399897e+03	   1.9044380e-04	
   6.8500466e+03	   1.9057730e-04	
   6.8600163e+03	   1.9054710e-04	
   6.8700151e+03	   1.9039970e-04	
   6.8800430e+03	   1.9044840e-04	
   6.8900418e+03	   1.9051030e-04	
   6.9000406e+03	   1.9055460e-04	
   6.9100394e+03	   1.9058530e-04	
   6.9200387e+03	   1.9050730e-04	
   6.9300375e+03	   1.9047180e-04	
   6.9400363e+03	   1.9050350e-04	
   6.9500642e+03	   1.9049090e-04	
   6.9600339e+03	   1.9050580e-04	
   6.9700327e+03	   1.9059380e-04	
   6.9800315e+03	   1.9058460e-04	
   6.9900594e+03	   1.9058280e-04	
   7.0000291e+03	   1.9033470e-04	
   7.0100570e+03	   1.9050360e-04	
   7.0200267e+03	   1.9052900e-04	
   7.0300546e+03	   1.9045040e-04	
   7.0400243e+03	   1.9056270e-04	
   7.0500236e+03	   1.9066340e-04	
   7.0600224e+03	   1.9063360e-04	
   7.0700502e+03	   1.9063130e-04	
   7.0800200e+03	   1.9060900e-04	
   7.0900187e+03	   1.9039430e-04	
   7.1000466e+03	   1.9051830e-04	
   7.1100163e+03	   1.9051020e-04	
   7.1200442e+03	   1.9056580e-04	
   7.1300430e+03	   1.9055350e-04	
   7.1400418e+03	   1.9051360e-04	
   7.1500406e+03	   1.9038680e-04	
   7.1600394e+03	   1.9025940e-04	
   7.1700678e+03	   1.9029550e-04	
   7.1800375e+03	   1.9029070e-04	
   7.1900363e+03	   1.9048200e-04	
   7.2000351e+03	   1.9037050e-04	
   7.2100630e+03	   1.9031510e-04	
   7.2200327e+03	   1.9028770e-04	
   7.2300606e+03	   1.9044010e-04	
   7.2400303e+03	   1.9034850e-04	
   7.2500291e+03	   1.9032940e-04	
   7.2600279e+03	   1.9018720e-04	
   7.2700558e+03	   1.9012930e-04	
   7.2800255e+03	   1.9035040e-04	
   7.2900243e+03	   1.9030140e-04	
   7.3000236e+03	   1.9018520e-04	
   7.3100514e+03	   1.9018470e-04	
   7.3200212e+03	   1.9041770e-04	
   7.3300200e+03	   1.9040060e-04	
   7.3400187e+03	   1.9027270e-04	
   7.3500466e+03	   1.9015330e-04	
   7.3600163e+03	   1.9015370e-04	
   7.3700151e+03	   1.9022570e-04	
   7.3800430e+03	   1.9012180e-04	
   7.3900418e+03	   1.9000540e-04	
   7.4000406e+03	   1.9023510e-04	
   7.4100394e+03	   1.9020760e-04	
   7.4200387e+03	   1.9033070e-04	
   7.4300666e+03	   1.9018330e-04	
   7.4400363e+03	   1.9018090e-04	
   7.4500351e+03	   1.8999590e-04	
   7.4600339e+03	   1.8999270e-04	
   7.4700618e+03	   1.8988420e-04	
   7.4800315e+03	   1.8992600e-04	
   7.4900594e+03	   1.9002190e-04	
   7.5000291e+03	   1.8965770e-04	
   7.5100570e+03	   1.8996770e-04	
   7.5200558e+03	   1.8996520e-04	
   7.5300255e+03	   1.8992550e-04	
   7.5400243e+03	   1.8985070e-04	
   7.5500236e+03	   1.8989180e-04	
   7.5600224e+03	   1.8963610e-04	
   7.5700212e+03	   1.8959040e-04	
   7.5800200e+03	   1.8947180e-04	
   7.5900187e+03	   1.8932110e-04	
   7.6000175e+03	   1.8934200e-04	
   7.6100163e+03	   1.8933010e-04	
   7.6200151e+03	   1.8926490e-04	
   7.6300430e+03	   1.8920430e-04	
   7.6400418e+03	   1.8913370e-04	
   7.6500702e+03	   1.8910260e-04	
   7.6600394e+03	   1.8891910e-04	
   7.6700387e+03	   1.8893570e-04	
   7.6800375e+03	   1.8887260e-04	
   7.6900363e+03	   1.8878080e-04	
   7.7000351e+03	   1.8865440e-04	
   7.7100339e+03	   1.8850520e-04	
   7.7200327e+03	   1.8853040e-04	
   7.7300315e+03	   1.8839180e-04	
   7.7400303e+03	   1.8834650e-04	
   7.7500291e+03	   1.8826880e-04	
   7.7600279e+03	   1.8815650e-04	
   7.7700267e+03	   1.8800500e-04	
   7.7800255e+03	   1.8787710e-04	
   7.7900243e+03	   1.8771820e-04	
   7.8000236e+03	   1.8759300e-04	
   7.8100224e+03	   1.8752030e-04	
   7.8200212e+03	   1.8743720e-04	
   7.8300200e+03	   1.8744530e-04	
   7.8400187e+03	   1.8712600e-04	
   7.8500175e+03	   1.8706550e-04	
   7.8600163e+03	   1.8699450e-04	
   7.8699861e+03	   1.8670310e-04	
   7.8800721e+03	   1.8665570e-04	
   7.8900418e+03	   1.8641210e-04	
   7.9000406e+03	   1.8622610e-04	
   7.9100394e+03	   1.8605000e-04	
   7.9200387e+03	   1.8589620e-04	
   7.9300375e+03	   1.8558570e-04	
   7.9400363e+03	   1.8519070e-04	
   7.9500351e+03	   1.8498790e-04	
   7.9600339e+03	   1.8492090e-04	
   7.9700327e+03	   1.8492280e-04	
   7.9800315e+03	   1.8483900e-04	
   7.9900303e+03	   1.8449480e-04	
   8.0000296e+03	   1.8436420e-04	
   8.0100574e+03	   1.8419290e-04	
   8.0200272e+03	   1.8409450e-04	
   8.0300255e+03	   1.8389860e-04	
   8.0400534e+03	   1.8318020e-04	
   8.0500231e+03	   1.8318520e-04	
   8.0600510e+03	   1.8314770e-04	
   8.0699921e+03	   1.8292420e-04	
   8.0800200e+03	   1.8272410e-04	
   8.0900183e+03	   1.8244860e-04	
   8.1000175e+03	   1.8215370e-04	
   8.1100159e+03	   1.8192130e-04	
   8.1200151e+03	   1.8150410e-04	
   8.1300430e+03	   1.8134910e-04	
   8.1400423e+03	   1.8094010e-04	
   8.1500406e+03	   1.8071190e-04	
   8.1600685e+03	   1.8038610e-04	
   8.1700382e+03	   1.7988450e-04	
   8.1800375e+03	   1.7961400e-04	
   8.1900358e+03	   1.7950620e-04	
   8.2000351e+03	   1.7932780e-04	
   8.2100334e+03	   1.7888020e-04	
   8.2200327e+03	   1.7849820e-04	
   8.2300310e+03	   1.7819410e-04	
   8.2400303e+03	   1.7775550e-04	
   8.2500296e+03	   1.7730370e-04	
   8.2600279e+03	   1.7702410e-04	
   8.2700558e+03	   1.7665250e-04	
   8.2800255e+03	   1.7641940e-04	
   8.2900248e+03	   1.7594790e-04	
   8.3000526e+03	   1.7554880e-04	
   8.3100224e+03	   1.7511190e-04	
   8.3200207e+03	   1.7432250e-04	
   8.3300200e+03	   1.7416250e-04	
   8.3400183e+03	   1.7373190e-04	
   8.3500175e+03	   1.7325140e-04	
   8.3600159e+03	   1.7280130e-04	
   8.3700151e+03	   1.7229680e-04	
   8.3800430e+03	   1.7176680e-04	
   8.3900423e+03	   1.7128160e-04	
   8.4000406e+03	   1.7064900e-04	
   8.4100399e+03	   1.7028150e-04	
   8.4200382e+03	   1.6958440e-04	
   8.4300375e+03	   1.6919040e-04	
   8.4400358e+03	   1.6854560e-04	
   8.4500351e+03	   1.6804990e-04	
   8.4600630e+03	   1.6744300e-04	
   8.4700327e+03	   1.6683050e-04	
   8.4800310e+03	   1.6614150e-04	
   8.4900303e+03	   1.6565210e-04	
   8.5000296e+03	   1.6517810e-04	
   8.5100574e+03	   1.6420980e-04	
   8.5200558e+03	   1.6364000e-04	
   8.5300255e+03	   1.6308990e-04	
   8.5400248e+03	   1.6223870e-04	
   8.5500231e+03	   1.6146710e-04	
   8.5600224e+03	   1.6076580e-04	
   8.5700502e+03	   1.5992210e-04	
   8.5799904e+03	   1.5912430e-04	
   8.5900478e+03	   1.5835740e-04	
   8.5999880e+03	   1.5767220e-04	
   8.6100454e+03	   1.5711310e-04	
   8.6200151e+03	   1.5627180e-04	
   8.6300144e+03	   1.5546610e-04	
   8.6400709e+03	   1.5458380e-04	
   8.6500406e+03	   1.5376630e-04	
   8.6600399e+03	   1.5303570e-04	
   8.6700382e+03	   1.5231640e-04	
   8.6800375e+03	   1.5125040e-04	
   8.6900358e+03	   1.5024100e-04	
   8.7000351e+03	   1.4931820e-04	
   8.7100334e+03	   1.4851370e-04	
   8.7200327e+03	   1.4759680e-04	
   8.7300310e+03	   1.4664200e-04	
   8.7400303e+03	   1.4564900e-04	
   8.7500296e+03	   1.4470960e-04	
   8.7600279e+03	   1.4374720e-04	
   8.7700272e+03	   1.4278110e-04	
   8.7800255e+03	   1.4180450e-04	
   8.7900248e+03	   1.4077630e-04	
   8.8000231e+03	   1.3978520e-04	
   8.8100224e+03	   1.3875640e-04	
   8.8200207e+03	   1.3770490e-04	
   8.8300200e+03	   1.3666600e-04	
   8.8400183e+03	   1.3556370e-04	
   8.8500175e+03	   1.3443550e-04	
   8.8600159e+03	   1.3336830e-04	
   8.8700151e+03	   1.3225640e-04	
   8.8800430e+03	   1.3109910e-04	
   8.8900423e+03	   1.2991650e-04	
   8.9000120e+03	   1.2872820e-04	
   8.9100685e+03	   1.2748230e-04	
   8.9200096e+03	   1.2632650e-04	
   8.9300375e+03	   1.2510640e-04	
   8.9400654e+03	   1.2392740e-04	
   8.9500351e+03	   1.2270440e-04	
   8.9600334e+03	   1.2142660e-04	
   8.9700327e+03	   1.2018810e-04	
   8.9800310e+03	   1.1888080e-04	
   8.9900303e+03	   1.1758530e-04	
   9.0000296e+03	   1.1626750e-04	
   9.0100279e+03	   1.1495060e-04	
   9.0200272e+03	   1.1361800e-04	
   9.0300255e+03	   1.1227780e-04	
   9.0400534e+03	   1.1092800e-04	
   9.0500231e+03	   1.0953970e-04	
   9.0600224e+03	   1.0818010e-04	
   9.0700207e+03	   1.0674620e-04	
   9.0800200e+03	   1.0530080e-04	
   9.0900183e+03	   1.0386270e-04	
   9.1000175e+03	   1.0248570e-04	
   9.1100159e+03	   1.0114310e-04	
   9.1200151e+03	   9.9606590e-05	
   9.1300430e+03	   9.8145300e-05	
   9.1400423e+03	   9.6666510e-05	
   9.1500406e+03	   9.5171810e-05	
   9.1600399e+03	   9.3653290e-05	
   9.1700096e+03	   9.2167310e-05	
   9.1800661e+03	   9.0650610e-05	
   9.1900358e+03	   8.9158410e-05	
   9.2000351e+03	   8.7581910e-05	
   9.2100334e+03	   8.6029630e-05	
   9.2200031e+03	   8.4481060e-05	
   9.2300310e+03	   8.3007780e-05	
   9.2400007e+03	   8.1481980e-05	
   9.2500296e+03	   7.9933260e-05	
   9.2600279e+03	   7.8376280e-05	
   9.2700272e+03	   7.6804510e-05	
   9.2799969e+03	   7.5274830e-05	
   9.2899952e+03	   7.3681480e-05	
   9.3000231e+03	   7.2121400e-05	
   9.3100224e+03	   7.0564260e-05	
   9.3199921e+03	   6.9084480e-05	
   9.3300200e+03	   6.7503920e-05	
   9.3399897e+03	   6.5928460e-05	
   9.3500175e+03	   6.4388420e-05	
   9.3600159e+03	   6.2859940e-05	
   9.3699856e+03	   6.1350530e-05	
   9.3800430e+03	   5.9834980e-05	
   9.3900423e+03	   5.8309530e-05	
   9.4000406e+03	   5.6722980e-05	
   9.4100399e+03	   5.5219430e-05	
   9.4200382e+03	   5.3582570e-05	
   9.4300375e+03	   5.2035780e-05	
   9.4400072e+03	   5.0579100e-05	
   9.4500351e+03	   4.9050800e-05	
   9.4600334e+03	   4.7560240e-05	
   9.4700327e+03	   4.6104110e-05	
   9.4800310e+03	   4.4540740e-05	
   9.4900303e+03	   4.3054630e-05	
   9.5000000e+03	   4.1634620e-05	
   9.5100279e+03	   4.0140590e-05	
   9.5199976e+03	   3.8749010e-05	
   9.5300255e+03	   3.7382540e-05	
   9.5399952e+03	   3.6065830e-05	
   9.5500231e+03	   3.4814290e-05	
   9.5600224e+03	   3.3425850e-05	
   9.5700207e+03	   3.2069330e-05	
   9.5799904e+03	   3.0809890e-05	
   9.5900183e+03	   2.9489900e-05	
   9.6000175e+03	   2.7984380e-05	
   9.6099873e+03	   2.6507780e-05	
   9.6200151e+03	   2.5102770e-05	
   9.6300430e+03	   2.3762160e-05	
   9.6400423e+03	   2.2455560e-05	
   9.6500406e+03	   2.1299490e-05	
   9.6600103e+03	   2.0341570e-05	
   9.6700382e+03	   1.9385970e-05	
   9.6800079e+03	   1.8508120e-05	
   9.6900358e+03	   1.7673730e-05	
   9.7000351e+03	   1.6963190e-05	
   9.7100334e+03	   1.6299430e-05	
   9.7200327e+03	   1.5670960e-05	
   9.7300024e+03	   1.5089030e-05	
   9.7400303e+03	   1.4621180e-05	
   9.7500000e+03	   1.4234180e-05	
   9.7600279e+03	   1.3892640e-05	
   9.7700272e+03	   1.3576470e-05	
   9.7800255e+03	   1.3279250e-05	
   9.7899952e+03	   1.3011170e-05	
   9.8000231e+03	   1.2733020e-05	
   9.8099928e+03	   1.2433790e-05	
   9.8200207e+03	   1.2109430e-05	
   9.8300200e+03	   1.1765870e-05	
   9.8399897e+03	   1.1395620e-05	
   9.8499880e+03	   1.1010780e-05	
   9.8600159e+03	   1.0616980e-05	
   9.8700151e+03	   1.0186660e-05	
   9.8800144e+03	   9.7624880e-06	
   9.8900423e+03	   9.3281390e-06	
   9.9000406e+03	   8.8868430e-06	
   9.9100103e+03	   8.4632040e-06	
   9.9200382e+03	   8.0509840e-06	
   9.9300079e+03	   7.6468980e-06	
   9.9400358e+03	   7.2491370e-06	
   9.9500055e+03	   6.8726290e-06	
   9.9600334e+03	   6.5063870e-06	
   9.9700031e+03	   6.1444860e-06	
   9.9800024e+03	   5.8002520e-06	
   9.9900303e+03	   5.4526480e-06	
   1.0000030e+04	   5.1119140e-06	
   1.0009999e+04	   4.8090450e-06	
   1.0020027e+04	   4.5266910e-06	
   1.0030025e+04	   4.2610800e-06	
   1.0039995e+04	   4.0140150e-06	
   1.0050023e+04	   3.7778890e-06	
   1.0060022e+04	   3.5515120e-06	
   1.0069992e+04	   3.3410100e-06	
   1.0080020e+04	   3.1413430e-06	
   1.0090018e+04	   2.9405850e-06	
   1.0099988e+04	   2.7596930e-06	
   1.0110016e+04	   2.5820360e-06	
   1.0119986e+04	   2.4143380e-06	
   1.0130043e+04	   2.2516890e-06	
   1.0140013e+04	   2.0961900e-06	
   1.0150041e+04	   1.9473520e-06	
   1.0160010e+04	   1.8097970e-06	
   1.0170038e+04	   1.6825000e-06	
   1.0180008e+04	   1.5583680e-06	
   1.0190007e+04	   1.4567820e-06	
   1.0200035e+04	   1.3558750e-06	
   1.0210033e+04	   1.2659090e-06	
   1.0220003e+04	   1.1876130e-06	
   1.0230031e+04	   1.1159290e-06	
   1.0240001e+04	   1.0473760e-06	
   1.0250030e+04	   9.8676420e-07	
   1.0259999e+04	   9.3387340e-07	
   1.0270027e+04	   8.8064530e-07	
   1.0280025e+04	   8.3567580e-07	
   1.0289995e+04	   7.9550130e-07	
   1.0300023e+04	   7.5871150e-07	
   1.0310022e+04	   7.2378620e-07	
   1.0319992e+04	   6.9533260e-07	
   1.0330020e+04	   6.6848360e-07	
   1.0339990e+04	   6.4255520e-07	
   1.0350018e+04	   6.1766830e-07	
   1.0360016e+04	   5.9719890e-07	
   1.0369986e+04	   5.7630000e-07	
   1.0380043e+04	   5.5687070e-07	
   1.0390013e+04	   5.3975150e-07	
   1.0400041e+04	   5.2509610e-07	
   1.0410040e+04	   5.0946430e-07	
   1.0420010e+04	   4.9611980e-07	
   1.0430037e+04	   4.8246400e-07	
   1.0440007e+04	   4.7029490e-07	
   1.0450035e+04	   4.5841820e-07	
   1.0460033e+04	   4.4657640e-07	
   1.0470003e+04	   4.3679260e-07	
   1.0480031e+04	   4.2361880e-07	
   1.0490030e+04	   4.1435500e-07	
   1.0500000e+04	   4.0408860e-07	
   1.0510028e+04	   3.9225430e-07	
   1.0519998e+04	   3.8171560e-07	
   1.0530025e+04	   3.7122810e-07	
   1.0540025e+04	   3.6310710e-07	
   1.0549994e+04	   3.5301060e-07	
   1.0560022e+04	   3.4288570e-07	
   1.0569992e+04	   3.3546900e-07	
   1.0580020e+04	   3.2462670e-07	
   1.0589990e+04	   3.1715820e-07	
   1.0600018e+04	   3.0765760e-07	
   1.0610016e+04	   2.9916630e-07	
   1.0619986e+04	   2.9122990e-07	
   1.0630014e+04	   2.8294700e-07	
   1.0640042e+04	   2.7494280e-07	
   1.0650012e+04	   2.6698610e-07	
   1.0660040e+04	   2.5915950e-07	
   1.0670010e+04	   2.5188500e-07	
   1.0680037e+04	   2.4470270e-07	
   1.0690036e+04	   2.3753640e-07	
   1.0700006e+04	   2.3064590e-07	
   1.0710005e+04	   2.2488160e-07	
   1.0720033e+04	   2.1860560e-07	
   1.0730002e+04	   2.1269130e-07	
   1.0740030e+04	   2.0728970e-07	
   1.0750000e+04	   2.0111850e-07	
   1.0759999e+04	   1.9494200e-07	
   1.0770027e+04	   1.8989880e-07	
   1.0779997e+04	   1.8424110e-07	
   1.0790025e+04	   1.7938270e-07	
   1.0800023e+04	   1.7411510e-07	
   1.0810022e+04	   1.6927660e-07	
   1.0820021e+04	   1.6500980e-07	
   1.0829990e+04	   1.5954090e-07	
   1.0839990e+04	   1.5539470e-07	
   1.0850018e+04	   1.5089200e-07	
   1.0860016e+04	   1.4654100e-07	
   1.0869986e+04	   1.4270650e-07	
   1.0880043e+04	   1.3846700e-07	
   1.0890042e+04	   1.3490440e-07	
   1.0900041e+04	   1.3085000e-07	
   1.0910010e+04	   1.2723090e-07	
   1.0920038e+04	   1.2377010e-07	
   1.0930037e+04	   1.2011900e-07	
   1.0940007e+04	   1.1689980e-07	
   1.0950035e+04	   1.1337850e-07	
   1.0960005e+04	   1.1023770e-07	
   1.0970033e+04	   1.0750670e-07	
   1.0980002e+04	   1.0453800e-07	
   1.0990030e+04	   1.0163720e-07	
   1.1000000e+04	   9.8901890e-08	
