   6.0000000e+03	   2.8865080e-04	
   6.0100279e+03	   2.8866020e-04	
   6.0200267e+03	   2.8865890e-04	
   6.0300255e+03	   2.8866650e-04	
   6.0400243e+03	   2.8866400e-04	
   6.0500236e+03	   2.8866840e-04	
   6.0600224e+03	   2.8868070e-04	
   6.0700212e+03	   2.8867460e-04	
   6.0800200e+03	   2.8868870e-04	
   6.0900187e+03	   2.8870040e-04	
   6.1000175e+03	   2.8870430e-04	
   6.1100163e+03	   2.8871410e-04	
   6.1200151e+03	   2.8871870e-04	
   6.1300430e+03	   2.8873550e-04	
   6.1400418e+03	   2.8874500e-04	
   6.1500406e+03	   2.8876090e-04	
   6.1600394e+03	   2.8877090e-04	
   6.1700387e+03	   2.8878420e-04	
   6.1800375e+03	   2.8880480e-04	
   6.1900363e+03	   2.8881100e-04	
   6.2000351e+03	   2.8882570e-04	
   6.2100339e+03	   2.8884670e-04	
   6.2200327e+03	   2.8886630e-04	
   6.2300315e+03	   2.8888810e-04	
   6.2400303e+03	   2.8890510e-04	
   6.2500291e+03	   2.8892940e-04	
   6.2600279e+03	   2.8894960e-04	
   6.2700267e+03	   2.8897110e-04	
   6.2800255e+03	   2.8899540e-04	
   6.2900243e+03	   2.8903140e-04	
   6.3000236e+03	   2.8903320e-04	
   6.3100514e+03	   2.8905170e-04	
   6.3200212e+03	   2.8908590e-04	
   6.3300200e+03	   2.8911540e-04	
   6.3400187e+03	   2.8913180e-04	
   6.3500175e+03	   2.8914410e-04	
   6.3600454e+03	   2.8916100e-04	
   6.3700151e+03	   2.8918780e-04	
   6.3800430e+03	   2.8921760e-04	
   6.3900418e+03	   2.8923540e-04	
   6.4000406e+03	   2.8925540e-04	
   6.4100394e+03	   2.8928190e-04	
   6.4200387e+03	   2.8930120e-04	
   6.4300375e+03	   2.8931140e-04	
   6.4400363e+03	   2.8933830e-04	
   6.4500351e+03	   2.8935320e-04	
   6.4600339e+03	   2.8936890e-04	
   6.4700327e+03	   2.8938240e-04	
   6.4800315e+03	   2.8940590e-04	
   6.4900303e+03	   2.8941060e-04	
   6.5000291e+03	   2.8943400e-04	
   6.5100279e+03	   2.8944380e-04	
   6.5200267e+03	   2.8945780e-04	
   6.5300255e+03	   2.8948130e-04	
   6.5400243e+03	   2.8948100e-04	
   6.5500236e+03	   2.8949410e-04	
   6.5600224e+03	   2.8950660e-04	
   6.5700212e+03	   2.8951130e-04	
   6.5800200e+03	   2.8952080e-04	
   6.5900187e+03	   2.8953260e-04	
   6.6000466e+03	   2.8953700e-04	
   6.6100163e+03	   2.8955420e-04	
   6.6200151e+03	   2.8956760e-04	
   6.6300430e+03	   2.8957780e-04	
   6.6400418e+03	   2.8958730e-04	
   6.6500406e+03	   2.8959390e-04	
   6.6600394e+03	   2.8960220e-04	
   6.6700387e+03	   2.8961910e-04	
   6.6800375e+03	   2.8963850e-04	
   6.6900363e+03	   2.8964450e-04	
   6.7000351e+03	   2.8964820e-04	
   6.7100339e+03	   2.8966470e-04	
   6.7200327e+03	   2.8967400e-04	
   6.7300315e+03	   2.8969450e-04	
   6.7400303e+03	   2.8972140e-04	
   6.7500291e+03	   2.8974020e-04	
   6.7600279e+03	   2.8975900e-04	
   6.7700267e+03	   2.8978200e-04	
   6.7800255e+03	   2.8981680e-04	
   6.7900243e+03	   2.8984060e-04	
   6.8000236e+03	   2.8985520e-04	
   6.8100224e+03	   2.8990020e-04	
   6.8200212e+03	   2.8992980e-04	
   6.8300200e+03	   2.8995710e-04	
   6.8400187e+03	   2.9000990e-04	
   6.8500175e+03	   2.9004510e-04	
   6.8600163e+03	   2.9017830e-04	
   6.8700151e+03	   2.9070280e-04	
   6.8800430e+03	   2.9123410e-04	
   6.8900418e+03	   2.9173690e-04	
   6.9000406e+03	   2.9226420e-04	
   6.9100394e+03	   2.9283350e-04	
   6.9200387e+03	   2.9333540e-04	
   6.9300375e+03	   2.9382130e-04	
   6.9400363e+03	   2.9430890e-04	
   6.9500642e+03	   2.9481650e-04	
   6.9600339e+03	   2.9527740e-04	
   6.9700327e+03	   2.9574210e-04	
   6.9800315e+03	   2.9621960e-04	
   6.9900594e+03	   2.9667900e-04	
   7.0000291e+03	   2.9714510e-04	
   7.0100279e+03	   2.9763100e-04	
   7.0200267e+03	   2.9807450e-04	
   7.0300255e+03	   2.9856650e-04	
   7.0400243e+03	   2.9902200e-04	
   7.0500236e+03	   2.9945750e-04	
   7.0600224e+03	   2.9989810e-04	
   7.0700212e+03	   3.0031850e-04	
   7.0800200e+03	   3.0075210e-04	
   7.0900187e+03	   3.0119600e-04	
   7.1000175e+03	   3.0160620e-04	
   7.1100163e+03	   3.0202880e-04	
   7.1200151e+03	   3.0242880e-04	
   7.1300430e+03	   3.0281460e-04	
   7.1400418e+03	   3.0321410e-04	
   7.1500406e+03	   3.0363520e-04	
   7.1600394e+03	   3.0401080e-04	
   7.1700678e+03	   3.0438720e-04	
   7.1800375e+03	   3.0477210e-04	
   7.1900363e+03	   3.0512710e-04	
   7.2000351e+03	   3.0549750e-04	
   7.2100339e+03	   3.0585780e-04	
   7.2200327e+03	   3.0621910e-04	
   7.2300315e+03	   3.0653380e-04	
   7.2400594e+03	   3.0688010e-04	
   7.2500291e+03	   3.0720530e-04	
   7.2600279e+03	   3.0752410e-04	
   7.2700558e+03	   3.0782780e-04	
   7.2800255e+03	   3.0813830e-04	
   7.2900243e+03	   3.0842920e-04	
   7.3000526e+03	   3.0871680e-04	
   7.3100224e+03	   3.0898350e-04	
   7.3200212e+03	   3.0925130e-04	
   7.3300200e+03	   3.0951110e-04	
   7.3400187e+03	   3.0976170e-04	
   7.3500175e+03	   3.1001250e-04	
   7.3600454e+03	   3.1025280e-04	
   7.3700151e+03	   3.1046820e-04	
   7.3800430e+03	   3.1068530e-04	
   7.3900709e+03	   3.1088070e-04	
   7.4000406e+03	   3.1109170e-04	
   7.4100394e+03	   3.1128240e-04	
   7.4200387e+03	   3.1149900e-04	
   7.4300666e+03	   3.1167880e-04	
   7.4400363e+03	   3.1187000e-04	
   7.4500642e+03	   3.1200730e-04	
   7.4600339e+03	   3.1215970e-04	
   7.4700327e+03	   3.1227930e-04	
   7.4800606e+03	   3.1239430e-04	
   7.4900303e+03	   3.1248810e-04	
   7.5000291e+03	   3.1256290e-04	
   7.5100279e+03	   3.1260430e-04	
   7.5200267e+03	   3.1263160e-04	
   7.5300255e+03	   3.1258940e-04	
   7.5400243e+03	   3.1250690e-04	
   7.5500236e+03	   3.1235340e-04	
   7.5599928e+03	   3.1214160e-04	
   7.5700212e+03	   3.1183270e-04	
   7.5800200e+03	   3.1143030e-04	
   7.5900187e+03	   3.1090000e-04	
   7.6000175e+03	   3.1018570e-04	
   7.6100163e+03	   3.0929390e-04	
   7.6200151e+03	   3.0820380e-04	
   7.6300430e+03	   3.0682860e-04	
   7.6400418e+03	   3.0512750e-04	
   7.6500406e+03	   3.0311990e-04	
   7.6600394e+03	   3.0074840e-04	
   7.6700387e+03	   2.9801510e-04	
   7.6800375e+03	   2.9482170e-04	
   7.6900363e+03	   2.9120450e-04	
   7.7000642e+03	   2.8707930e-04	
   7.7100339e+03	   2.8268350e-04	
   7.7200327e+03	   2.7767420e-04	
   7.7300315e+03	   2.7229080e-04	
   7.7400594e+03	   2.6654780e-04	
   7.7500291e+03	   2.6039060e-04	
   7.7600279e+03	   2.5368950e-04	
   7.7700558e+03	   2.4676780e-04	
   7.7800255e+03	   2.3948970e-04	
   7.7900538e+03	   2.3151000e-04	
   7.8000236e+03	   2.2332360e-04	
   7.8100224e+03	   2.1440270e-04	
   7.8200212e+03	   2.0504020e-04	
   7.8300200e+03	   1.9555870e-04	
   7.8399897e+03	   1.8564770e-04	
   7.8500466e+03	   1.7571870e-04	
   7.8600163e+03	   1.6598190e-04	
   7.8700151e+03	   1.5598700e-04	
   7.8800721e+03	   1.4615590e-04	
   7.8900418e+03	   1.3665670e-04	
   7.9000406e+03	   1.2742760e-04	
   7.9100394e+03	   1.1834860e-04	
   7.9200678e+03	   1.0934860e-04	
   7.9300079e+03	   1.0071920e-04	
   7.9400363e+03	   9.2123220e-05	
   7.9500642e+03	   8.3966650e-05	
   7.9600339e+03	   7.6047410e-05	
   7.9700327e+03	   6.8353080e-05	
   7.9800606e+03	   6.1205040e-05	
   7.9900303e+03	   5.4425010e-05	
   8.0000296e+03	   4.8036200e-05	
   8.0100574e+03	   4.2092110e-05	
   8.0200272e+03	   3.6801750e-05	
   8.0300255e+03	   3.2037130e-05	
   8.0400534e+03	   2.7716890e-05	
   8.0500231e+03	   2.3887460e-05	
   8.0600224e+03	   2.0529500e-05	
   8.0700207e+03	   1.7630670e-05	
   8.0800200e+03	   1.5016150e-05	
   8.0900183e+03	   1.2680410e-05	
   8.1000175e+03	   1.0702650e-05	
   8.1100159e+03	   9.0612600e-06	
   8.1200151e+03	   7.6370120e-06	
   8.1300726e+03	   6.4698790e-06	
   8.1400423e+03	   5.5405990e-06	
   8.1500702e+03	   4.7872540e-06	
   8.1600399e+03	   4.2223780e-06	
   8.1700382e+03	   3.7532880e-06	
   8.1800661e+03	   3.3888770e-06	
   8.1900358e+03	   3.0942120e-06	
   8.2000637e+03	   2.8448890e-06	
   8.2100630e+03	   2.6958300e-06	
   8.2200623e+03	   2.5376550e-06	
   8.2300310e+03	   2.3996630e-06	
   8.2400599e+03	   2.3110740e-06	
   8.2500296e+03	   2.2188860e-06	
   8.2600279e+03	   2.1477240e-06	
   8.2700558e+03	   2.0740470e-06	
   8.2800255e+03	   2.0180110e-06	
   8.2900248e+03	   1.9716880e-06	
   8.3000231e+03	   1.9311710e-06	
   8.3100510e+03	   1.8909720e-06	
   8.3200207e+03	   1.8603250e-06	
   8.3300486e+03	   1.8278040e-06	
   8.3400183e+03	   1.7997460e-06	
   8.3500175e+03	   1.7753700e-06	
   8.3600159e+03	   1.7476550e-06	
   8.3700447e+03	   1.7253100e-06	
   8.3800430e+03	   1.7044960e-06	
   8.3900709e+03	   1.6810090e-06	
   8.4000406e+03	   1.6617160e-06	
   8.4100399e+03	   1.6456110e-06	
   8.4200382e+03	   1.6297310e-06	
   8.4300375e+03	   1.6130640e-06	
   8.4400358e+03	   1.6030650e-06	
   8.4500637e+03	   1.5812810e-06	
   8.4600334e+03	   1.5756600e-06	
   8.4700327e+03	   1.5634210e-06	
   8.4800310e+03	   1.5526270e-06	
   8.4900303e+03	   1.5408380e-06	
   8.5000296e+03	   1.5323110e-06	
   8.5100279e+03	   1.5232430e-06	
   8.5200272e+03	   1.5126030e-06	
   8.5300255e+03	   1.5025050e-06	
   8.5400248e+03	   1.4938400e-06	
   8.5500231e+03	   1.4816880e-06	
   8.5600224e+03	   1.4712530e-06	
   8.5700207e+03	   1.4603280e-06	
   8.5800200e+03	   1.4503040e-06	
   8.5900183e+03	   1.4412070e-06	
   8.6000471e+03	   1.4310120e-06	
   8.6100159e+03	   1.4188620e-06	
   8.6200151e+03	   1.4101780e-06	
   8.6300430e+03	   1.3991370e-06	
   8.6400423e+03	   1.3873830e-06	
   8.6500406e+03	   1.3756050e-06	
   8.6600399e+03	   1.3631010e-06	
   8.6700382e+03	   1.3483490e-06	
   8.6800375e+03	   1.3376310e-06	
   8.6900358e+03	   1.3246670e-06	
   8.7000351e+03	   1.3115140e-06	
   8.7100334e+03	   1.2985300e-06	
   8.7200327e+03	   1.2883110e-06	
   8.7300310e+03	   1.2749130e-06	
   8.7400303e+03	   1.2688390e-06	
   8.7500296e+03	   1.2596770e-06	
   8.7600279e+03	   1.2491130e-06	
   8.7700272e+03	   1.2384860e-06	
   8.7800255e+03	   1.2259830e-06	
   8.7900248e+03	   1.2133980e-06	
   8.8000231e+03	   1.2042970e-06	
   8.8100224e+03	   1.1874660e-06	
   8.8200207e+03	   1.1777320e-06	
   8.8300200e+03	   1.1617550e-06	
   8.8400183e+03	   1.1516000e-06	
   8.8500175e+03	   1.1337220e-06	
   8.8600159e+03	   1.1235450e-06	
   8.8700151e+03	   1.1124890e-06	
   8.8800726e+03	   1.1002340e-06	
   8.8900423e+03	   1.0879530e-06	
   8.9000406e+03	   1.0739910e-06	
   8.9100685e+03	   1.0640150e-06	
   8.9200382e+03	   1.0512680e-06	
   8.9300375e+03	   1.0406590e-06	
   8.9400358e+03	   1.0292160e-06	
   8.9500351e+03	   1.0174500e-06	
   8.9600048e+03	   1.0048690e-06	
   8.9700623e+03	   9.8955040e-07	
   8.9800310e+03	   9.7699270e-07	
   8.9900303e+03	   9.6092980e-07	
   9.0000296e+03	   9.4173560e-07	
   9.0100279e+03	   9.2423350e-07	
   9.0200558e+03	   9.0721230e-07	
   9.0300255e+03	   8.8890530e-07	
   9.0400248e+03	   8.6811410e-07	
   9.0500231e+03	   8.4926380e-07	
   9.0600224e+03	   8.3215850e-07	
   9.0700502e+03	   8.1523040e-07	
   9.0800200e+03	   8.0118530e-07	
   9.0900478e+03	   7.8466740e-07	
   9.1000175e+03	   7.7049910e-07	
   9.1100159e+03	   7.5563460e-07	
   9.1200151e+03	   7.4117500e-07	
   9.1300430e+03	   7.2682020e-07	
   9.1400423e+03	   7.1059300e-07	
   9.1500702e+03	   6.9489680e-07	
   9.1600399e+03	   6.8042990e-07	
   9.1700382e+03	   6.6205150e-07	
   9.1800375e+03	   6.4472640e-07	
   9.1900358e+03	   6.2853820e-07	
   9.2000351e+03	   6.1254290e-07	
   9.2100334e+03	   5.9731410e-07	
   9.2200327e+03	   5.8429780e-07	
   9.2300606e+03	   5.7425570e-07	
   9.2400303e+03	   5.6092000e-07	
   9.2500296e+03	   5.4944660e-07	
   9.2600279e+03	   5.3857330e-07	
   9.2700272e+03	   5.2656220e-07	
   9.2800255e+03	   5.1634310e-07	
   9.2900248e+03	   5.0614740e-07	
   9.3000231e+03	   4.9627820e-07	
   9.3100224e+03	   4.8791670e-07	
   9.3200207e+03	   4.7989550e-07	
   9.3300200e+03	   4.7215900e-07	
   9.3400183e+03	   4.6521730e-07	
   9.3500175e+03	   4.5865430e-07	
   9.3600159e+03	   4.5114480e-07	
   9.3699856e+03	   4.4320760e-07	
   9.3800430e+03	   4.3673830e-07	
   9.3900423e+03	   4.2974660e-07	
   9.4000406e+03	   4.2317900e-07	
   9.4100399e+03	   4.1751060e-07	
   9.4200382e+03	   4.1262500e-07	
   9.4300375e+03	   4.0760870e-07	
   9.4400072e+03	   4.0367890e-07	
   9.4500351e+03	   3.9937100e-07	
   9.4600334e+03	   3.9636620e-07	
   9.4700327e+03	   3.9208690e-07	
   9.4800310e+03	   3.8838420e-07	
   9.4900303e+03	   3.8428510e-07	
   9.5000000e+03	   3.7836340e-07	
   9.5100279e+03	   3.7402570e-07	
   9.5200272e+03	   3.6858800e-07	
   9.5300255e+03	   3.6182170e-07	
   9.5399952e+03	   3.5746950e-07	
   9.5500231e+03	   3.4992320e-07	
   9.5600224e+03	   3.4446010e-07	
   9.5699921e+03	   3.3767740e-07	
   9.5800200e+03	   3.3133870e-07	
   9.5900183e+03	   3.2525360e-07	
   9.6000175e+03	   3.1962980e-07	
   9.6099873e+03	   3.1411920e-07	
   9.6200151e+03	   3.0819360e-07	
   9.6300144e+03	   3.0198810e-07	
   9.6400423e+03	   2.9582040e-07	
   9.6500406e+03	   2.8964840e-07	
   9.6600103e+03	   2.8359200e-07	
   9.6700382e+03	   2.7764310e-07	
   9.6800375e+03	   2.7152330e-07	
   9.6900072e+03	   2.6551960e-07	
   9.7000351e+03	   2.5988870e-07	
   9.7100048e+03	   2.5355470e-07	
   9.7200327e+03	   2.4785560e-07	
   9.7300024e+03	   2.4208510e-07	
   9.7400303e+03	   2.3791940e-07	
   9.7500000e+03	   2.3238710e-07	
   9.7600279e+03	   2.2784600e-07	
   9.7699976e+03	   2.2449500e-07	
   9.7800255e+03	   2.2026920e-07	
   9.7899952e+03	   2.1514440e-07	
   9.8000231e+03	   2.1051640e-07	
   9.8100224e+03	   2.0662760e-07	
   9.8199921e+03	   2.0251590e-07	
   9.8300200e+03	   1.9915800e-07	
   9.8399897e+03	   1.9645150e-07	
   9.8499880e+03	   1.9282100e-07	
   9.8600159e+03	   1.9006110e-07	
   9.8700151e+03	   1.8699910e-07	
   9.8800144e+03	   1.8432620e-07	
   9.8900423e+03	   1.8180530e-07	
   9.9000406e+03	   1.7991850e-07	
   9.9100103e+03	   1.7775840e-07	
   9.9200382e+03	   1.7586810e-07	
   9.9300079e+03	   1.7374820e-07	
   9.9400358e+03	   1.7125120e-07	
   9.9500055e+03	   1.6851990e-07	
   9.9600334e+03	   1.6585910e-07	
   9.9700031e+03	   1.6371610e-07	
   9.9800310e+03	   1.6163590e-07	
   9.9900007e+03	   1.5961370e-07	
   1.0000030e+04	   1.5720630e-07	
