   8.5000296e+03	   3.1078740e-04	
   8.5100279e+03	   2.7006220e-04	
   8.5200558e+03	   2.7010770e-04	
   8.5300255e+03	   2.7010970e-04	
   8.5400534e+03	   2.7021850e-04	
   8.5500231e+03	   2.7019070e-04	
   8.5600510e+03	   2.7021990e-04	
   8.5700207e+03	   2.7002020e-04	
   8.5800200e+03	   2.7006470e-04	
   8.5900183e+03	   2.7006110e-04	
   8.6000175e+03	   2.7000430e-04	
   8.6100159e+03	   2.6992280e-04	
   8.6200151e+03	   2.6988440e-04	
   8.6300430e+03	   2.6982390e-04	
   8.6400709e+03	   2.6978960e-04	
   8.6500406e+03	   2.6993200e-04	
   8.6600399e+03	   2.6996960e-04	
   8.6700382e+03	   2.7008780e-04	
   8.6800375e+03	   2.6998220e-04	
   8.6900358e+03	   2.7005470e-04	
   8.7000351e+03	   2.6947480e-04	
   8.7100334e+03	   2.6998310e-04	
   8.7200327e+03	   2.6991030e-04	
   8.7300310e+03	   2.6990230e-04	
   8.7400303e+03	   2.6984890e-04	
   8.7500296e+03	   2.6982280e-04	
   8.7599993e+03	   2.6986260e-04	
   8.7700558e+03	   2.6979390e-04	
   8.7800255e+03	   2.6988090e-04	
   8.7900248e+03	   2.6992110e-04	
   8.8000231e+03	   2.6985940e-04	
   8.8100510e+03	   2.6994180e-04	
   8.8200207e+03	   2.6985220e-04	
   8.8300200e+03	   2.6989600e-04	
   8.8400183e+03	   2.6986430e-04	
   8.8500175e+03	   2.6985430e-04	
   8.8600159e+03	   2.6984250e-04	
   8.8700151e+03	   2.6988940e-04	
   8.8800430e+03	   2.6976780e-04	
   8.8900423e+03	   2.6979040e-04	
   8.9000406e+03	   2.6987050e-04	
   8.9100685e+03	   2.6993250e-04	
   8.9200382e+03	   2.6976720e-04	
   8.9300375e+03	   2.6981840e-04	
   8.9400358e+03	   2.7001240e-04	
   8.9500351e+03	   2.6998310e-04	
   8.9600334e+03	   2.6978060e-04	
   8.9700327e+03	   2.6984850e-04	
   8.9800310e+03	   2.6972870e-04	
   8.9900303e+03	   2.6978290e-04	
   9.0000296e+03	   2.6981560e-04	
   9.0100574e+03	   2.6970400e-04	
   9.0200272e+03	   2.6969140e-04	
   9.0300255e+03	   2.6972330e-04	
   9.0400248e+03	   2.6979250e-04	
   9.0500231e+03	   2.6961520e-04	
   9.0600224e+03	   2.6962480e-04	
   9.0700502e+03	   2.6962890e-04	
   9.0799904e+03	   2.6962830e-04	
   9.0900478e+03	   2.6960250e-04	
   9.1000175e+03	   2.6958540e-04	
   9.1100454e+03	   2.6956330e-04	
   9.1200151e+03	   2.6962040e-04	
   9.1300430e+03	   2.6961130e-04	
   9.1400423e+03	   2.6953990e-04	
   9.1500406e+03	   2.6944600e-04	
   9.1600399e+03	   2.6949890e-04	
   9.1700382e+03	   2.6950850e-04	
   9.1800375e+03	   2.6941930e-04	
   9.1900358e+03	   2.6939690e-04	
   9.2000351e+03	   2.6938420e-04	
   9.2100334e+03	   2.6937060e-04	
   9.2200327e+03	   2.6921970e-04	
   9.2300310e+03	   2.6933550e-04	
   9.2400303e+03	   2.6920960e-04	
   9.2500296e+03	   2.6919660e-04	
   9.2600279e+03	   2.6918810e-04	
   9.2700272e+03	   2.6912230e-04	
   9.2800255e+03	   2.6903090e-04	
   9.2899952e+03	   2.6909240e-04	
   9.3000231e+03	   2.6904620e-04	
   9.3100224e+03	   2.6893690e-04	
   9.3200207e+03	   2.6888480e-04	
   9.3300200e+03	   2.6884040e-04	
   9.3399897e+03	   2.6886030e-04	
   9.3500175e+03	   2.6875090e-04	
   9.3600159e+03	   2.6853730e-04	
   9.3699856e+03	   2.6852680e-04	
   9.3800430e+03	   2.6842530e-04	
   9.3900423e+03	   2.6848210e-04	
   9.4000406e+03	   2.6844820e-04	
   9.4100399e+03	   2.6836540e-04	
   9.4200382e+03	   2.6823600e-04	
   9.4300375e+03	   2.6828660e-04	
   9.4400072e+03	   2.6809370e-04	
   9.4500351e+03	   2.6804950e-04	
   9.4600334e+03	   2.6794170e-04	
   9.4700327e+03	   2.6783680e-04	
   9.4800024e+03	   2.6780750e-04	
   9.4900303e+03	   2.6759640e-04	
   9.5000000e+03	   2.6751350e-04	
   9.5100279e+03	   2.6744190e-04	
   9.5199976e+03	   2.6725450e-04	
   9.5300255e+03	   2.6722680e-04	
   9.5399952e+03	   2.6716730e-04	
   9.5500231e+03	   2.6697600e-04	
   9.5600224e+03	   2.6679770e-04	
   9.5700207e+03	   2.6670010e-04	
   9.5800200e+03	   2.6661150e-04	
   9.5900183e+03	   2.6638530e-04	
   9.6000175e+03	   2.6621830e-04	
   9.6099873e+03	   2.6600350e-04	
   9.6200151e+03	   2.6579450e-04	
   9.6300430e+03	   2.6566260e-04	
   9.6400127e+03	   2.6534660e-04	
   9.6500406e+03	   2.6517990e-04	
   9.6600103e+03	   2.6502700e-04	
   9.6700382e+03	   2.6474000e-04	
   9.6800079e+03	   2.6442100e-04	
   9.6900358e+03	   2.6420080e-04	
   9.7000351e+03	   2.6398730e-04	
   9.7100048e+03	   2.6365400e-04	
   9.7200327e+03	   2.6339650e-04	
   9.7300024e+03	   2.6307680e-04	
   9.7400303e+03	   2.6279250e-04	
   9.7500000e+03	   2.6255850e-04	
   9.7600279e+03	   2.6215000e-04	
   9.7700272e+03	   2.6184260e-04	
   9.7800255e+03	   2.6144410e-04	
   9.7899952e+03	   2.6101510e-04	
   9.8000231e+03	   2.6062240e-04	
   9.8099928e+03	   2.6019690e-04	
   9.8200207e+03	   2.5964010e-04	
   9.8299904e+03	   2.5928470e-04	
   9.8400183e+03	   2.5871730e-04	
   9.8499880e+03	   2.5821780e-04	
   9.8600159e+03	   2.5775280e-04	
   9.8700151e+03	   2.5718350e-04	
   9.8800144e+03	   2.5661900e-04	
   9.8900423e+03	   2.5593400e-04	
   9.9000406e+03	   2.5532970e-04	
   9.9100103e+03	   2.5467100e-04	
   9.9200382e+03	   2.5419860e-04	
   9.9300079e+03	   2.5345760e-04	
   9.9400358e+03	   2.5257550e-04	
   9.9500055e+03	   2.5184530e-04	
   9.9600334e+03	   2.5097730e-04	
   9.9700031e+03	   2.5027040e-04	
   9.9800310e+03	   2.4930820e-04	
   9.9900303e+03	   2.4849090e-04	
   1.0000000e+04	   2.4767320e-04	
   1.0010028e+04	   2.4662460e-04	
   1.0019998e+04	   2.4561890e-04	
   1.0030025e+04	   2.4460210e-04	
   1.0039995e+04	   2.4347890e-04	
   1.0050023e+04	   2.4258410e-04	
   1.0059993e+04	   2.4134970e-04	
   1.0070021e+04	   2.4014940e-04	
   1.0080020e+04	   2.3897150e-04	
   1.0089990e+04	   2.3769220e-04	
   1.0100018e+04	   2.3637390e-04	
   1.0109987e+04	   2.3515170e-04	
   1.0120015e+04	   2.3379850e-04	
   1.0130014e+04	   2.3231450e-04	
   1.0140042e+04	   2.3090790e-04	
   1.0150041e+04	   2.2952500e-04	
   1.0160010e+04	   2.2785120e-04	
   1.0170038e+04	   2.2643180e-04	
   1.0180008e+04	   2.2483310e-04	
   1.0190007e+04	   2.2320210e-04	
   1.0200035e+04	   2.2150020e-04	
   1.0210033e+04	   2.1992370e-04	
   1.0220003e+04	   2.1814030e-04	
   1.0230002e+04	   2.1634840e-04	
   1.0240030e+04	   2.1458380e-04	
   1.0250000e+04	   2.1265760e-04	
   1.0259999e+04	   2.1087000e-04	
   1.0270027e+04	   2.0879250e-04	
   1.0279997e+04	   2.0678050e-04	
   1.0289995e+04	   2.0466820e-04	
   1.0300023e+04	   2.0244900e-04	
   1.0309993e+04	   2.0033670e-04	
   1.0320021e+04	   1.9807810e-04	
   1.0329990e+04	   1.9573160e-04	
   1.0340018e+04	   1.9344260e-04	
   1.0349988e+04	   1.9113160e-04	
   1.0360016e+04	   1.8869650e-04	
   1.0369986e+04	   1.8628170e-04	
   1.0380043e+04	   1.8382350e-04	
   1.0390013e+04	   1.8122700e-04	
   1.0400041e+04	   1.7861410e-04	
   1.0410010e+04	   1.7607040e-04	
   1.0420038e+04	   1.7345490e-04	
   1.0430037e+04	   1.7080530e-04	
   1.0440007e+04	   1.6817290e-04	
   1.0450035e+04	   1.6544160e-04	
   1.0460033e+04	   1.6269650e-04	
   1.0470003e+04	   1.5994620e-04	
   1.0480031e+04	   1.5720280e-04	
   1.0490030e+04	   1.5433230e-04	
   1.0500000e+04	   1.5151560e-04	
   1.0510028e+04	   1.4872110e-04	
   1.0519998e+04	   1.4594240e-04	
   1.0530025e+04	   1.4307120e-04	
   1.0539995e+04	   1.4015440e-04	
   1.0550023e+04	   1.3723480e-04	
   1.0560022e+04	   1.3435980e-04	
   1.0569992e+04	   1.3138790e-04	
   1.0580020e+04	   1.2851530e-04	
   1.0589990e+04	   1.2561650e-04	
   1.0600018e+04	   1.2265650e-04	
   1.0609987e+04	   1.1974370e-04	
   1.0620015e+04	   1.1685910e-04	
   1.0630014e+04	   1.1404570e-04	
   1.0640042e+04	   1.1121550e-04	
   1.0650012e+04	   1.0844580e-04	
   1.0660040e+04	   1.0572750e-04	
   1.0670010e+04	   1.0287090e-04	
   1.0680037e+04	   1.0009220e-04	
   1.0690036e+04	   9.7301660e-05	
   1.0700006e+04	   9.4484270e-05	
   1.0710005e+04	   9.1659490e-05	
   1.0720033e+04	   8.8922050e-05	
   1.0730002e+04	   8.6215290e-05	
   1.0740030e+04	   8.3420290e-05	
   1.0750000e+04	   8.0684960e-05	
   1.0759999e+04	   7.8029270e-05	
   1.0770027e+04	   7.5473440e-05	
   1.0779997e+04	   7.2884390e-05	
   1.0789995e+04	   7.0318150e-05	
   1.0800023e+04	   6.7804790e-05	
   1.0810022e+04	   6.5358920e-05	
   1.0819992e+04	   6.2783070e-05	
   1.0830020e+04	   6.0350670e-05	
   1.0839990e+04	   5.7903750e-05	
   1.0850018e+04	   5.5563240e-05	
   1.0859987e+04	   5.3221800e-05	
   1.0869986e+04	   5.0997890e-05	
   1.0880043e+04	   4.8790720e-05	
   1.0890013e+04	   4.6644990e-05	
   1.0900041e+04	   4.4497890e-05	
   1.0910010e+04	   4.2412550e-05	
   1.0920038e+04	   4.0434200e-05	
   1.0930008e+04	   3.8447720e-05	
   1.0940036e+04	   3.6416020e-05	
   1.0950006e+04	   3.4543910e-05	
   1.0960033e+04	   3.2826230e-05	
   1.0970003e+04	   3.1120300e-05	
   1.0980002e+04	   2.9529120e-05	
   1.0990030e+04	   2.7842780e-05	
   1.1000000e+04	   2.6248210e-05	
   1.1010028e+04	   2.4648140e-05	
   1.1019998e+04	   2.3019070e-05	
   1.1030025e+04	   2.1442570e-05	
   1.1040025e+04	   1.9841700e-05	
   1.1049994e+04	   1.8385190e-05	
   1.1060022e+04	   1.6959770e-05	
   1.1069992e+04	   1.5639470e-05	
   1.1079990e+04	   1.4427030e-05	
   1.1090018e+04	   1.3274390e-05	
   1.1099988e+04	   1.2257870e-05	
   1.1110016e+04	   1.1279230e-05	
   1.1119986e+04	   1.0397360e-05	
   1.1130073e+04	   9.5955090e-06	
   1.1140013e+04	   8.8717220e-06	
   1.1150041e+04	   8.2299580e-06	
   1.1160040e+04	   7.7040700e-06	
   1.1170010e+04	   7.2577110e-06	
   1.1180037e+04	   6.8604600e-06	
   1.1190007e+04	   6.5727090e-06	
   1.1200035e+04	   6.2811640e-06	
   1.1210005e+04	   6.0261030e-06	
   1.1220033e+04	   5.8095990e-06	
   1.1230002e+04	   5.6203760e-06	
   1.1240030e+04	   5.4227070e-06	
   1.1250030e+04	   5.2041020e-06	
   1.1259999e+04	   4.9939500e-06	
   1.1270027e+04	   4.7851490e-06	
   1.1279997e+04	   4.5734980e-06	
   1.1289995e+04	   4.3515300e-06	
   1.1300023e+04	   4.1216360e-06	
   1.1309993e+04	   3.9009170e-06	
   1.1320021e+04	   3.6806340e-06	
   1.1330020e+04	   3.4620270e-06	
   1.1339990e+04	   3.2467430e-06	
   1.1349988e+04	   3.0575960e-06	
   1.1360016e+04	   2.8496000e-06	
   1.1370015e+04	   2.6626490e-06	
   1.1380014e+04	   2.4957570e-06	
   1.1390042e+04	   2.3222220e-06	
   1.1400041e+04	   2.1581340e-06	
   1.1410010e+04	   2.0143570e-06	
   1.1420038e+04	   1.8653900e-06	
   1.1430008e+04	   1.7241860e-06	
   1.1440007e+04	   1.6040040e-06	
   1.1450035e+04	   1.4875240e-06	
   1.1460005e+04	   1.3636720e-06	
   1.1470033e+04	   1.2734440e-06	
   1.1480031e+04	   1.1760910e-06	
   1.1490001e+04	   1.0804020e-06	
   1.1500000e+04	   1.0053430e-06	
   1.1510028e+04	   9.2115180e-07	
   1.1519998e+04	   8.4697850e-07	
   1.1530025e+04	   7.7865900e-07	
   1.1539995e+04	   7.1269980e-07	
   1.1549994e+04	   6.5558370e-07	
   1.1560022e+04	   5.9808930e-07	
   1.1569992e+04	   5.4744000e-07	
   1.1580020e+04	   5.0062080e-07	
   1.1589990e+04	   4.5397290e-07	
   1.1600018e+04	   4.1226030e-07	
   1.1609987e+04	   3.7029790e-07	
   1.1619986e+04	   3.3854350e-07	
   1.1630014e+04	   3.0633030e-07	
   1.1640042e+04	   2.7711460e-07	
   1.1650041e+04	   2.4984620e-07	
   1.1660010e+04	   2.2558500e-07	
   1.1670038e+04	   2.0352890e-07	
   1.1680008e+04	   1.8463800e-07	
   1.1690036e+04	   1.6705310e-07	
   1.1700006e+04	   1.5237260e-07	
   1.1710033e+04	   1.3889880e-07	
   1.1720033e+04	   1.2658580e-07	
   1.1730002e+04	   1.1625960e-07	
   1.1740030e+04	   1.0597760e-07	
   1.1750000e+04	   9.8298130e-08	
   1.1760028e+04	   9.8986970e-08	
   1.1769998e+04	   8.4909780e-08	
   1.1780025e+04	   9.4160300e-08	
   1.1789995e+04	   7.2673440e-08	
   1.1800023e+04	   6.8573980e-08	
   1.1809993e+04	   6.4215670e-08	
   1.1820021e+04	   5.9985010e-08	
   1.1829990e+04	   5.6344580e-08	
   1.1839990e+04	   5.4398880e-08	
   1.1850018e+04	   5.1189830e-08	
   1.1859987e+04	   4.9032850e-08	
   1.1869986e+04	   4.6743790e-08	
   1.1880073e+04	   4.4553040e-08	
   1.1890013e+04	   4.2794760e-08	
   1.1900041e+04	   4.1220960e-08	
   1.1910010e+04	   3.9828860e-08	
   1.1920038e+04	   3.8480150e-08	
   1.1930008e+04	   3.7372720e-08	
   1.1940036e+04	   3.6123230e-08	
   1.1950006e+04	   3.5074230e-08	
   1.1960033e+04	   3.4081520e-08	
   1.1970003e+04	   3.3044690e-08	
   1.1980031e+04	   3.2091420e-08	
   1.1990001e+04	   3.1345590e-08	
   1.2000030e+04	   3.0358060e-08	
