   8.5000000e+03	   2.8753900e-04	
   8.5100279e+03	   2.8752170e-04	
   8.5200272e+03	   2.8751500e-04	
   8.5300255e+03	   2.8749670e-04	
   8.5400248e+03	   2.8748970e-04	
   8.5500231e+03	   2.8748090e-04	
   8.5600224e+03	   2.8747050e-04	
   8.5700207e+03	   2.8746710e-04	
   8.5800200e+03	   2.8745000e-04	
   8.5900183e+03	   2.8743860e-04	
   8.6000471e+03	   2.8741700e-04	
   8.6100159e+03	   2.8740800e-04	
   8.6200151e+03	   2.8738460e-04	
   8.6300430e+03	   2.8737950e-04	
   8.6400423e+03	   2.8737270e-04	
   8.6500702e+03	   2.8734230e-04	
   8.6600399e+03	   2.8732290e-04	
   8.6700382e+03	   2.8731400e-04	
   8.6800375e+03	   2.8729110e-04	
   8.6900358e+03	   2.8725930e-04	
   8.7000351e+03	   2.8723810e-04	
   8.7100334e+03	   2.8721240e-04	
   8.7200327e+03	   2.8717880e-04	
   8.7300310e+03	   2.8715190e-04	
   8.7400303e+03	   2.8712500e-04	
   8.7500296e+03	   2.8709240e-04	
   8.7600279e+03	   2.8703410e-04	
   8.7700272e+03	   2.8699390e-04	
   8.7800255e+03	   2.8695400e-04	
   8.7900248e+03	   2.8690740e-04	
   8.8000231e+03	   2.8685340e-04	
   8.8100224e+03	   2.8678660e-04	
   8.8200207e+03	   2.8672950e-04	
   8.8300200e+03	   2.8667130e-04	
   8.8400183e+03	   2.8661340e-04	
   8.8500175e+03	   2.8653270e-04	
   8.8600159e+03	   2.8642430e-04	
   8.8699856e+03	   2.8636340e-04	
   8.8800726e+03	   2.8624650e-04	
   8.8900423e+03	   2.8616230e-04	
   8.9000120e+03	   2.8604870e-04	
   8.9100685e+03	   2.8591600e-04	
   8.9200382e+03	   2.8580190e-04	
   8.9300375e+03	   2.8566840e-04	
   8.9400358e+03	   2.8553770e-04	
   8.9500351e+03	   2.8538600e-04	
   8.9600334e+03	   2.8522260e-04	
   8.9700327e+03	   2.8505140e-04	
   8.9800310e+03	   2.8487200e-04	
   8.9900303e+03	   2.8468430e-04	
   9.0000296e+03	   2.8447960e-04	
   9.0100279e+03	   2.8426100e-04	
   9.0200558e+03	   2.8401690e-04	
   9.0300255e+03	   2.8377200e-04	
   9.0400248e+03	   2.8350510e-04	
   9.0500231e+03	   2.8321740e-04	
   9.0600224e+03	   2.8291660e-04	
   9.0700502e+03	   2.8259760e-04	
   9.0799904e+03	   2.8226670e-04	
   9.0900478e+03	   2.8190000e-04	
   9.0999880e+03	   2.8155390e-04	
   9.1100454e+03	   2.8116290e-04	
   9.1200151e+03	   2.8073600e-04	
   9.1300430e+03	   2.8030070e-04	
   9.1400423e+03	   2.7981230e-04	
   9.1500406e+03	   2.7934260e-04	
   9.1600399e+03	   2.7883880e-04	
   9.1700382e+03	   2.7830490e-04	
   9.1800375e+03	   2.7774770e-04	
   9.1900358e+03	   2.7716880e-04	
   9.2000351e+03	   2.7655370e-04	
   9.2100334e+03	   2.7589090e-04	
   9.2200031e+03	   2.7523110e-04	
   9.2300606e+03	   2.7450030e-04	
   9.2400007e+03	   2.7379830e-04	
   9.2500296e+03	   2.7303470e-04	
   9.2600279e+03	   2.7224610e-04	
   9.2700272e+03	   2.7142020e-04	
   9.2800255e+03	   2.7056600e-04	
   9.2899952e+03	   2.6970130e-04	
   9.2999945e+03	   2.6879900e-04	
   9.3100510e+03	   2.6786390e-04	
   9.3199921e+03	   2.6690800e-04	
   9.3300200e+03	   2.6589290e-04	
   9.3400183e+03	   2.6471130e-04	
   9.3500175e+03	   2.6375460e-04	
   9.3600159e+03	   2.6262610e-04	
   9.3700151e+03	   2.6147890e-04	
   9.3800430e+03	   2.6028450e-04	
   9.3900423e+03	   2.5904880e-04	
   9.4000406e+03	   2.5779320e-04	
   9.4100399e+03	   2.5650790e-04	
   9.4200382e+03	   2.5512940e-04	
   9.4300375e+03	   2.5371240e-04	
   9.4400072e+03	   2.5235320e-04	
   9.4500351e+03	   2.5084280e-04	
   9.4600334e+03	   2.4933590e-04	
   9.4700327e+03	   2.4780440e-04	
   9.4800024e+03	   2.4622400e-04	
   9.4900303e+03	   2.4459390e-04	
   9.5000000e+03	   2.4297520e-04	
   9.5100279e+03	   2.4124330e-04	
   9.5199976e+03	   2.3950340e-04	
   9.5300255e+03	   2.3773260e-04	
   9.5399952e+03	   2.3592000e-04	
   9.5500231e+03	   2.3408780e-04	
   9.5599928e+03	   2.3222910e-04	
   9.5700207e+03	   2.3029420e-04	
   9.5799904e+03	   2.2833080e-04	
   9.5900183e+03	   2.2634360e-04	
   9.6000175e+03	   2.2431680e-04	
   9.6099873e+03	   2.2221080e-04	
   9.6200151e+03	   2.2005450e-04	
   9.6300430e+03	   2.1791760e-04	
   9.6400127e+03	   2.1567650e-04	
   9.6500406e+03	   2.1343220e-04	
   9.6600103e+03	   2.1119700e-04	
   9.6700382e+03	   2.0886930e-04	
   9.6800375e+03	   2.0654010e-04	
   9.6900072e+03	   2.0415320e-04	
   9.7000351e+03	   2.0178410e-04	
   9.7100048e+03	   1.9934800e-04	
   9.7200327e+03	   1.9698550e-04	
   9.7300310e+03	   1.9454220e-04	
   9.7400007e+03	   1.9210590e-04	
   9.7500000e+03	   1.8960390e-04	
   9.7600279e+03	   1.8707160e-04	
   9.7700272e+03	   1.8455950e-04	
   9.7800255e+03	   1.8200300e-04	
   9.7899952e+03	   1.7930630e-04	
   9.8000231e+03	   1.7670610e-04	
   9.8099928e+03	   1.7406900e-04	
   9.8200207e+03	   1.7138630e-04	
   9.8300200e+03	   1.6867630e-04	
   9.8399897e+03	   1.6595890e-04	
   9.8499880e+03	   1.6326370e-04	
   9.8600159e+03	   1.6054030e-04	
   9.8699856e+03	   1.5775970e-04	
   9.8800430e+03	   1.5498740e-04	
   9.8900423e+03	   1.5229340e-04	
   9.9000406e+03	   1.4957580e-04	
   9.9100399e+03	   1.4682370e-04	
   9.9200096e+03	   1.4416440e-04	
   9.9300375e+03	   1.4145650e-04	
   9.9400072e+03	   1.3875950e-04	
   9.9500351e+03	   1.3607500e-04	
   9.9600334e+03	   1.3336210e-04	
   9.9700031e+03	   1.3063410e-04	
   9.9800310e+03	   1.2786960e-04	
   9.9900303e+03	   1.2513800e-04	
   1.0000000e+04	   1.2241170e-04	
   1.0010028e+04	   1.1966520e-04	
   1.0019998e+04	   1.1693810e-04	
   1.0030025e+04	   1.1418070e-04	
   1.0039995e+04	   1.1147770e-04	
   1.0050023e+04	   1.0880280e-04	
   1.0060022e+04	   1.0605680e-04	
   1.0070021e+04	   1.0333180e-04	
   1.0080020e+04	   1.0066690e-04	
   1.0089990e+04	   9.7996420e-05	
   1.0100018e+04	   9.5369230e-05	
   1.0109987e+04	   9.2738930e-05	
   1.0120015e+04	   9.0123780e-05	
   1.0130014e+04	   8.7557050e-05	
   1.0140042e+04	   8.5012020e-05	
   1.0150012e+04	   8.2508220e-05	
   1.0160040e+04	   8.0047580e-05	
   1.0170010e+04	   7.7662510e-05	
   1.0180037e+04	   7.5494920e-05	
   1.0190007e+04	   7.3132110e-05	
   1.0200035e+04	   7.0723840e-05	
   1.0210005e+04	   6.8451640e-05	
   1.0220033e+04	   6.6370750e-05	
   1.0230002e+04	   6.4225020e-05	
   1.0240030e+04	   6.2097320e-05	
   1.0250030e+04	   6.0129640e-05	
   1.0259999e+04	   5.8214640e-05	
   1.0270027e+04	   5.6126100e-05	
   1.0280025e+04	   5.4192980e-05	
   1.0289995e+04	   5.2258070e-05	
   1.0300023e+04	   5.0365950e-05	
   1.0310022e+04	   4.8603840e-05	
   1.0320021e+04	   4.6825590e-05	
   1.0329990e+04	   4.5073440e-05	
   1.0340018e+04	   4.3397470e-05	
   1.0349988e+04	   4.1771850e-05	
   1.0360016e+04	   4.0138370e-05	
   1.0369986e+04	   3.8559060e-05	
   1.0380043e+04	   3.7017920e-05	
   1.0390013e+04	   3.5512200e-05	
   1.0400041e+04	   3.4016130e-05	
   1.0410040e+04	   3.2607800e-05	
   1.0420010e+04	   3.1241130e-05	
   1.0430037e+04	   2.9909430e-05	
   1.0440007e+04	   2.8700500e-05	
   1.0450035e+04	   2.7465570e-05	
   1.0460005e+04	   2.6256130e-05	
   1.0470033e+04	   2.5088860e-05	
   1.0480002e+04	   2.3941000e-05	
   1.0490030e+04	   2.2840320e-05	
   1.0500000e+04	   2.1787140e-05	
   1.0510028e+04	   2.0751020e-05	
   1.0519998e+04	   1.9796410e-05	
   1.0530025e+04	   1.8899730e-05	
   1.0539995e+04	   1.8006050e-05	
   1.0550023e+04	   1.7142890e-05	
   1.0560022e+04	   1.6324370e-05	
   1.0569992e+04	   1.5527080e-05	
   1.0580020e+04	   1.4755110e-05	
   1.0589990e+04	   1.4024250e-05	
   1.0600018e+04	   1.3308700e-05	
   1.0609987e+04	   1.2658390e-05	
   1.0620015e+04	   1.2141570e-05	
   1.0630014e+04	   1.1292710e-05	
   1.0640042e+04	   1.0697280e-05	
   1.0650012e+04	   1.0169000e-05	
   1.0660040e+04	   9.5297080e-06	
   1.0670010e+04	   8.9814070e-06	
   1.0680008e+04	   8.6134330e-06	
   1.0690036e+04	   8.0027790e-06	
   1.0700006e+04	   7.6607180e-06	
   1.0710033e+04	   7.3803780e-06	
   1.0720003e+04	   6.7439830e-06	
   1.0730031e+04	   6.3374960e-06	
   1.0740001e+04	   5.9755100e-06	
   1.0750030e+04	   5.6012170e-06	
   1.0759999e+04	   5.2524080e-06	
   1.0770027e+04	   4.9469270e-06	
   1.0779997e+04	   4.6390510e-06	
   1.0790025e+04	   4.3589080e-06	
   1.0800023e+04	   4.0891230e-06	
   1.0810022e+04	   3.8208420e-06	
   1.0819992e+04	   3.5742780e-06	
   1.0830020e+04	   3.3474640e-06	
   1.0839990e+04	   3.1288170e-06	
   1.0850018e+04	   2.9257390e-06	
   1.0860016e+04	   2.7353830e-06	
   1.0869986e+04	   2.5574160e-06	
   1.0880043e+04	   2.3906130e-06	
   1.0890042e+04	   2.2361250e-06	
   1.0900012e+04	   2.0902130e-06	
   1.0910040e+04	   1.9529120e-06	
   1.0920010e+04	   1.8242070e-06	
   1.0930037e+04	   1.7005280e-06	
   1.0940007e+04	   1.5855270e-06	
   1.0950035e+04	   1.4796700e-06	
   1.0960033e+04	   1.3789020e-06	
   1.0970003e+04	   1.2874590e-06	
   1.0980002e+04	   1.2031900e-06	
   1.0990060e+04	   1.1235700e-06	
   1.1000000e+04	   1.0490810e-06	
   1.1009999e+04	   9.8112220e-07	
   1.1020056e+04	   9.1849300e-07	
   1.1029997e+04	   8.6015270e-07	
   1.1040025e+04	   8.0614280e-07	
   1.1049994e+04	   7.5725720e-07	
   1.1060022e+04	   7.0887010e-07	
   1.1070021e+04	   6.6517840e-07	
   1.1079990e+04	   6.2464190e-07	
   1.1090018e+04	   5.8726020e-07	
   1.1099988e+04	   5.5158180e-07	
   1.1110016e+04	   5.1751770e-07	
   1.1119986e+04	   4.8763440e-07	
   1.1130043e+04	   4.5831200e-07	
   1.1140013e+04	   4.3193110e-07	
   1.1150041e+04	   4.0821690e-07	
   1.1160040e+04	   3.8498360e-07	
   1.1170010e+04	   3.6401280e-07	
   1.1180037e+04	   3.4448060e-07	
   1.1190007e+04	   3.2483500e-07	
   1.1200035e+04	   3.0694560e-07	
   1.1210033e+04	   2.9000840e-07	
   1.1220003e+04	   2.7397270e-07	
   1.1230031e+04	   2.5902300e-07	
   1.1240001e+04	   2.4528960e-07	
   1.1250030e+04	   2.3123460e-07	
   1.1259999e+04	   2.1879260e-07	
   1.1270027e+04	   2.0673140e-07	
   1.1279997e+04	   1.9551250e-07	
   1.1289995e+04	   1.8499860e-07	
   1.1300023e+04	   1.7500500e-07	
   1.1309993e+04	   1.6575070e-07	
   1.1320021e+04	   1.5668170e-07	
   1.1330020e+04	   1.4787120e-07	
   1.1339990e+04	   1.3956570e-07	
   1.1350018e+04	   1.3109960e-07	
   1.1360016e+04	   1.2286150e-07	
   1.1369986e+04	   1.1537080e-07	
   1.1380043e+04	   1.0803480e-07	
   1.1390013e+04	   1.0090710e-07	
   1.1400041e+04	   9.4350160e-08	
   1.1410010e+04	   8.8512100e-08	
   1.1420038e+04	   8.2886800e-08	
   1.1430037e+04	   7.7498950e-08	
   1.1440036e+04	   7.2473670e-08	
   1.1450035e+04	   6.7939350e-08	
   1.1460005e+04	   6.3754710e-08	
   1.1470033e+04	   6.0105260e-08	
   1.1480031e+04	   5.6587240e-08	
   1.1490030e+04	   5.3480250e-08	
   1.1500000e+04	   5.0626670e-08	
   1.1510028e+04	   4.8027940e-08	
   1.1520027e+04	   4.5617540e-08	
   1.1530025e+04	   4.3555660e-08	
   1.1540025e+04	   4.1452040e-08	
   1.1549994e+04	   3.9633420e-08	
   1.1560022e+04	   3.7701780e-08	
   1.1570021e+04	   3.5987150e-08	
   1.1579990e+04	   3.4159470e-08	
   1.1590018e+04	   3.2399580e-08	
   1.1600018e+04	   3.0681820e-08	
   1.1610016e+04	   2.8937540e-08	
   1.1620015e+04	   2.7286380e-08	
   1.1630014e+04	   2.5727210e-08	
   1.1640042e+04	   2.4133540e-08	
   1.1650041e+04	   2.2695730e-08	
   1.1660010e+04	   2.1223630e-08	
   1.1670038e+04	   1.9889960e-08	
   1.1680008e+04	   1.8623630e-08	
   1.1690036e+04	   1.7459550e-08	
   1.1700035e+04	   1.6343790e-08	
   1.1710033e+04	   1.5367340e-08	
   1.1720033e+04	   1.4377730e-08	
   1.1730031e+04	   1.3555170e-08	
   1.1740001e+04	   1.2796690e-08	
   1.1750030e+04	   1.2099270e-08	
   1.1759999e+04	   1.1444330e-08	
   1.1770027e+04	   1.0874770e-08	
   1.1779997e+04	   1.0348800e-08	
   1.1790025e+04	   9.8626390e-09	
   1.1799994e+04	   9.4398190e-09	
   1.1810022e+04	   9.0524380e-09	
   1.1820021e+04	   8.6869090e-09	
   1.1829990e+04	   8.3818640e-09	
   1.1839990e+04	   8.1047330e-09	
   1.1850018e+04	   7.8571030e-09	
   1.1860016e+04	   7.6386040e-09	
   1.1869986e+04	   7.4384500e-09	
   1.1880043e+04	   7.2556640e-09	
   1.1890042e+04	   7.0922370e-09	
   1.1900012e+04	   6.9360300e-09	
   1.1910040e+04	   6.7989170e-09	
   1.1920038e+04	   6.6726150e-09	
   1.1930008e+04	   6.5556490e-09	
   1.1940036e+04	   6.4358780e-09	
   1.1950035e+04	   6.3209270e-09	
   1.1960005e+04	   6.2147210e-09	
   1.1970033e+04	   6.1169660e-09	
   1.1980031e+04	   6.0189940e-09	
   1.1990001e+04	   5.9498600e-09	
   1.2000030e+04	   5.8490510e-09	
