   8.0000296e+03	   2.9361850e-04	
   8.0100279e+03	   2.9357970e-04	
   8.0200272e+03	   2.9355760e-04	
   8.0300255e+03	   2.9354470e-04	
   8.0400248e+03	   2.9350770e-04	
   8.0500231e+03	   2.9349320e-04	
   8.0600224e+03	   2.9346520e-04	
   8.0700207e+03	   2.9344210e-04	
   8.0800200e+03	   2.9341940e-04	
   8.0900183e+03	   2.9338040e-04	
   8.1000175e+03	   2.9335670e-04	
   8.1100159e+03	   2.9332950e-04	
   8.1200151e+03	   2.9329890e-04	
   8.1300430e+03	   2.9325420e-04	
   8.1400423e+03	   2.9324140e-04	
   8.1500406e+03	   2.9320430e-04	
   8.1600399e+03	   2.9316820e-04	
   8.1700382e+03	   2.9313760e-04	
   8.1800375e+03	   2.9309690e-04	
   8.1900358e+03	   2.9304330e-04	
   8.2000351e+03	   2.9300920e-04	
   8.2100334e+03	   2.9296050e-04	
   8.2200327e+03	   2.9291180e-04	
   8.2300310e+03	   2.9285930e-04	
   8.2400303e+03	   2.9281530e-04	
   8.2500296e+03	   2.9275550e-04	
   8.2600279e+03	   2.9268860e-04	
   8.2700272e+03	   2.9263190e-04	
   8.2800255e+03	   2.9255580e-04	
   8.2900248e+03	   2.9250100e-04	
   8.3000231e+03	   2.9244570e-04	
   8.3100224e+03	   2.9238110e-04	
   8.3200207e+03	   2.9232120e-04	
   8.3300200e+03	   2.9224410e-04	
   8.3400183e+03	   2.9217640e-04	
   8.3500175e+03	   2.9211230e-04	
   8.3600159e+03	   2.9204020e-04	
   8.3700151e+03	   2.9196100e-04	
   8.3800430e+03	   2.9189130e-04	
   8.3900423e+03	   2.9179670e-04	
   8.4000406e+03	   2.9171930e-04	
   8.4100399e+03	   2.9164170e-04	
   8.4200382e+03	   2.9154320e-04	
   8.4300375e+03	   2.9144720e-04	
   8.4400358e+03	   2.9135220e-04	
   8.4500351e+03	   2.9125020e-04	
   8.4600630e+03	   2.9113610e-04	
   8.4700327e+03	   2.9102120e-04	
   8.4800310e+03	   2.9089240e-04	
   8.4900303e+03	   2.9076920e-04	
   8.5000296e+03	   2.9064620e-04	
   8.5100279e+03	   2.9051490e-04	
   8.5200272e+03	   2.9038370e-04	
   8.5300255e+03	   2.9024480e-04	
   8.5400248e+03	   2.9009640e-04	
   8.5500231e+03	   2.8993250e-04	
   8.5600224e+03	   2.8976820e-04	
   8.5700207e+03	   2.8958950e-04	
   8.5800200e+03	   2.8942100e-04	
   8.5900183e+03	   2.8923190e-04	
   8.6000471e+03	   2.8903230e-04	
   8.6100159e+03	   2.8882050e-04	
   8.6200151e+03	   2.8861210e-04	
   8.6300430e+03	   2.8837760e-04	
   8.6400709e+03	   2.8814060e-04	
   8.6500406e+03	   2.8789310e-04	
   8.6600399e+03	   2.8763840e-04	
   8.6700382e+03	   2.8736250e-04	
   8.6800375e+03	   2.8707870e-04	
   8.6900358e+03	   2.8679570e-04	
   8.7000351e+03	   2.8648480e-04	
   8.7100334e+03	   2.8616400e-04	
   8.7200327e+03	   2.8583550e-04	
   8.7300310e+03	   2.8548690e-04	
   8.7400303e+03	   2.8513580e-04	
   8.7500296e+03	   2.8474890e-04	
   8.7600279e+03	   2.8435120e-04	
   8.7700272e+03	   2.8394710e-04	
   8.7800255e+03	   2.8350150e-04	
   8.7900248e+03	   2.8304650e-04	
   8.8000231e+03	   2.8257390e-04	
   8.8100224e+03	   2.8210240e-04	
   8.8200207e+03	   2.8161310e-04	
   8.8299904e+03	   2.8109390e-04	
   8.8400183e+03	   2.8054080e-04	
   8.8500175e+03	   2.7994750e-04	
   8.8600159e+03	   2.7935020e-04	
   8.8699856e+03	   2.7874920e-04	
   8.8800430e+03	   2.7808440e-04	
   8.8900423e+03	   2.7740550e-04	
   8.9000406e+03	   2.7671630e-04	
   8.9100399e+03	   2.7599240e-04	
   8.9200382e+03	   2.7524670e-04	
   8.9300375e+03	   2.7448880e-04	
   8.9400358e+03	   2.7373170e-04	
   8.9500351e+03	   2.7291650e-04	
   8.9600334e+03	   2.7210020e-04	
   8.9700031e+03	   2.7126100e-04	
   8.9800606e+03	   2.7038710e-04	
   8.9900007e+03	   2.6951090e-04	
   9.0000296e+03	   2.6859650e-04	
   9.0100279e+03	   2.6764470e-04	
   9.0200272e+03	   2.6665990e-04	
   9.0300255e+03	   2.6563940e-04	
   9.0400248e+03	   2.6456040e-04	
   9.0500231e+03	   2.6345270e-04	
   9.0600224e+03	   2.6231870e-04	
   9.0700207e+03	   2.6114530e-04	
   9.0799904e+03	   2.5991950e-04	
   9.0900183e+03	   2.5868280e-04	
   9.1000175e+03	   2.5746130e-04	
   9.1100159e+03	   2.5619620e-04	
   9.1200151e+03	   2.5490560e-04	
   9.1300430e+03	   2.5360380e-04	
   9.1400423e+03	   2.5227990e-04	
   9.1500406e+03	   2.5093090e-04	
   9.1600103e+03	   2.4948720e-04	
   9.1700382e+03	   2.4806410e-04	
   9.1800375e+03	   2.4660410e-04	
   9.1900358e+03	   2.4506070e-04	
   9.2000351e+03	   2.4367250e-04	
   9.2100048e+03	   2.4191130e-04	
   9.2200327e+03	   2.4025320e-04	
   9.2300310e+03	   2.3861300e-04	
   9.2400303e+03	   2.3697710e-04	
   9.2500296e+03	   2.3533510e-04	
   9.2600279e+03	   2.3354180e-04	
   9.2700272e+03	   2.3170140e-04	
   9.2800255e+03	   2.2991190e-04	
   9.2899952e+03	   2.2812450e-04	
   9.3000231e+03	   2.2623720e-04	
   9.3100224e+03	   2.2431590e-04	
   9.3200207e+03	   2.2248850e-04	
   9.3300200e+03	   2.2051580e-04	
   9.3400183e+03	   2.1852550e-04	
   9.3500175e+03	   2.1653170e-04	
   9.3600159e+03	   2.1445970e-04	
   9.3699856e+03	   2.1233960e-04	
   9.3800430e+03	   2.1019560e-04	
   9.3900423e+03	   2.0810560e-04	
   9.4000406e+03	   2.0606920e-04	
   9.4100103e+03	   2.0397400e-04	
   9.4200382e+03	   2.0198600e-04	
   9.4300079e+03	   1.9962480e-04	
   9.4400072e+03	   1.9749810e-04	
   9.4500351e+03	   1.9528260e-04	
   9.4600334e+03	   1.9314060e-04	
   9.4700327e+03	   1.9093910e-04	
   9.4800024e+03	   1.8867370e-04	
   9.4900303e+03	   1.8643640e-04	
   9.5000000e+03	   1.8424060e-04	
   9.5100279e+03	   1.8195800e-04	
   9.5199976e+03	   1.7965020e-04	
   9.5300255e+03	   1.7745270e-04	
   9.5399952e+03	   1.7520590e-04	
   9.5500231e+03	   1.7296070e-04	
   9.5600224e+03	   1.7063780e-04	
   9.5699921e+03	   1.6829100e-04	
   9.5800200e+03	   1.6611730e-04	
   9.5900183e+03	   1.6357650e-04	
   9.6000175e+03	   1.6100790e-04	
   9.6099873e+03	   1.5825420e-04	
   9.6200151e+03	   1.5528570e-04	
   9.6300430e+03	   1.5306830e-04	
   9.6400423e+03	   1.5109250e-04	
   9.6500120e+03	   1.4901450e-04	
   9.6600103e+03	   1.4647830e-04	
   9.6700382e+03	   1.4400170e-04	
   9.6800079e+03	   1.4174330e-04	
   9.6900358e+03	   1.3936880e-04	
   9.7000055e+03	   1.3670910e-04	
   9.7100334e+03	   1.3430290e-04	
   9.7200031e+03	   1.3158770e-04	
   9.7300310e+03	   1.2949620e-04	
   9.7400303e+03	   1.2705150e-04	
   9.7500000e+03	   1.2476620e-04	
   9.7600279e+03	   1.2238070e-04	
   9.7699976e+03	   1.2002010e-04	
   9.7800255e+03	   1.1770870e-04	
   9.7899952e+03	   1.1572830e-04	
   9.8000231e+03	   1.1304570e-04	
   9.8100224e+03	   1.1055070e-04	
   9.8199921e+03	   1.0837910e-04	
   9.8300200e+03	   1.0608670e-04	
   9.8399897e+03	   1.0392360e-04	
   9.8499880e+03	   1.0183650e-04	
   9.8600159e+03	   9.9374080e-05	
   9.8700151e+03	   9.7402050e-05	
   9.8800144e+03	   9.5174860e-05	
   9.8900423e+03	   9.3035120e-05	
   9.9000120e+03	   9.0894140e-05	
   9.9100399e+03	   8.8541320e-05	
   9.9200096e+03	   8.6738280e-05	
   9.9300079e+03	   8.4562670e-05	
   9.9400358e+03	   8.2216790e-05	
   9.9500055e+03	   8.0194530e-05	
   9.9600334e+03	   7.8295050e-05	
   9.9700031e+03	   7.6368490e-05	
   9.9800310e+03	   7.4224160e-05	
   9.9900303e+03	   7.2226610e-05	
   1.0000000e+04	   7.0237190e-05	
   1.0010028e+04	   6.8312290e-05	
   1.0019998e+04	   6.6355600e-05	
   1.0030025e+04	   6.4514850e-05	
   1.0039995e+04	   6.2695700e-05	
   1.0049994e+04	   6.0886210e-05	
   1.0060022e+04	   5.9102830e-05	
   1.0070021e+04	   5.7348100e-05	
   1.0079990e+04	   5.5597610e-05	
   1.0090018e+04	   5.3887070e-05	
   1.0099988e+04	   5.2198560e-05	
   1.0110016e+04	   5.0548850e-05	
   1.0119986e+04	   4.8949410e-05	
   1.0130043e+04	   4.7362860e-05	
   1.0140042e+04	   4.5799610e-05	
   1.0150012e+04	   4.4219360e-05	
   1.0160040e+04	   4.2712080e-05	
   1.0170010e+04	   4.1252800e-05	
   1.0180037e+04	   3.9770200e-05	
   1.0190007e+04	   3.8311840e-05	
   1.0200035e+04	   3.7063610e-05	
   1.0210033e+04	   3.5727170e-05	
   1.0220033e+04	   3.4404710e-05	
   1.0230002e+04	   3.3144940e-05	
   1.0240030e+04	   3.1901180e-05	
   1.0250000e+04	   3.0668180e-05	
   1.0260028e+04	   2.9525550e-05	
   1.0270027e+04	   2.8350020e-05	
   1.0280025e+04	   2.7263660e-05	
   1.0289995e+04	   2.6133910e-05	
   1.0300023e+04	   2.5109750e-05	
   1.0309993e+04	   2.4043350e-05	
   1.0320021e+04	   2.3072590e-05	
   1.0330020e+04	   2.2069980e-05	
   1.0339990e+04	   2.1149260e-05	
   1.0350018e+04	   2.0257200e-05	
   1.0360016e+04	   1.9406390e-05	
   1.0369986e+04	   1.8568970e-05	
   1.0380043e+04	   1.7763790e-05	
   1.0390013e+04	   1.6953210e-05	
   1.0400041e+04	   1.6172590e-05	
   1.0410010e+04	   1.5455090e-05	
   1.0420038e+04	   1.4730260e-05	
   1.0430008e+04	   1.4035090e-05	
   1.0440036e+04	   1.3411890e-05	
   1.0450006e+04	   1.2776710e-05	
   1.0460033e+04	   1.2175730e-05	
   1.0470033e+04	   1.1596670e-05	
   1.0480002e+04	   1.1028060e-05	
   1.0490030e+04	   1.0472430e-05	
   1.0500000e+04	   9.9462270e-06	
   1.0510028e+04	   9.4324700e-06	
   1.0520027e+04	   8.9570130e-06	
   1.0530025e+04	   8.4869980e-06	
   1.0539995e+04	   8.0740230e-06	
   1.0550023e+04	   7.6827340e-06	
   1.0559993e+04	   7.3032690e-06	
   1.0570021e+04	   6.9013390e-06	
   1.0579990e+04	   6.5415070e-06	
   1.0589990e+04	   6.1725510e-06	
   1.0600018e+04	   5.8613940e-06	
   1.0609987e+04	   5.5257820e-06	
   1.0620015e+04	   5.2257830e-06	
   1.0630014e+04	   4.9363000e-06	
   1.0640042e+04	   4.6637470e-06	
   1.0650041e+04	   4.3987420e-06	
   1.0660010e+04	   4.1488830e-06	
   1.0670038e+04	   3.9009310e-06	
   1.0680008e+04	   3.6594280e-06	
   1.0690036e+04	   3.4466420e-06	
   1.0700006e+04	   3.2354750e-06	
   1.0710033e+04	   3.0376800e-06	
   1.0720003e+04	   2.8588470e-06	
   1.0730031e+04	   2.6833650e-06	
   1.0740001e+04	   2.5220320e-06	
   1.0750030e+04	   2.3608820e-06	
   1.0759999e+04	   2.2165140e-06	
   1.0770027e+04	   2.0787610e-06	
   1.0779997e+04	   1.9541920e-06	
   1.0790025e+04	   1.8284660e-06	
   1.0799994e+04	   1.7090410e-06	
   1.0810022e+04	   1.6008680e-06	
   1.0819992e+04	   1.4928140e-06	
   1.0830020e+04	   1.3894860e-06	
   1.0839990e+04	   1.2972650e-06	
   1.0850018e+04	   1.2130010e-06	
   1.0859987e+04	   1.1311810e-06	
   1.0870015e+04	   1.0552510e-06	
   1.0880014e+04	   9.8631280e-07	
   1.0890042e+04	   9.1941060e-07	
   1.0900041e+04	   8.5911000e-07	
   1.0910010e+04	   8.0560270e-07	
   1.0920038e+04	   7.5361780e-07	
   1.0930037e+04	   7.0417920e-07	
   1.0940007e+04	   6.5527950e-07	
   1.0950035e+04	   6.1265900e-07	
   1.0960005e+04	   5.7637280e-07	
   1.0970033e+04	   5.3799700e-07	
   1.0980002e+04	   5.0378940e-07	
   1.0990030e+04	   4.7155880e-07	
   1.1000000e+04	   4.4267740e-07	
   1.1010028e+04	   4.1252410e-07	
   1.1020027e+04	   3.8945170e-07	
   1.1029997e+04	   3.6683330e-07	
   1.1040025e+04	   3.4528930e-07	
   1.1049994e+04	   3.2429430e-07	
   1.1060022e+04	   3.0689080e-07	
   1.1070021e+04	   2.8961420e-07	
   1.1079990e+04	   2.7489650e-07	
   1.1090018e+04	   2.5968090e-07	
   1.1100018e+04	   2.4568250e-07	
   1.1109987e+04	   2.3162410e-07	
   1.1120015e+04	   2.1912830e-07	
   1.1130043e+04	   2.0762780e-07	
   1.1140013e+04	   1.9785070e-07	
   1.1150041e+04	   1.8758400e-07	
   1.1160040e+04	   1.7802460e-07	
   1.1170010e+04	   1.6989990e-07	
   1.1180037e+04	   1.6132650e-07	
   1.1190007e+04	   1.5398600e-07	
   1.1200035e+04	   1.4492670e-07	
   1.1210033e+04	   1.3855280e-07	
   1.1220003e+04	   1.3150110e-07	
   1.1230031e+04	   1.2510360e-07	
   1.1240001e+04	   1.1825890e-07	
   1.1250030e+04	   1.1236850e-07	
   1.1259999e+04	   1.0650630e-07	
   1.1270027e+04	   1.0117560e-07	
   1.1279997e+04	   9.6343980e-08	
   1.1290025e+04	   9.2202840e-08	
   1.1300023e+04	   8.7861000e-08	
   1.1309993e+04	   8.3973560e-08	
   1.1320021e+04	   8.0307460e-08	
   1.1330020e+04	   7.6854310e-08	
   1.1339990e+04	   7.3308200e-08	
   1.1350018e+04	   7.0546240e-08	
   1.1360016e+04	   6.7743880e-08	
   1.1369986e+04	   6.5311850e-08	
   1.1380043e+04	   6.3243950e-08	
   1.1390013e+04	   6.1038780e-08	
   1.1400041e+04	   5.8893370e-08	
   1.1410010e+04	   5.6605740e-08	
   1.1420038e+04	   5.5137300e-08	
   1.1430008e+04	   5.2765540e-08	
   1.1440036e+04	   5.0813760e-08	
   1.1450035e+04	   4.8891370e-08	
   1.1460005e+04	   4.7300520e-08	
   1.1470033e+04	   4.5078180e-08	
   1.1480031e+04	   4.3041400e-08	
   1.1490001e+04	   4.1399570e-08	
   1.1500030e+04	   3.9273030e-08	
   1.1510028e+04	   3.7002110e-08	
   1.1519998e+04	   3.5108380e-08	
   1.1530025e+04	   3.3598540e-08	
   1.1540025e+04	   3.1704340e-08	
   1.1549994e+04	   2.9833280e-08	
   1.1560022e+04	   2.8127110e-08	
   1.1570021e+04	   2.6445600e-08	
   1.1579990e+04	   2.4930650e-08	
   1.1590018e+04	   2.3192760e-08	
   1.1600018e+04	   2.1866720e-08	
   1.1610016e+04	   2.0361180e-08	
   1.1619986e+04	   1.9080600e-08	
   1.1630043e+04	   1.7959990e-08	
   1.1640042e+04	   1.6885370e-08	
   1.1650041e+04	   1.5836800e-08	
   1.1660040e+04	   1.4913270e-08	
   1.1670010e+04	   1.3953070e-08	
   1.1680037e+04	   1.3079180e-08	
   1.1690007e+04	   1.2312340e-08	
   1.1700035e+04	   1.1568940e-08	
   1.1710033e+04	   1.0887770e-08	
   1.1720033e+04	   1.0311210e-08	
   1.1730031e+04	   9.8047830e-09	
   1.1740001e+04	   9.2412100e-09	
   1.1750030e+04	   8.6447640e-09	
   1.1759999e+04	   8.3164310e-09	
   1.1770027e+04	   7.8928530e-09	
   1.1780025e+04	   7.4990710e-09	
   1.1789995e+04	   7.1938260e-09	
   1.1800023e+04	   6.8500770e-09	
   1.1810022e+04	   6.5530680e-09	
   1.1819992e+04	   6.2824700e-09	
   1.1830020e+04	   6.0279870e-09	
   1.1839990e+04	   5.8042560e-09	
   1.1850018e+04	   5.6096750e-09	
   1.1860016e+04	   5.4361560e-09	
   1.1869986e+04	   5.2951750e-09	
   1.1880043e+04	   5.1806270e-09	
   1.1890042e+04	   5.0701290e-09	
   1.1900012e+04	   5.0174460e-09	
   1.1910040e+04	   4.9107390e-09	
   1.1920010e+04	   4.8037720e-09	
   1.1930037e+04	   4.7150050e-09	
   1.1940036e+04	   4.6149460e-09	
   1.1950035e+04	   4.5558010e-09	
   1.1960005e+04	   4.4878100e-09	
   1.1970033e+04	   4.4208450e-09	
   1.1980002e+04	   4.3608320e-09	
   1.1990001e+04	   4.3025410e-09	
   1.2000030e+04	   4.2593870e-09	
