   6.0000582e+03	   2.9450610e-04	
   6.0100279e+03	   2.9449970e-04	
   6.0200267e+03	   2.9448300e-04	
   6.0300255e+03	   2.9447180e-04	
   6.0400243e+03	   2.9445700e-04	
   6.0500236e+03	   2.9446130e-04	
   6.0600224e+03	   2.9445480e-04	
   6.0700212e+03	   2.9445030e-04	
   6.0800200e+03	   2.9444700e-04	
   6.0900187e+03	   2.9442100e-04	
   6.1000175e+03	   2.9441640e-04	
   6.1100163e+03	   2.9439550e-04	
   6.1200151e+03	   2.9437150e-04	
   6.1300430e+03	   2.9436640e-04	
   6.1400418e+03	   2.9436490e-04	
   6.1500702e+03	   2.9432970e-04	
   6.1600394e+03	   2.9433490e-04	
   6.1700387e+03	   2.9431080e-04	
   6.1800375e+03	   2.9430810e-04	
   6.1900363e+03	   2.9431250e-04	
   6.2000351e+03	   2.9430360e-04	
   6.2100339e+03	   2.9428960e-04	
   6.2200327e+03	   2.9427160e-04	
   6.2300315e+03	   2.9424450e-04	
   6.2400303e+03	   2.9422600e-04	
   6.2500291e+03	   2.9421230e-04	
   6.2600279e+03	   2.9422860e-04	
   6.2700267e+03	   2.9414870e-04	
   6.2800546e+03	   2.9423180e-04	
   6.2900243e+03	   2.9422810e-04	
   6.3000526e+03	   2.9414460e-04	
   6.3100514e+03	   2.9422130e-04	
   6.3200212e+03	   2.9417970e-04	
   6.3300490e+03	   2.9416200e-04	
   6.3400187e+03	   2.9414970e-04	
   6.3500466e+03	   2.9413610e-04	
   6.3600454e+03	   2.9413630e-04	
   6.3700151e+03	   2.9415470e-04	
   6.3800430e+03	   2.9414030e-04	
   6.3900709e+03	   2.9411960e-04	
   6.4000702e+03	   2.9412960e-04	
   6.4100394e+03	   2.9411560e-04	
   6.4200678e+03	   2.9409640e-04	
   6.4300375e+03	   2.9407850e-04	
   6.4400363e+03	   2.9407970e-04	
   6.4500642e+03	   2.9403210e-04	
   6.4600339e+03	   2.9401990e-04	
   6.4700327e+03	   2.9402440e-04	
   6.4800606e+03	   2.9400600e-04	
   6.4900303e+03	   2.9398190e-04	
   6.5000291e+03	   2.9395990e-04	
   6.5100570e+03	   2.9393380e-04	
   6.5200267e+03	   2.9390420e-04	
   6.5300546e+03	   2.9387300e-04	
   6.5400243e+03	   2.9385080e-04	
   6.5500526e+03	   2.9382140e-04	
   6.5600224e+03	   2.9380870e-04	
   6.5700212e+03	   2.9375950e-04	
   6.5800200e+03	   2.9373110e-04	
   6.5900187e+03	   2.9368960e-04	
   6.6000466e+03	   2.9363710e-04	
   6.6100163e+03	   2.9359240e-04	
   6.6200442e+03	   2.9353840e-04	
   6.6300430e+03	   2.9349070e-04	
   6.6400418e+03	   2.9342730e-04	
   6.6500406e+03	   2.9335170e-04	
   6.6600690e+03	   2.9328530e-04	
   6.6700387e+03	   2.9321620e-04	
   6.6800375e+03	   2.9314690e-04	
   6.6900363e+03	   2.9306050e-04	
   6.7000351e+03	   2.9295270e-04	
   6.7100339e+03	   2.9285870e-04	
   6.7200327e+03	   2.9275440e-04	
   6.7300315e+03	   2.9265180e-04	
   6.7400594e+03	   2.9251450e-04	
   6.7500291e+03	   2.9244020e-04	
   6.7600570e+03	   2.9230890e-04	
   6.7700267e+03	   2.9216860e-04	
   6.7800255e+03	   2.9203620e-04	
   6.7900243e+03	   2.9190920e-04	
   6.8000236e+03	   2.9176530e-04	
   6.8100224e+03	   2.9160120e-04	
   6.8200212e+03	   2.9142980e-04	
   6.8300490e+03	   2.9122900e-04	
   6.8400187e+03	   2.9104260e-04	
   6.8500175e+03	   2.9086300e-04	
   6.8600454e+03	   2.9064970e-04	
   6.8700151e+03	   2.9045700e-04	
   6.8800430e+03	   2.9022370e-04	
   6.8900709e+03	   2.8997620e-04	
   6.9000406e+03	   2.8975150e-04	
   6.9100394e+03	   2.8951410e-04	
   6.9200678e+03	   2.8925830e-04	
   6.9300375e+03	   2.8897970e-04	
   6.9400363e+03	   2.8866720e-04	
   6.9500642e+03	   2.8832980e-04	
   6.9600339e+03	   2.8804900e-04	
   6.9700327e+03	   2.8770360e-04	
   6.9800606e+03	   2.8736710e-04	
   6.9900303e+03	   2.8702260e-04	
   7.0000291e+03	   2.8667780e-04	
   7.0100570e+03	   2.8629760e-04	
   7.0200267e+03	   2.8592460e-04	
   7.0300255e+03	   2.8552640e-04	
   7.0400243e+03	   2.8511480e-04	
   7.0500236e+03	   2.8469150e-04	
   7.0600224e+03	   2.8425500e-04	
   7.0700212e+03	   2.8379350e-04	
   7.0800200e+03	   2.8330770e-04	
   7.0900187e+03	   2.8282000e-04	
   7.1000175e+03	   2.8232810e-04	
   7.1100163e+03	   2.8181710e-04	
   7.1200151e+03	   2.8125000e-04	
   7.1300430e+03	   2.8069650e-04	
   7.1400418e+03	   2.8011100e-04	
   7.1500702e+03	   2.7953840e-04	
   7.1600394e+03	   2.7894300e-04	
   7.1700678e+03	   2.7827550e-04	
   7.1800375e+03	   2.7764890e-04	
   7.1900363e+03	   2.7703530e-04	
   7.2000351e+03	   2.7637730e-04	
   7.2100339e+03	   2.7568840e-04	
   7.2200327e+03	   2.7493990e-04	
   7.2300315e+03	   2.7420200e-04	
   7.2400303e+03	   2.7346750e-04	
   7.2500291e+03	   2.7267100e-04	
   7.2599988e+03	   2.7188200e-04	
   7.2700267e+03	   2.7108710e-04	
   7.2800255e+03	   2.7022830e-04	
   7.2900243e+03	   2.6934540e-04	
   7.3000236e+03	   2.6852550e-04	
   7.3100514e+03	   2.6757380e-04	
   7.3200212e+03	   2.6661740e-04	
   7.3300200e+03	   2.6570300e-04	
   7.3400187e+03	   2.6477240e-04	
   7.3500175e+03	   2.6379610e-04	
   7.3600454e+03	   2.6270040e-04	
   7.3700151e+03	   2.6159990e-04	
   7.3800430e+03	   2.6062710e-04	
   7.3900418e+03	   2.5974860e-04	
   7.4000406e+03	   2.5848060e-04	
   7.4100394e+03	   2.5728330e-04	
   7.4200387e+03	   2.5601750e-04	
   7.4300375e+03	   2.5485000e-04	
   7.4400072e+03	   2.5374090e-04	
   7.4500642e+03	   2.5253390e-04	
   7.4600339e+03	   2.5134860e-04	
   7.4700327e+03	   2.5012040e-04	
   7.4800315e+03	   2.4877370e-04	
   7.4900303e+03	   2.4750530e-04	
   7.5000291e+03	   2.4621590e-04	
   7.5100279e+03	   2.4481580e-04	
   7.5200267e+03	   2.4346820e-04	
   7.5300255e+03	   2.4212590e-04	
   7.5400243e+03	   2.4078510e-04	
   7.5500236e+03	   2.3930080e-04	
   7.5599928e+03	   2.3784710e-04	
   7.5700212e+03	   2.3637040e-04	
   7.5800200e+03	   2.3479170e-04	
   7.5900187e+03	   2.3324470e-04	
   7.6000466e+03	   2.3173580e-04	
   7.6100163e+03	   2.3004740e-04	
   7.6200151e+03	   2.2846540e-04	
   7.6300430e+03	   2.2679860e-04	
   7.6400418e+03	   2.2521300e-04	
   7.6500702e+03	   2.2349340e-04	
   7.6600103e+03	   2.2177380e-04	
   7.6700387e+03	   2.2001690e-04	
   7.6800375e+03	   2.1826410e-04	
   7.6900363e+03	   2.1643940e-04	
   7.7000351e+03	   2.1464050e-04	
   7.7100339e+03	   2.1298630e-04	
   7.7200327e+03	   2.1105580e-04	
   7.7300315e+03	   2.0910600e-04	
   7.7400303e+03	   2.0729960e-04	
   7.7500291e+03	   2.0542690e-04	
   7.7600279e+03	   2.0352960e-04	
   7.7700267e+03	   2.0170200e-04	
   7.7800255e+03	   1.9992290e-04	
   7.7900243e+03	   1.9784960e-04	
   7.8000236e+03	   1.9583340e-04	
   7.8100224e+03	   1.9378340e-04	
   7.8200212e+03	   1.9180060e-04	
   7.8300200e+03	   1.8996230e-04	
   7.8400187e+03	   1.8778040e-04	
   7.8500175e+03	   1.8569380e-04	
   7.8600163e+03	   1.8366000e-04	
   7.8700151e+03	   1.8159210e-04	
   7.8800721e+03	   1.7975310e-04	
   7.8900418e+03	   1.7745990e-04	
   7.9000406e+03	   1.7550940e-04	
   7.9100394e+03	   1.7342150e-04	
   7.9200387e+03	   1.7140010e-04	
   7.9300375e+03	   1.6917970e-04	
   7.9400363e+03	   1.6716650e-04	
   7.9500351e+03	   1.6513440e-04	
   7.9600048e+03	   1.6287870e-04	
   7.9700618e+03	   1.6069250e-04	
   7.9800315e+03	   1.5880460e-04	
   7.9900303e+03	   1.5655990e-04	
   8.0000296e+03	   1.5450740e-04	
   8.0100279e+03	   1.5220410e-04	
   8.0200272e+03	   1.5023090e-04	
   8.0300255e+03	   1.4801580e-04	
   8.0400248e+03	   1.4586650e-04	
   8.0500231e+03	   1.4369620e-04	
   8.0600224e+03	   1.4177270e-04	
   8.0700207e+03	   1.3944510e-04	
   8.0800200e+03	   1.3734980e-04	
   8.0900183e+03	   1.3514520e-04	
   8.1000175e+03	   1.3301270e-04	
   8.1100454e+03	   1.3091220e-04	
   8.1200151e+03	   1.2870960e-04	
   8.1300430e+03	   1.2669390e-04	
   8.1400423e+03	   1.2446600e-04	
   8.1500702e+03	   1.2229120e-04	
   8.1600399e+03	   1.2037440e-04	
   8.1700382e+03	   1.1829780e-04	
   8.1800375e+03	   1.1600870e-04	
   8.1900358e+03	   1.1398040e-04	
   8.2000351e+03	   1.1191870e-04	
   8.2100334e+03	   1.0971850e-04	
   8.2200327e+03	   1.0772160e-04	
   8.2300310e+03	   1.0577010e-04	
   8.2400303e+03	   1.0369390e-04	
   8.2500296e+03	   1.0180840e-04	
   8.2600279e+03	   9.9755440e-05	
   8.2700272e+03	   9.7693820e-05	
   8.2800255e+03	   9.5792360e-05	
   8.2900248e+03	   9.3879470e-05	
   8.3000231e+03	   9.2025930e-05	
   8.3100510e+03	   8.9975540e-05	
   8.3200207e+03	   8.8017800e-05	
   8.3300200e+03	   8.6144440e-05	
   8.3400183e+03	   8.4183800e-05	
   8.3500175e+03	   8.2346910e-05	
   8.3600454e+03	   8.0617590e-05	
   8.3700151e+03	   7.8797540e-05	
   8.3800430e+03	   7.6916270e-05	
   8.3900423e+03	   7.5175860e-05	
   8.4000406e+03	   7.3386240e-05	
   8.4100399e+03	   7.1756040e-05	
   8.4200382e+03	   7.0060440e-05	
   8.4300375e+03	   6.8371230e-05	
   8.4400358e+03	   6.6770140e-05	
   8.4500351e+03	   6.5078500e-05	
   8.4600334e+03	   6.3363750e-05	
   8.4700327e+03	   6.1846570e-05	
   8.4800310e+03	   6.0318750e-05	
   8.4900303e+03	   5.8779230e-05	
   8.5000296e+03	   5.7280280e-05	
   8.5100279e+03	   5.5801040e-05	
   8.5200272e+03	   5.4338300e-05	
   8.5300255e+03	   5.2886820e-05	
   8.5400248e+03	   5.1359820e-05	
   8.5500231e+03	   4.9922890e-05	
   8.5600224e+03	   4.8595580e-05	
   8.5700207e+03	   4.7218300e-05	
   8.5800200e+03	   4.5864020e-05	
   8.5900183e+03	   4.4529750e-05	
   8.6000175e+03	   4.3241190e-05	
   8.6100159e+03	   4.1977580e-05	
   8.6200151e+03	   4.0738520e-05	
   8.6300430e+03	   3.9450420e-05	
   8.6400423e+03	   3.8245940e-05	
   8.6500406e+03	   3.7145500e-05	
   8.6600399e+03	   3.5998130e-05	
   8.6700382e+03	   3.4884180e-05	
   8.6800375e+03	   3.3798300e-05	
   8.6900358e+03	   3.2714270e-05	
   8.7000351e+03	   3.1611100e-05	
   8.7100334e+03	   3.0586620e-05	
   8.7200327e+03	   2.9569880e-05	
   8.7300310e+03	   2.8597570e-05	
   8.7400303e+03	   2.7637020e-05	
   8.7500296e+03	   2.6670250e-05	
   8.7600279e+03	   2.5765400e-05	
   8.7700272e+03	   2.4877290e-05	
   8.7800255e+03	   2.4006570e-05	
   8.7900248e+03	   2.3148130e-05	
   8.8000231e+03	   2.2350830e-05	
   8.8100224e+03	   2.1547450e-05	
   8.8200207e+03	   2.0784270e-05	
   8.8300200e+03	   2.0048290e-05	
   8.8399897e+03	   1.9324680e-05	
   8.8499880e+03	   1.8625640e-05	
   8.8600159e+03	   1.7920550e-05	
   8.8700151e+03	   1.7171960e-05	
   8.8800430e+03	   1.6504380e-05	
   8.8900423e+03	   1.5893590e-05	
   8.9000406e+03	   1.5259030e-05	
   8.9100399e+03	   1.4590580e-05	
   8.9200382e+03	   1.3958440e-05	
   8.9300375e+03	   1.3382310e-05	
   8.9400358e+03	   1.2847780e-05	
   8.9500351e+03	   1.2308680e-05	
   8.9600334e+03	   1.1754090e-05	
   8.9700031e+03	   1.1256870e-05	
   8.9800310e+03	   1.0780590e-05	
   8.9900007e+03	   1.0286360e-05	
   9.0000296e+03	   9.8221940e-06	
   9.0100279e+03	   9.3921060e-06	
   9.0200272e+03	   8.9456960e-06	
   9.0300255e+03	   8.5173970e-06	
   9.0400248e+03	   8.0984500e-06	
   9.0500231e+03	   7.7221180e-06	
   9.0600224e+03	   7.3612290e-06	
   9.0700207e+03	   7.0043270e-06	
   9.0800200e+03	   6.6427350e-06	
   9.0900183e+03	   6.3195640e-06	
   9.1000175e+03	   5.9967610e-06	
   9.1100159e+03	   5.6857670e-06	
   9.1200151e+03	   5.3810700e-06	
   9.1300430e+03	   5.0901060e-06	
   9.1400423e+03	   4.8549270e-06	
   9.1500702e+03	   4.5989700e-06	
   9.1600103e+03	   4.3428170e-06	
   9.1700382e+03	   4.1035780e-06	
   9.1800375e+03	   3.8765810e-06	
   9.1900358e+03	   3.6689500e-06	
   9.2000351e+03	   3.4640800e-06	
   9.2100334e+03	   3.2715220e-06	
   9.2200327e+03	   3.0961860e-06	
   9.2300606e+03	   2.9333090e-06	
   9.2400303e+03	   2.7664240e-06	
   9.2500296e+03	   2.6008190e-06	
   9.2600279e+03	   2.4507480e-06	
   9.2700272e+03	   2.3106070e-06	
   9.2800255e+03	   2.1740870e-06	
   9.2900248e+03	   2.0550640e-06	
   9.2999945e+03	   1.9317100e-06	
   9.3100224e+03	   1.8232270e-06	
   9.3200207e+03	   1.7192380e-06	
   9.3300200e+03	   1.6103270e-06	
   9.3399897e+03	   1.5136330e-06	
   9.3500175e+03	   1.4206910e-06	
   9.3600159e+03	   1.3318080e-06	
   9.3699856e+03	   1.2535220e-06	
   9.3800430e+03	   1.1770540e-06	
   9.3900127e+03	   1.1027980e-06	
   9.4000406e+03	   1.0409100e-06	
   9.4100103e+03	   9.7853890e-07	
   9.4200382e+03	   9.1611000e-07	
   9.4300375e+03	   8.6650610e-07	
   9.4400072e+03	   8.1256460e-07	
   9.4500351e+03	   7.6147480e-07	
   9.4600334e+03	   7.0952420e-07	
   9.4700327e+03	   6.7356690e-07	
   9.4800024e+03	   6.3540060e-07	
   9.4900303e+03	   5.9528450e-07	
   9.5000000e+03	   5.5511150e-07	
   9.5100279e+03	   5.1994150e-07	
   9.5199976e+03	   4.8951700e-07	
   9.5300255e+03	   4.5815610e-07	
   9.5399952e+03	   4.2945390e-07	
   9.5500231e+03	   4.0563160e-07	
   9.5600224e+03	   3.8368510e-07	
   9.5700207e+03	   3.5917510e-07	
   9.5799904e+03	   3.3411060e-07	
   9.5900183e+03	   3.1882510e-07	
   9.5999880e+03	   3.0153620e-07	
   9.6100159e+03	   2.8288460e-07	
   9.6200151e+03	   2.6729030e-07	
   9.6300430e+03	   2.5371740e-07	
   9.6400423e+03	   2.3996380e-07	
   9.6500120e+03	   2.2652120e-07	
   9.6600103e+03	   2.1517820e-07	
   9.6700382e+03	   2.0521740e-07	
   9.6800079e+03	   1.9372110e-07	
   9.6900072e+03	   1.8415340e-07	
   9.7000351e+03	   1.7487860e-07	
   9.7100048e+03	   1.6735290e-07	
   9.7200327e+03	   1.5952070e-07	
   9.7300310e+03	   1.5175280e-07	
   9.7400007e+03	   1.4512390e-07	
   9.7500296e+03	   1.3859190e-07	
   9.7599993e+03	   1.3246550e-07	
   9.7700272e+03	   1.2724700e-07	
   9.7800255e+03	   1.2191250e-07	
   9.7899952e+03	   1.1608810e-07	
   9.8000231e+03	   1.1130120e-07	
   9.8099928e+03	   1.0710730e-07	
   9.8200207e+03	   1.0367200e-07	
   9.8299904e+03	   9.8726600e-08	
   9.8399897e+03	   9.4585150e-08	
   9.8499880e+03	   9.0392010e-08	
   9.8600159e+03	   8.6835750e-08	
   9.8700151e+03	   8.3207770e-08	
   9.8800144e+03	   7.9388900e-08	
   9.8900423e+03	   7.5642750e-08	
   9.9000406e+03	   7.2610800e-08	
   9.9100103e+03	   7.0072380e-08	
   9.9200382e+03	   6.7319820e-08	
   9.9300079e+03	   6.4305710e-08	
   9.9400358e+03	   6.2499570e-08	
   9.9500055e+03	   6.0263640e-08	
   9.9600334e+03	   5.7840580e-08	
   9.9700031e+03	   5.5986970e-08	
   9.9800310e+03	   5.4038410e-08	
   9.9900007e+03	   5.2281130e-08	
   1.0000030e+04	   5.0782410e-08	
   1.0010028e+04	   4.9286410e-08	
   1.0019998e+04	   4.7421520e-08	
   1.0030055e+04	   4.5844070e-08	
   1.0039995e+04	   4.4488970e-08	
   1.0050023e+04	   4.3293750e-08	
   1.0060022e+04	   4.1786290e-08	
   1.0070021e+04	   4.0855870e-08	
   1.0080020e+04	   3.9344360e-08	
   1.0090018e+04	   3.8040610e-08	
   1.0100018e+04	   3.6741260e-08	
   1.0110016e+04	   3.5311840e-08	
   1.0119986e+04	   3.4052680e-08	
   1.0130043e+04	   3.2854330e-08	
   1.0140042e+04	   3.1514210e-08	
   1.0150012e+04	   2.9982240e-08	
   1.0160040e+04	   2.8450200e-08	
   1.0170038e+04	   2.7130260e-08	
   1.0180008e+04	   2.6112770e-08	
   1.0190036e+04	   2.4641190e-08	
   1.0200035e+04	   2.3425660e-08	
   1.0210033e+04	   2.2107580e-08	
   1.0220033e+04	   2.0969340e-08	
   1.0230002e+04	   1.9928590e-08	
   1.0240030e+04	   1.8870060e-08	
   1.0250000e+04	   1.7807810e-08	
   1.0259999e+04	   1.6909570e-08	
   1.0270027e+04	   1.6012910e-08	
   1.0279997e+04	   1.5233750e-08	
   1.0290025e+04	   1.4457640e-08	
   1.0299994e+04	   1.3890800e-08	
   1.0310022e+04	   1.3004180e-08	
   1.0319992e+04	   1.2377010e-08	
   1.0330020e+04	   1.1743910e-08	
   1.0339990e+04	   1.1249180e-08	
   1.0350018e+04	   1.0769270e-08	
   1.0360016e+04	   1.0177810e-08	
   1.0369986e+04	   9.6409410e-09	
   1.0380043e+04	   9.1378580e-09	
   1.0390013e+04	   8.7114960e-09	
   1.0400041e+04	   8.4176890e-09	
   1.0410040e+04	   8.0712250e-09	
   1.0420010e+04	   7.6608960e-09	
   1.0430037e+04	   7.3484540e-09	
   1.0440007e+04	   7.0511710e-09	
   1.0450035e+04	   6.8189510e-09	
   1.0460005e+04	   6.5071970e-09	
   1.0470033e+04	   6.1994030e-09	
   1.0480002e+04	   6.0513650e-09	
   1.0490030e+04	   5.8806630e-09	
   1.0500000e+04	   5.6931200e-09	
   1.0510028e+04	   5.5688160e-09	
   1.0519998e+04	   5.3840220e-09	
   1.0530025e+04	   5.2285330e-09	
   1.0539995e+04	   5.0977320e-09	
   1.0550023e+04	   4.9681160e-09	
   1.0559993e+04	   4.8626870e-09	
   1.0570021e+04	   4.7694480e-09	
   1.0580020e+04	   4.6741900e-09	
   1.0589990e+04	   4.6089700e-09	
   1.0600018e+04	   4.5089590e-09	
   1.0609987e+04	   4.4283950e-09	
   1.0620015e+04	   4.3719810e-09	
   1.0630014e+04	   4.3061970e-09	
   1.0640042e+04	   4.2453600e-09	
   1.0650012e+04	   4.2008310e-09	
   1.0660040e+04	   4.1454720e-09	
   1.0670010e+04	   4.1007150e-09	
   1.0680037e+04	   4.0531310e-09	
   1.0690036e+04	   4.0076180e-09	
   1.0700006e+04	   3.9797570e-09	
   1.0710033e+04	   3.9445780e-09	
   1.0720033e+04	   3.9176560e-09	
   1.0730031e+04	   3.8847740e-09	
   1.0740001e+04	   3.8555070e-09	
   1.0750030e+04	   3.8365760e-09	
   1.0759999e+04	   3.8144820e-09	
   1.0770027e+04	   3.7905760e-09	
   1.0779997e+04	   3.7641600e-09	
   1.0790025e+04	   3.7478870e-09	
   1.0799994e+04	   3.7279810e-09	
   1.0810022e+04	   3.7012590e-09	
   1.0819992e+04	   3.6773810e-09	
   1.0830020e+04	   3.6579430e-09	
   1.0839990e+04	   3.6333590e-09	
   1.0850018e+04	   3.6167130e-09	
   1.0859987e+04	   3.6022640e-09	
   1.0870015e+04	   3.5977400e-09	
   1.0880014e+04	   3.5795330e-09	
   1.0890042e+04	   3.5648030e-09	
   1.0900012e+04	   3.5517260e-09	
   1.0910010e+04	   3.5447840e-09	
   1.0920038e+04	   3.5263590e-09	
   1.0930037e+04	   3.5102980e-09	
   1.0940007e+04	   3.4944700e-09	
   1.0950035e+04	   3.4740930e-09	
   1.0960005e+04	   3.4620880e-09	
   1.0970033e+04	   3.4573320e-09	
   1.0980002e+04	   3.4399480e-09	
   1.0990030e+04	   3.4286360e-09	
   1.1000000e+04	   3.4125580e-09	
   1.1009999e+04	   3.4037610e-09	
   1.1020027e+04	   3.3926120e-09	
   1.1030025e+04	   3.3761090e-09	
   1.1040025e+04	   3.3638330e-09	
   1.1049994e+04	   3.3605560e-09	
   1.1060022e+04	   3.3476390e-09	
   1.1070021e+04	   3.3382080e-09	
   1.1079990e+04	   3.3210090e-09	
   1.1090018e+04	   3.3086720e-09	
   1.1099988e+04	   3.3031010e-09	
   1.1109987e+04	   3.2960440e-09	
   1.1120015e+04	   3.2846360e-09	
   1.1130043e+04	   3.2706420e-09	
   1.1140013e+04	   3.2570720e-09	
   1.1150012e+04	   3.2575060e-09	
   1.1160040e+04	   3.2426680e-09	
   1.1170038e+04	   3.2415490e-09	
   1.1180008e+04	   3.2293940e-09	
   1.1190036e+04	   3.2209460e-09	
   1.1200035e+04	   3.2113470e-09	
   1.1210033e+04	   3.2038740e-09	
   1.1220003e+04	   3.1944980e-09	
   1.1230002e+04	   3.1870820e-09	
   1.1240030e+04	   3.1825530e-09	
   1.1250030e+04	   3.1724460e-09	
   1.1259999e+04	   3.1572620e-09	
   1.1270027e+04	   3.2267920e-09	
   1.1280025e+04	   3.1406130e-09	
   1.1289995e+04	   3.1396530e-09	
   1.1300023e+04	   3.1414060e-09	
   1.1309993e+04	   3.1282740e-09	
   1.1320021e+04	   3.1241660e-09	
   1.1330020e+04	   3.1158720e-09	
   1.1339990e+04	   3.1059920e-09	
   1.1350018e+04	   3.1003850e-09	
   1.1360016e+04	   3.0904880e-09	
   1.1369986e+04	   3.0809070e-09	
   1.1380043e+04	   3.0792130e-09	
   1.1390013e+04	   3.0766210e-09	
   1.1400041e+04	   3.0672520e-09	
   1.1410010e+04	   3.0718270e-09	
   1.1420038e+04	   3.0634840e-09	
   1.1430037e+04	   3.0550450e-09	
   1.1440007e+04	   3.0493350e-09	
   1.1450035e+04	   3.0465820e-09	
   1.1460033e+04	   3.0429420e-09	
   1.1470033e+04	   3.0344460e-09	
   1.1480002e+04	   3.0291230e-09	
   1.1490030e+04	   3.0176970e-09	
   1.1500000e+04	   3.0161510e-09	
