   4.5000582e+03	   2.9368960e-04	
   4.5100279e+03	   2.9363990e-04	
   4.5200267e+03	   2.9359950e-04	
   4.5300255e+03	   2.9357230e-04	
   4.5400538e+03	   2.9353210e-04	
   4.5500236e+03	   2.9352540e-04	
   4.5600514e+03	   2.9352610e-04	
   4.5700212e+03	   2.9348890e-04	
   4.5800200e+03	   2.9344120e-04	
   4.5900478e+03	   2.9339050e-04	
   4.6000466e+03	   2.9336790e-04	
   4.6100163e+03	   2.9332560e-04	
   4.6199861e+03	   2.9330810e-04	
   4.6300430e+03	   2.9326560e-04	
   4.6400709e+03	   2.9323300e-04	
   4.6500406e+03	   2.9322140e-04	
   4.6600394e+03	   2.9317590e-04	
   4.6700387e+03	   2.9313070e-04	
   4.6800375e+03	   2.9311680e-04	
   4.6900363e+03	   2.9307730e-04	
   4.7000351e+03	   2.9303870e-04	
   4.7100339e+03	   2.9301690e-04	
   4.7200327e+03	   2.9297280e-04	
   4.7300315e+03	   2.9290950e-04	
   4.7400303e+03	   2.9288570e-04	
   4.7500291e+03	   2.9286740e-04	
   4.7600279e+03	   2.9283990e-04	
   4.7700558e+03	   2.9280040e-04	
   4.7800255e+03	   2.9276870e-04	
   4.7900243e+03	   2.9272120e-04	
   4.8000526e+03	   2.9271160e-04	
   4.8100224e+03	   2.9270590e-04	
   4.8200212e+03	   2.9267140e-04	
   4.8300200e+03	   2.9263000e-04	
   4.8400187e+03	   2.9259010e-04	
   4.8500175e+03	   2.9254660e-04	
   4.8600163e+03	   2.9252300e-04	
   4.8700151e+03	   2.9248600e-04	
   4.8800430e+03	   2.9242910e-04	
   4.8900418e+03	   2.9242970e-04	
   4.9000406e+03	   2.9240460e-04	
   4.9100394e+03	   2.9236610e-04	
   4.9200387e+03	   2.9231490e-04	
   4.9300375e+03	   2.9225930e-04	
   4.9400363e+03	   2.9223820e-04	
   4.9500351e+03	   2.9220430e-04	
   4.9600339e+03	   2.9219160e-04	
   4.9700327e+03	   2.9216220e-04	
   4.9800315e+03	   2.9212470e-04	
   4.9900303e+03	   2.9210260e-04	
   5.0000291e+03	   2.9209670e-04	
   5.0100279e+03	   2.9207680e-04	
   5.0200267e+03	   2.9205320e-04	
   5.0300255e+03	   2.9202260e-04	
   5.0400243e+03	   2.9201020e-04	
   5.0500236e+03	   2.9197810e-04	
   5.0600224e+03	   2.9194580e-04	
   5.0700212e+03	   2.9193370e-04	
   5.0800200e+03	   2.9192570e-04	
   5.0900187e+03	   2.9189920e-04	
   5.1000175e+03	   2.9186540e-04	
   5.1100163e+03	   2.9184600e-04	
   5.1200151e+03	   2.9182970e-04	
   5.1300430e+03	   2.9180970e-04	
   5.1400418e+03	   2.9176850e-04	
   5.1500702e+03	   2.9174960e-04	
   5.1600394e+03	   2.9171950e-04	
   5.1700387e+03	   2.9173510e-04	
   5.1800375e+03	   2.9173090e-04	
   5.1900363e+03	   2.9173210e-04	
   5.2000351e+03	   2.9172260e-04	
   5.2100339e+03	   2.9173410e-04	
   5.2200327e+03	   2.9171580e-04	
   5.2300315e+03	   2.9171080e-04	
   5.2400303e+03	   2.9172680e-04	
   5.2500291e+03	   2.9170310e-04	
   5.2600279e+03	   2.9167240e-04	
   5.2700267e+03	   2.9172860e-04	
   5.2800255e+03	   2.9164720e-04	
   5.2900243e+03	   2.9158850e-04	
   5.3000236e+03	   2.9160110e-04	
   5.3100224e+03	   2.9158290e-04	
   5.3200212e+03	   2.9157810e-04	
   5.3300200e+03	   2.9148580e-04	
   5.3399897e+03	   2.9156800e-04	
   5.3500175e+03	   2.9151450e-04	
   5.3600454e+03	   2.9137800e-04	
   5.3699861e+03	   2.9143500e-04	
   5.3800430e+03	   2.9146120e-04	
   5.3900418e+03	   2.9145360e-04	
   5.4000406e+03	   2.9144870e-04	
   5.4100394e+03	   2.9142960e-04	
   5.4200387e+03	   2.9144660e-04	
   5.4300375e+03	   2.9142120e-04	
   5.4400363e+03	   2.9140890e-04	
   5.4500351e+03	   2.9139080e-04	
   5.4600339e+03	   2.9139030e-04	
   5.4700327e+03	   2.9136370e-04	
   5.4800315e+03	   2.9138170e-04	
   5.4900303e+03	   2.9136940e-04	
   5.5000291e+03	   2.9136850e-04	
   5.5100279e+03	   2.9133970e-04	
   5.5200267e+03	   2.9131080e-04	
   5.5300255e+03	   2.9127440e-04	
   5.5400243e+03	   2.9129380e-04	
   5.5500236e+03	   2.9129600e-04	
   5.5600224e+03	   2.9125230e-04	
   5.5700212e+03	   2.9124330e-04	
   5.5800200e+03	   2.9122720e-04	
   5.5900187e+03	   2.9121920e-04	
   5.6000175e+03	   2.9118100e-04	
   5.6099873e+03	   2.9120670e-04	
   5.6200151e+03	   2.9119470e-04	
   5.6300430e+03	   2.9119880e-04	
   5.6400418e+03	   2.9118980e-04	
   5.6500406e+03	   2.9119640e-04	
   5.6600394e+03	   2.9117070e-04	
   5.6700387e+03	   2.9116580e-04	
   5.6800079e+03	   2.9114960e-04	
   5.6900363e+03	   2.9114520e-04	
   5.7000351e+03	   2.9114430e-04	
   5.7100339e+03	   2.9116280e-04	
   5.7200327e+03	   2.9114880e-04	
   5.7300315e+03	   2.9114570e-04	
   5.7400303e+03	   2.9115750e-04	
   5.7500291e+03	   2.9116770e-04	
   5.7600279e+03	   2.9114050e-04	
   5.7700267e+03	   2.9115680e-04	
   5.7800255e+03	   2.9114250e-04	
   5.7900243e+03	   2.9113480e-04	
   5.8000236e+03	   2.9112720e-04	
   5.8100224e+03	   2.9112690e-04	
   5.8200212e+03	   2.9110240e-04	
   5.8300200e+03	   2.9112240e-04	
   5.8400187e+03	   2.9113080e-04	
   5.8500175e+03	   2.9114180e-04	
   5.8600163e+03	   2.9115090e-04	
   5.8699861e+03	   2.9114920e-04	
   5.8800430e+03	   2.9116850e-04	
   5.8900418e+03	   2.9120020e-04	
   5.9000406e+03	   2.9126750e-04	
   5.9100394e+03	   2.9118110e-04	
   5.9200091e+03	   2.9120230e-04	
   5.9300375e+03	   2.9122480e-04	
   5.9400363e+03	   2.9125090e-04	
   5.9500351e+03	   2.9121320e-04	
   5.9600339e+03	   2.9123430e-04	
   5.9700327e+03	   2.9122830e-04	
   5.9800315e+03	   2.9124750e-04	
   5.9900012e+03	   2.9123460e-04	
   6.0000291e+03	   2.9123110e-04	
   6.0100279e+03	   2.9125130e-04	
   6.0200267e+03	   2.9124880e-04	
   6.0300255e+03	   2.9126600e-04	
   6.0400243e+03	   2.9126970e-04	
   6.0500236e+03	   2.9130940e-04	
   6.0600224e+03	   2.9136590e-04	
   6.0700212e+03	   2.9133200e-04	
   6.0800200e+03	   2.9131710e-04	
   6.0900187e+03	   2.9134760e-04	
   6.1000175e+03	   2.9131580e-04	
   6.1100163e+03	   2.9132520e-04	
   6.1200151e+03	   2.9133330e-04	
   6.1300430e+03	   2.9134880e-04	
   6.1400418e+03	   2.9138300e-04	
   6.1500702e+03	   2.9139590e-04	
   6.1600103e+03	   2.9140810e-04	
   6.1700387e+03	   2.9139740e-04	
   6.1800375e+03	   2.9139520e-04	
   6.1900363e+03	   2.9141120e-04	
   6.2000351e+03	   2.9138900e-04	
   6.2100339e+03	   2.9138200e-04	
   6.2200327e+03	   2.9138980e-04	
   6.2300315e+03	   2.9138340e-04	
   6.2400303e+03	   2.9138730e-04	
   6.2500291e+03	   2.9139400e-04	
   6.2600279e+03	   2.9141960e-04	
   6.2700267e+03	   2.9141090e-04	
   6.2800255e+03	   2.9144170e-04	
   6.2899952e+03	   2.9146460e-04	
   6.3000236e+03	   2.9147350e-04	
   6.3100224e+03	   2.9147480e-04	
   6.3200212e+03	   2.9145090e-04	
   6.3300200e+03	   2.9144460e-04	
   6.3400187e+03	   2.9141830e-04	
   6.3500175e+03	   2.9144700e-04	
   6.3600454e+03	   2.9145070e-04	
   6.3699861e+03	   2.9145720e-04	
   6.3800139e+03	   2.9148310e-04	
   6.3900709e+03	   2.9146770e-04	
   6.4000406e+03	   2.9146100e-04	
   6.4100394e+03	   2.9144820e-04	
   6.4200387e+03	   2.9145480e-04	
   6.4300375e+03	   2.9144190e-04	
   6.4400072e+03	   2.9145370e-04	
   6.4500351e+03	   2.9143960e-04	
   6.4600339e+03	   2.9140060e-04	
   6.4700327e+03	   2.9138760e-04	
   6.4800315e+03	   2.9140230e-04	
   6.4900303e+03	   2.9139170e-04	
   6.5000291e+03	   2.9135530e-04	
   6.5100279e+03	   2.9133550e-04	
   6.5200267e+03	   2.9131810e-04	
   6.5300255e+03	   2.9129230e-04	
   6.5400243e+03	   2.9128260e-04	
   6.5500236e+03	   2.9124990e-04	
   6.5600224e+03	   2.9122410e-04	
   6.5700212e+03	   2.9116850e-04	
   6.5800200e+03	   2.9113460e-04	
   6.5900187e+03	   2.9108690e-04	
   6.6000175e+03	   2.9107300e-04	
   6.6099873e+03	   2.9103840e-04	
   6.6200151e+03	   2.9098210e-04	
   6.6300139e+03	   2.9095220e-04	
   6.6400418e+03	   2.9088150e-04	
   6.6500406e+03	   2.9082990e-04	
   6.6600394e+03	   2.9078540e-04	
   6.6700387e+03	   2.9068400e-04	
   6.6800375e+03	   2.9059530e-04	
   6.6900363e+03	   2.9053610e-04	
   6.7000351e+03	   2.9043750e-04	
   6.7100339e+03	   2.9037240e-04	
   6.7200327e+03	   2.9027550e-04	
   6.7300315e+03	   2.9017640e-04	
   6.7400303e+03	   2.9005270e-04	
   6.7500291e+03	   2.8992210e-04	
   6.7600279e+03	   2.8980090e-04	
   6.7700267e+03	   2.8967660e-04	
   6.7800255e+03	   2.8954320e-04	
   6.7900243e+03	   2.8942230e-04	
   6.8000236e+03	   2.8928750e-04	
   6.8100224e+03	   2.8912770e-04	
   6.8200212e+03	   2.8896650e-04	
   6.8300200e+03	   2.8877720e-04	
   6.8400187e+03	   2.8858390e-04	
   6.8500175e+03	   2.8841570e-04	
   6.8600163e+03	   2.8819590e-04	
   6.8700151e+03	   2.8800490e-04	
   6.8800430e+03	   2.8777870e-04	
   6.8900418e+03	   2.8758230e-04	
   6.9000115e+03	   2.8734140e-04	
   6.9100394e+03	   2.8709550e-04	
   6.9200387e+03	   2.8684160e-04	
   6.9300375e+03	   2.8658400e-04	
   6.9400072e+03	   2.8634270e-04	
   6.9500351e+03	   2.8603610e-04	
   6.9600339e+03	   2.8573740e-04	
   6.9700327e+03	   2.8539060e-04	
   6.9800315e+03	   2.8509930e-04	
   6.9900303e+03	   2.8477880e-04	
   7.0000000e+03	   2.8441700e-04	
   7.0100570e+03	   2.8404120e-04	
   7.0200267e+03	   2.8365740e-04	
   7.0300255e+03	   2.8328680e-04	
   7.0400243e+03	   2.8293710e-04	
   7.0500236e+03	   2.8251880e-04	
   7.0600224e+03	   2.8207980e-04	
   7.0700212e+03	   2.8166050e-04	
   7.0800200e+03	   2.8119470e-04	
   7.0900187e+03	   2.8074180e-04	
   7.1000175e+03	   2.8027670e-04	
   7.1100163e+03	   2.7980670e-04	
   7.1200151e+03	   2.7928160e-04	
   7.1300430e+03	   2.7874920e-04	
   7.1400418e+03	   2.7823280e-04	
   7.1500406e+03	   2.7765800e-04	
   7.1600103e+03	   2.7709240e-04	
   7.1700387e+03	   2.7653630e-04	
   7.1800375e+03	   2.7595390e-04	
   7.1900363e+03	   2.7531900e-04	
   7.2000351e+03	   2.7466130e-04	
   7.2100339e+03	   2.7402560e-04	
   7.2200327e+03	   2.7334490e-04	
   7.2300315e+03	   2.7268880e-04	
   7.2400303e+03	   2.7195680e-04	
   7.2500291e+03	   2.7122570e-04	
   7.2600279e+03	   2.7050240e-04	
   7.2700267e+03	   2.6969030e-04	
   7.2800255e+03	   2.6886530e-04	
   7.2900243e+03	   2.6804690e-04	
   7.3000236e+03	   2.6726710e-04	
   7.3100224e+03	   2.6643990e-04	
   7.3200212e+03	   2.6555090e-04	
   7.3300200e+03	   2.6456610e-04	
   7.3400187e+03	   2.6370590e-04	
   7.3500175e+03	   2.6280200e-04	
   7.3600163e+03	   2.6183310e-04	
   7.3700151e+03	   2.6085930e-04	
   7.3800430e+03	   2.5985670e-04	
   7.3900418e+03	   2.5877180e-04	
   7.4000406e+03	   2.5777250e-04	
   7.4100394e+03	   2.5670650e-04	
   7.4200387e+03	   2.5555500e-04	
   7.4300375e+03	   2.5438750e-04	
   7.4400072e+03	   2.5327390e-04	
   7.4500642e+03	   2.5211860e-04	
   7.4600339e+03	   2.5097140e-04	
   7.4700327e+03	   2.4981420e-04	
   7.4800315e+03	   2.4858110e-04	
   7.4900303e+03	   2.4737070e-04	
   7.5000000e+03	   2.4614720e-04	
   7.5100570e+03	   2.4479940e-04	
   7.5200267e+03	   2.4346350e-04	
   7.5300255e+03	   2.4221380e-04	
   7.5400243e+03	   2.4090350e-04	
   7.5500236e+03	   2.3958900e-04	
   7.5600224e+03	   2.3822390e-04	
   7.5700212e+03	   2.3681530e-04	
   7.5800200e+03	   2.3535830e-04	
   7.5900187e+03	   2.3405100e-04	
   7.6000466e+03	   2.3242580e-04	
   7.6099873e+03	   2.3101730e-04	
   7.6200151e+03	   2.2949480e-04	
   7.6300430e+03	   2.2806030e-04	
   7.6400418e+03	   2.2647430e-04	
   7.6500702e+03	   2.2483910e-04	
   7.6600103e+03	   2.2331700e-04	
   7.6700387e+03	   2.2166270e-04	
   7.6800079e+03	   2.2009820e-04	
   7.6900654e+03	   2.1837670e-04	
   7.7000351e+03	   2.1668400e-04	
   7.7100339e+03	   2.1511630e-04	
   7.7200327e+03	   2.1330150e-04	
   7.7300315e+03	   2.1152980e-04	
   7.7400303e+03	   2.0988440e-04	
   7.7500291e+03	   2.0819440e-04	
   7.7600279e+03	   2.0636220e-04	
   7.7700267e+03	   2.0453840e-04	
   7.7800255e+03	   2.0272380e-04	
   7.7900243e+03	   2.0077640e-04	
   7.8000236e+03	   1.9892800e-04	
   7.8100224e+03	   1.9709330e-04	
   7.8200212e+03	   1.9514010e-04	
   7.8300200e+03	   1.9327040e-04	
   7.8400187e+03	   1.9121300e-04	
   7.8500175e+03	   1.8930010e-04	
   7.8600163e+03	   1.8741320e-04	
   7.8699861e+03	   1.8540040e-04	
   7.8800721e+03	   1.8346130e-04	
   7.8900418e+03	   1.8153240e-04	
   7.9000406e+03	   1.7957230e-04	
   7.9100103e+03	   1.7751680e-04	
   7.9200678e+03	   1.7550670e-04	
   7.9300079e+03	   1.7356070e-04	
   7.9400363e+03	   1.7161420e-04	
   7.9500351e+03	   1.6966800e-04	
   7.9600339e+03	   1.6763740e-04	
   7.9700327e+03	   1.6562760e-04	
   7.9800315e+03	   1.6370630e-04	
   7.9900303e+03	   1.6173940e-04	
   8.0000296e+03	   1.5960530e-04	
   8.0100279e+03	   1.5753370e-04	
   8.0200558e+03	   1.5556620e-04	
   8.0299969e+03	   1.5347400e-04	
   8.0400534e+03	   1.5140150e-04	
   8.0499945e+03	   1.4941310e-04	
   8.0600510e+03	   1.4732080e-04	
   8.0699921e+03	   1.4528980e-04	
   8.0800200e+03	   1.4329070e-04	
   8.0900183e+03	   1.4123410e-04	
   8.1000175e+03	   1.3915430e-04	
   8.1100159e+03	   1.3712480e-04	
   8.1200151e+03	   1.3507380e-04	
   8.1300430e+03	   1.3303250e-04	
   8.1400423e+03	   1.3100030e-04	
   8.1500702e+03	   1.2899020e-04	
   8.1600399e+03	   1.2696010e-04	
   8.1700382e+03	   1.2504760e-04	
   8.1800375e+03	   1.2301960e-04	
   8.1900358e+03	   1.2090790e-04	
   8.2000351e+03	   1.1891380e-04	
   8.2100334e+03	   1.1694000e-04	
   8.2200327e+03	   1.1486970e-04	
   8.2300310e+03	   1.1301900e-04	
   8.2400303e+03	   1.1103760e-04	
   8.2500296e+03	   1.0912510e-04	
   8.2600279e+03	   1.0724340e-04	
   8.2700558e+03	   1.0524200e-04	
   8.2800255e+03	   1.0334580e-04	
   8.2900248e+03	   1.0142990e-04	
   8.3000231e+03	   9.9582440e-05	
   8.3100224e+03	   9.7737230e-05	
   8.3200207e+03	   9.5936570e-05	
   8.3300200e+03	   9.4136290e-05	
   8.3400183e+03	   9.2199310e-05	
   8.3500175e+03	   9.0336650e-05	
   8.3600454e+03	   8.8583130e-05	
   8.3700151e+03	   8.6822160e-05	
   8.3800430e+03	   8.4984460e-05	
   8.3900423e+03	   8.3247880e-05	
   8.4000406e+03	   8.1452820e-05	
   8.4100399e+03	   7.9644310e-05	
   8.4200382e+03	   7.7977760e-05	
   8.4300375e+03	   7.6313760e-05	
   8.4400358e+03	   7.4604810e-05	
   8.4500351e+03	   7.3015420e-05	
   8.4600630e+03	   7.1427510e-05	
   8.4700327e+03	   6.9840350e-05	
   8.4800310e+03	   6.8196660e-05	
   8.4900303e+03	   6.6557960e-05	
   8.5000296e+03	   6.5043790e-05	
   8.5100279e+03	   6.3491900e-05	
   8.5200272e+03	   6.1963920e-05	
   8.5300255e+03	   6.0499890e-05	
   8.5400248e+03	   5.9086280e-05	
   8.5500231e+03	   5.7616910e-05	
   8.5600224e+03	   5.6091250e-05	
   8.5700207e+03	   5.4715620e-05	
   8.5800200e+03	   5.3346060e-05	
   8.5900183e+03	   5.2024020e-05	
   8.6000175e+03	   5.0724650e-05	
   8.6100159e+03	   4.9411670e-05	
   8.6200151e+03	   4.8064570e-05	
   8.6300430e+03	   4.6735960e-05	
   8.6400709e+03	   4.5452720e-05	
   8.6500406e+03	   4.4247410e-05	
   8.6600399e+03	   4.2986260e-05	
   8.6700382e+03	   4.1700900e-05	
   8.6800375e+03	   4.0540010e-05	
   8.6900358e+03	   3.9386270e-05	
   8.7000351e+03	   3.8304230e-05	
   8.7100334e+03	   3.7177920e-05	
   8.7200327e+03	   3.6024080e-05	
   8.7300310e+03	   3.5029990e-05	
   8.7400303e+03	   3.3967190e-05	
   8.7500296e+03	   3.2899880e-05	
   8.7600279e+03	   3.1880320e-05	
   8.7700272e+03	   3.0963500e-05	
   8.7800255e+03	   3.0029770e-05	
   8.7900248e+03	   2.9057390e-05	
   8.8000231e+03	   2.8113390e-05	
   8.8100224e+03	   2.7252690e-05	
   8.8200207e+03	   2.6377650e-05	
   8.8300200e+03	   2.5442110e-05	
   8.8400183e+03	   2.4614560e-05	
   8.8500175e+03	   2.3773490e-05	
   8.8600159e+03	   2.3008130e-05	
   8.8700151e+03	   2.2154040e-05	
   8.8800430e+03	   2.1331860e-05	
   8.8900423e+03	   2.0535480e-05	
   8.9000406e+03	   1.9775890e-05	
   8.9100399e+03	   1.9070080e-05	
   8.9200382e+03	   1.8376360e-05	
   8.9300375e+03	   1.7706730e-05	
   8.9400358e+03	   1.7072380e-05	
   8.9500351e+03	   1.6415330e-05	
   8.9600334e+03	   1.5760620e-05	
   8.9700327e+03	   1.5170240e-05	
   8.9800310e+03	   1.4574970e-05	
   8.9900303e+03	   1.3990000e-05	
   9.0000296e+03	   1.3425800e-05	
   9.0100279e+03	   1.2891650e-05	
   9.0200558e+03	   1.2368510e-05	
   9.0300255e+03	   1.1865340e-05	
   9.0400248e+03	   1.1361120e-05	
   9.0500231e+03	   1.0899950e-05	
   9.0600224e+03	   1.0444000e-05	
   9.0700207e+03	   9.9956730e-06	
   9.0799904e+03	   9.5741140e-06	
   9.0900183e+03	   9.1707820e-06	
   9.1000175e+03	   8.7563000e-06	
   9.1100159e+03	   8.3677970e-06	
   9.1200151e+03	   7.9966830e-06	
   9.1300144e+03	   7.6210960e-06	
   9.1400423e+03	   7.2632860e-06	
   9.1500120e+03	   6.9208170e-06	
   9.1600399e+03	   6.5909420e-06	
   9.1700096e+03	   6.2829310e-06	
   9.1800375e+03	   5.9876190e-06	
   9.1900072e+03	   5.7099810e-06	
   9.2000351e+03	   5.4468190e-06	
   9.2100334e+03	   5.1769520e-06	
   9.2200031e+03	   4.9146400e-06	
   9.2300606e+03	   4.6634160e-06	
   9.2400007e+03	   4.4290130e-06	
   9.2500296e+03	   4.2096150e-06	
   9.2599993e+03	   4.0039710e-06	
   9.2700272e+03	   3.8067870e-06	
   9.2799969e+03	   3.6059150e-06	
   9.2900248e+03	   3.4183020e-06	
   9.3000231e+03	   3.2384470e-06	
   9.3100224e+03	   3.0663630e-06	
   9.3200207e+03	   2.9002460e-06	
   9.3300200e+03	   2.7407230e-06	
   9.3400183e+03	   2.5895510e-06	
   9.3500175e+03	   2.4453240e-06	
   9.3600159e+03	   2.3080240e-06	
   9.3699856e+03	   2.1829590e-06	
   9.3800430e+03	   2.0659100e-06	
   9.3900423e+03	   1.9467680e-06	
   9.4000406e+03	   1.8353330e-06	
   9.4100103e+03	   1.7288680e-06	
   9.4200382e+03	   1.6253650e-06	
   9.4300375e+03	   1.5298240e-06	
   9.4400358e+03	   1.4411860e-06	
   9.4500055e+03	   1.3488870e-06	
   9.4600334e+03	   1.2747740e-06	
   9.4700327e+03	   1.2022660e-06	
   9.4800024e+03	   1.1260700e-06	
   9.4900303e+03	   1.0597190e-06	
   9.5000000e+03	   9.9645830e-07	
   9.5100279e+03	   9.3680090e-07	
   9.5199976e+03	   8.8184380e-07	
   9.5300255e+03	   8.2777290e-07	
   9.5400248e+03	   7.8089690e-07	
   9.5499945e+03	   7.3569670e-07	
   9.5600224e+03	   6.9028580e-07	
   9.5700207e+03	   6.4849040e-07	
   9.5799904e+03	   6.0875690e-07	
   9.5900183e+03	   5.7101270e-07	
   9.6000175e+03	   5.3462510e-07	
   9.6099873e+03	   5.0045160e-07	
   9.6200151e+03	   4.6999280e-07	
   9.6300430e+03	   4.4139970e-07	
   9.6400423e+03	   4.1565570e-07	
   9.6500406e+03	   3.9023960e-07	
   9.6600103e+03	   3.6661220e-07	
   9.6700382e+03	   3.4396100e-07	
   9.6800079e+03	   3.2342980e-07	
   9.6900358e+03	   3.0470060e-07	
   9.7000351e+03	   2.8681740e-07	
   9.7100048e+03	   2.7065460e-07	
   9.7200327e+03	   2.5543410e-07	
   9.7300310e+03	   2.4147540e-07	
   9.7400007e+03	   2.2841580e-07	
   9.7500296e+03	   2.1647050e-07	
   9.7600279e+03	   2.0488800e-07	
   9.7699976e+03	   1.9400580e-07	
   9.7800255e+03	   1.8344330e-07	
   9.7899952e+03	   1.7386910e-07	
   9.8000231e+03	   1.6513020e-07	
   9.8100224e+03	   1.5725180e-07	
   9.8199921e+03	   1.4932390e-07	
   9.8300200e+03	   1.4187200e-07	
   9.8399897e+03	   1.3517900e-07	
   9.8499880e+03	   1.2938490e-07	
   9.8600159e+03	   1.2299650e-07	
   9.8700151e+03	   1.1733490e-07	
   9.8800144e+03	   1.1141230e-07	
   9.8900709e+03	   1.0750180e-07	
   9.9000120e+03	   1.0273970e-07	
   9.9100399e+03	   9.7614520e-08	
   9.9200096e+03	   9.3690470e-08	
   9.9300375e+03	   9.0073820e-08	
   9.9400072e+03	   8.5463230e-08	
   9.9500055e+03	   8.2296860e-08	
   9.9600334e+03	   7.8642100e-08	
   9.9700031e+03	   7.5907540e-08	
   9.9800310e+03	   7.1975260e-08	
   9.9900303e+03	   6.8589760e-08	
   1.0000030e+04	   6.6017950e-08	
