   6.0000291e+03	   3.5435690e-04	
   6.0100279e+03	   3.1383520e-04	
   6.0200558e+03	   3.1387400e-04	
   6.0300255e+03	   3.1392740e-04	
   6.0400243e+03	   3.1397980e-04	
   6.0500236e+03	   3.1402160e-04	
   6.0600224e+03	   3.1405790e-04	
   6.0700212e+03	   3.1408000e-04	
   6.0800200e+03	   3.1412370e-04	
   6.0900187e+03	   3.1414990e-04	
   6.1000175e+03	   3.1418450e-04	
   6.1100454e+03	   3.1419860e-04	
   6.1200151e+03	   3.1422870e-04	
   6.1300430e+03	   3.1425200e-04	
   6.1400709e+03	   3.1426920e-04	
   6.1500702e+03	   3.1429030e-04	
   6.1600394e+03	   3.1432130e-04	
   6.1700387e+03	   3.1431090e-04	
   6.1800375e+03	   3.1434730e-04	
   6.1900654e+03	   3.1435250e-04	
   6.2000351e+03	   3.1437140e-04	
   6.2100339e+03	   3.1438020e-04	
   6.2200327e+03	   3.1438480e-04	
   6.2300606e+03	   3.1438980e-04	
   6.2400303e+03	   3.1438330e-04	
   6.2500582e+03	   3.1439020e-04	
   6.2600279e+03	   3.1439590e-04	
   6.2700267e+03	   3.1438410e-04	
   6.2800255e+03	   3.1438940e-04	
   6.2900243e+03	   3.1438400e-04	
   6.3000526e+03	   3.1435960e-04	
   6.3100224e+03	   3.1435540e-04	
   6.3200212e+03	   3.1434030e-04	
   6.3300200e+03	   3.1432660e-04	
   6.3400187e+03	   3.1431410e-04	
   6.3500466e+03	   3.1427820e-04	
   6.3600454e+03	   3.1425570e-04	
   6.3700151e+03	   3.1424870e-04	
   6.3800430e+03	   3.1421110e-04	
   6.3900709e+03	   3.1417470e-04	
   6.4000406e+03	   3.1414360e-04	
   6.4100394e+03	   3.1412590e-04	
   6.4200387e+03	   3.1410230e-04	
   6.4300375e+03	   3.1404810e-04	
   6.4400363e+03	   3.1401690e-04	
   6.4500351e+03	   3.1397450e-04	
   6.4600339e+03	   3.1394510e-04	
   6.4700327e+03	   3.1390310e-04	
   6.4800315e+03	   3.1384390e-04	
   6.4900303e+03	   3.1381080e-04	
   6.5000291e+03	   3.1376260e-04	
   6.5100279e+03	   3.1370010e-04	
   6.5200267e+03	   3.1365720e-04	
   6.5300255e+03	   3.1360950e-04	
   6.5400243e+03	   3.1355840e-04	
   6.5500526e+03	   3.1349180e-04	
   6.5600224e+03	   3.1346070e-04	
   6.5700502e+03	   3.1338290e-04	
   6.5800200e+03	   3.1333950e-04	
   6.5900187e+03	   3.1327760e-04	
   6.6000466e+03	   3.1321450e-04	
   6.6100163e+03	   3.1314450e-04	
   6.6200442e+03	   3.1309210e-04	
   6.6300430e+03	   3.1302090e-04	
   6.6400709e+03	   3.1295600e-04	
   6.6500406e+03	   3.1289440e-04	
   6.6600690e+03	   3.1283900e-04	
   6.6700387e+03	   3.1276410e-04	
   6.6800375e+03	   3.1267820e-04	
   6.6900363e+03	   3.1261440e-04	
   6.7000351e+03	   3.1253270e-04	
   6.7100339e+03	   3.1246530e-04	
   6.7200327e+03	   3.1239860e-04	
   6.7300315e+03	   3.1230610e-04	
   6.7400303e+03	   3.1222890e-04	
   6.7500291e+03	   3.1216940e-04	
   6.7600279e+03	   3.1206090e-04	
   6.7700267e+03	   3.1198040e-04	
   6.7800255e+03	   3.1189880e-04	
   6.7900243e+03	   3.1180970e-04	
   6.8000526e+03	   3.1171880e-04	
   6.8100224e+03	   3.1163110e-04	
   6.8200212e+03	   3.1155490e-04	
   6.8300200e+03	   3.1144040e-04	
   6.8400187e+03	   3.1134890e-04	
   6.8500175e+03	   3.1126700e-04	
   6.8600163e+03	   3.1115310e-04	
   6.8700151e+03	   3.1105500e-04	
   6.8800430e+03	   3.1096020e-04	
   6.8900418e+03	   3.1085200e-04	
   6.9000406e+03	   3.1074800e-04	
   6.9100394e+03	   3.1064590e-04	
   6.9200387e+03	   3.1053020e-04	
   6.9300375e+03	   3.1041580e-04	
   6.9400363e+03	   3.1030750e-04	
   6.9500351e+03	   3.1018930e-04	
   6.9600339e+03	   3.1007400e-04	
   6.9700327e+03	   3.0996870e-04	
   6.9800606e+03	   3.0983740e-04	
   6.9900303e+03	   3.0972820e-04	
   7.0000582e+03	   3.0960030e-04	
   7.0100279e+03	   3.0947550e-04	
   7.0200267e+03	   3.0936930e-04	
   7.0300546e+03	   3.0923540e-04	
   7.0400243e+03	   3.0911030e-04	
   7.0500526e+03	   3.0899950e-04	
   7.0600514e+03	   3.0887210e-04	
   7.0700502e+03	   3.0875130e-04	
   7.0800200e+03	   3.0863180e-04	
   7.0900187e+03	   3.0848960e-04	
   7.1000466e+03	   3.0837270e-04	
   7.1100163e+03	   3.0824160e-04	
   7.1200442e+03	   3.0812270e-04	
   7.1300721e+03	   3.0800090e-04	
   7.1400418e+03	   3.0788300e-04	
   7.1500702e+03	   3.0773810e-04	
   7.1600394e+03	   3.0762410e-04	
   7.1700678e+03	   3.0747410e-04	
   7.1800375e+03	   3.0734890e-04	
   7.1900654e+03	   3.0723010e-04	
   7.2000351e+03	   3.0709550e-04	
   7.2100339e+03	   3.0696230e-04	
   7.2200327e+03	   3.0684400e-04	
   7.2300606e+03	   3.0669740e-04	
   7.2400303e+03	   3.0658880e-04	
   7.2500582e+03	   3.0645700e-04	
   7.2600279e+03	   3.0632430e-04	
   7.2700558e+03	   3.0619230e-04	
   7.2800255e+03	   3.0605710e-04	
   7.2900243e+03	   3.0593210e-04	
   7.3000236e+03	   3.0582110e-04	
   7.3100514e+03	   3.0567860e-04	
   7.3200212e+03	   3.0555240e-04	
   7.3300490e+03	   3.0544340e-04	
   7.3400187e+03	   3.0528570e-04	
   7.3500466e+03	   3.0514990e-04	
   7.3600163e+03	   3.0500910e-04	
   7.3700151e+03	   3.0486430e-04	
   7.3800430e+03	   3.0473240e-04	
   7.3900709e+03	   3.0459580e-04	
   7.4000406e+03	   3.0446820e-04	
   7.4100690e+03	   3.0430510e-04	
   7.4200387e+03	   3.0418690e-04	
   7.4300666e+03	   3.0402230e-04	
   7.4400072e+03	   3.0387200e-04	
   7.4500642e+03	   3.0373440e-04	
   7.4600339e+03	   3.0360970e-04	
   7.4700327e+03	   3.0345160e-04	
   7.4800315e+03	   3.0330130e-04	
   7.4900303e+03	   3.0315410e-04	
   7.5000291e+03	   3.0300740e-04	
   7.5100279e+03	   3.0284370e-04	
   7.5200267e+03	   3.0270250e-04	
   7.5300255e+03	   3.0256700e-04	
   7.5400243e+03	   3.0241560e-04	
   7.5500236e+03	   3.0226910e-04	
   7.5600224e+03	   3.0212330e-04	
   7.5700212e+03	   3.0196980e-04	
   7.5800200e+03	   3.0183610e-04	
   7.5900187e+03	   3.0167660e-04	
   7.6000466e+03	   3.0151090e-04	
   7.6100163e+03	   3.0137920e-04	
   7.6200442e+03	   3.0121540e-04	
   7.6300430e+03	   3.0105900e-04	
   7.6400709e+03	   3.0089090e-04	
   7.6500702e+03	   3.0074430e-04	
   7.6600394e+03	   3.0058030e-04	
   7.6700387e+03	   3.0043660e-04	
   7.6800375e+03	   3.0027450e-04	
   7.6900654e+03	   3.0010820e-04	
   7.7000351e+03	   2.9995450e-04	
   7.7100630e+03	   2.9978810e-04	
   7.7200327e+03	   2.9963690e-04	
   7.7300315e+03	   2.9948320e-04	
   7.7400594e+03	   2.9933520e-04	
   7.7500291e+03	   2.9916180e-04	
   7.7600570e+03	   2.9898660e-04	
   7.7700558e+03	   2.9883270e-04	
   7.7800546e+03	   2.9867630e-04	
   7.7900538e+03	   2.9850840e-04	
   7.8000236e+03	   2.9834380e-04	
   7.8100514e+03	   2.9817090e-04	
   7.8200212e+03	   2.9798060e-04	
   7.8300490e+03	   2.9779280e-04	
   7.8400187e+03	   2.9760990e-04	
   7.8500466e+03	   2.9741010e-04	
   7.8600454e+03	   2.9720650e-04	
   7.8700151e+03	   2.9697700e-04	
   7.8800721e+03	   2.9673770e-04	
   7.8900418e+03	   2.9647230e-04	
   7.9000406e+03	   2.9616750e-04	
   7.9100690e+03	   2.9580440e-04	
   7.9200387e+03	   2.9539890e-04	
   7.9300375e+03	   2.9491820e-04	
   7.9400363e+03	   2.9436260e-04	
   7.9500642e+03	   2.9367730e-04	
   7.9600339e+03	   2.9286210e-04	
   7.9700327e+03	   2.9189040e-04	
   7.9800606e+03	   2.9073380e-04	
   7.9900303e+03	   2.8940540e-04	
   8.0000582e+03	   2.8777630e-04	
   8.0100574e+03	   2.8584560e-04	
   8.0200558e+03	   2.8358420e-04	
   8.0300255e+03	   2.8101910e-04	
   8.0400534e+03	   2.7796110e-04	
   8.0500231e+03	   2.7462790e-04	
   8.0600510e+03	   2.7092270e-04	
   8.0700207e+03	   2.6681870e-04	
   8.0800486e+03	   2.6238360e-04	
   8.0900478e+03	   2.5749720e-04	
   8.1000471e+03	   2.5227460e-04	
   8.1100454e+03	   2.4665390e-04	
   8.1200447e+03	   2.4060140e-04	
   8.1300726e+03	   2.3407890e-04	
   8.1400709e+03	   2.2732030e-04	
   8.1500702e+03	   2.1996020e-04	
   8.1600685e+03	   2.1238390e-04	
   8.1700678e+03	   2.0445220e-04	
   8.1800375e+03	   1.9588740e-04	
   8.1900358e+03	   1.8727230e-04	
   8.2000637e+03	   1.7840090e-04	
   8.2100630e+03	   1.6916150e-04	
   8.2200623e+03	   1.6020770e-04	
   8.2300606e+03	   1.5103310e-04	
   8.2400599e+03	   1.4165700e-04	
   8.2500582e+03	   1.3252620e-04	
   8.2600279e+03	   1.2365810e-04	
   8.2700558e+03	   1.1473820e-04	
   8.2800255e+03	   1.0579800e-04	
   8.2900248e+03	   9.7437490e-05	
   8.3000526e+03	   8.8868210e-05	
   8.3100510e+03	   8.0886810e-05	
   8.3200207e+03	   7.3062020e-05	
   8.3300486e+03	   6.5721150e-05	
   8.3400183e+03	   5.8774020e-05	
   8.3500175e+03	   5.2332960e-05	
   8.3600454e+03	   4.6268590e-05	
   8.3700151e+03	   4.0852170e-05	
   8.3800430e+03	   3.5929250e-05	
   8.3900423e+03	   3.1314350e-05	
   8.4000702e+03	   2.7073670e-05	
   8.4100399e+03	   2.3333220e-05	
   8.4200382e+03	   1.9861940e-05	
   8.4300375e+03	   1.7049880e-05	
   8.4400358e+03	   1.4470190e-05	
   8.4500351e+03	   1.2244100e-05	
   8.4600334e+03	   1.0272640e-05	
   8.4700327e+03	   8.6583760e-06	
   8.4800310e+03	   7.3056080e-06	
   8.4900303e+03	   6.2416940e-06	
   8.5000296e+03	   5.3779850e-06	
   8.5100279e+03	   4.7037060e-06	
   8.5200272e+03	   4.1499810e-06	
   8.5300255e+03	   3.7172340e-06	
   8.5400248e+03	   3.3537410e-06	
   8.5500231e+03	   3.0829450e-06	
   8.5600224e+03	   2.8647680e-06	
   8.5700207e+03	   2.6955960e-06	
   8.5800200e+03	   2.5536410e-06	
   8.5900183e+03	   2.4390520e-06	
   8.6000471e+03	   2.3428310e-06	
   8.6100159e+03	   2.2625210e-06	
   8.6200151e+03	   2.1925080e-06	
   8.6300430e+03	   2.1313780e-06	
   8.6400709e+03	   2.0853740e-06	
   8.6500702e+03	   2.0489040e-06	
   8.6600399e+03	   2.0152180e-06	
   8.6700382e+03	   1.9852940e-06	
   8.6800375e+03	   1.9652970e-06	
   8.6900358e+03	   1.9376150e-06	
   8.7000351e+03	   1.9134580e-06	
   8.7100334e+03	   1.8916140e-06	
   8.7200327e+03	   1.8705790e-06	
   8.7300310e+03	   1.8486240e-06	
   8.7400599e+03	   1.8295310e-06	
   8.7500296e+03	   1.8094240e-06	
   8.7600279e+03	   1.7940260e-06	
   8.7700558e+03	   1.7795660e-06	
   8.7800255e+03	   1.7682170e-06	
   8.7900248e+03	   1.7605810e-06	
   8.8000526e+03	   1.7536250e-06	
   8.8100224e+03	   1.7447260e-06	
   8.8200502e+03	   1.7390930e-06	
   8.8300200e+03	   1.7244040e-06	
   8.8400183e+03	   1.7193220e-06	
   8.8500175e+03	   1.7101200e-06	
   8.8600159e+03	   1.6976240e-06	
   8.8700151e+03	   1.6883190e-06	
   8.8800726e+03	   1.6739520e-06	
   8.8900423e+03	   1.6610920e-06	
   8.9000406e+03	   1.6557040e-06	
   8.9100685e+03	   1.6453320e-06	
   8.9200382e+03	   1.6346590e-06	
   8.9300661e+03	   1.6218210e-06	
   8.9400358e+03	   1.6086790e-06	
   8.9500637e+03	   1.5955490e-06	
   8.9600334e+03	   1.5786860e-06	
   8.9700327e+03	   1.5633080e-06	
   8.9800606e+03	   1.5470340e-06	
   8.9900303e+03	   1.5311830e-06	
   9.0000582e+03	   1.5165060e-06	
   9.0100574e+03	   1.5021320e-06	
   9.0200558e+03	   1.4864190e-06	
   9.0300255e+03	   1.4683750e-06	
   9.0400534e+03	   1.4498030e-06	
   9.0500526e+03	   1.4343520e-06	
   9.0600224e+03	   1.4187370e-06	
   9.0700502e+03	   1.4031040e-06	
   9.0800200e+03	   1.3866570e-06	
   9.0900478e+03	   1.3759560e-06	
   9.1000175e+03	   1.3535880e-06	
   9.1100454e+03	   1.3477800e-06	
   9.1200151e+03	   1.3270240e-06	
   9.1300726e+03	   1.3103800e-06	
   9.1400709e+03	   1.2952230e-06	
   9.1500702e+03	   1.2760510e-06	
   9.1600399e+03	   1.2657160e-06	
   9.1700382e+03	   1.2361770e-06	
   9.1800661e+03	   1.2212670e-06	
   9.1900358e+03	   1.2015070e-06	
   9.2000351e+03	   1.1819640e-06	
   9.2100334e+03	   1.1606010e-06	
   9.2200327e+03	   1.1376040e-06	
   9.2300606e+03	   1.1161950e-06	
   9.2400303e+03	   1.0934750e-06	
   9.2500296e+03	   1.0680950e-06	
   9.2600279e+03	   1.0425580e-06	
   9.2700272e+03	   1.0138040e-06	
   9.2800255e+03	   9.8823690e-07	
   9.2900248e+03	   9.5841260e-07	
   9.3000231e+03	   9.3284220e-07	
   9.3100224e+03	   9.0659920e-07	
   9.3200207e+03	   8.8049810e-07	
   9.3300200e+03	   8.5174780e-07	
   9.3400183e+03	   8.2818010e-07	
   9.3500175e+03	   8.0642230e-07	
   9.3600159e+03	   7.8413290e-07	
   9.3700151e+03	   7.6253580e-07	
   9.3800430e+03	   7.4235780e-07	
   9.3900423e+03	   7.2137810e-07	
   9.4000406e+03	   6.9989480e-07	
   9.4100399e+03	   6.7769340e-07	
   9.4200382e+03	   6.5523980e-07	
   9.4300375e+03	   6.3598260e-07	
   9.4400072e+03	   6.1185560e-07	
   9.4500351e+03	   5.9755940e-07	
   9.4600334e+03	   5.7732420e-07	
   9.4700327e+03	   5.6334240e-07	
   9.4800024e+03	   5.4613140e-07	
   9.4900303e+03	   5.3195450e-07	
   9.5000000e+03	   5.1853770e-07	
   9.5100279e+03	   5.0501200e-07	
   9.5199976e+03	   4.8975160e-07	
   9.5300255e+03	   4.7750290e-07	
   9.5400248e+03	   4.6415890e-07	
   9.5499945e+03	   4.5445730e-07	
   9.5600224e+03	   4.4371360e-07	
   9.5700207e+03	   4.3535070e-07	
   9.5800200e+03	   4.2747630e-07	
   9.5899897e+03	   4.1891320e-07	
   9.6000175e+03	   4.1321930e-07	
   9.6099873e+03	   4.0720910e-07	
   9.6200151e+03	   4.0205520e-07	
   9.6300430e+03	   3.9675200e-07	
   9.6400423e+03	   3.9265310e-07	
   9.6500406e+03	   3.8740980e-07	
   9.6600103e+03	   3.8315970e-07	
   9.6700678e+03	   3.7927770e-07	
   9.6800079e+03	   3.7468970e-07	
   9.6900358e+03	   3.6992450e-07	
   9.7000351e+03	   3.6409170e-07	
   9.7100334e+03	   3.5810710e-07	
   9.7200327e+03	   3.5296980e-07	
   9.7300310e+03	   3.4788830e-07	
   9.7400303e+03	   3.4355550e-07	
   9.7500000e+03	   3.3748640e-07	
   9.7600279e+03	   3.3120710e-07	
   9.7700272e+03	   3.2564610e-07	
   9.7800255e+03	   3.1944350e-07	
   9.7899952e+03	   3.1205760e-07	
   9.8000231e+03	   3.0385430e-07	
   9.8099928e+03	   2.9529070e-07	
   9.8200207e+03	   2.8706890e-07	
   9.8299904e+03	   2.7873590e-07	
   9.8399897e+03	   2.7102470e-07	
   9.8500175e+03	   2.6262620e-07	
   9.8600159e+03	   2.5448600e-07	
   9.8699856e+03	   2.4520240e-07	
   9.8800430e+03	   2.3666450e-07	
   9.8900423e+03	   2.2904560e-07	
   9.9000406e+03	   2.2168220e-07	
   9.9100399e+03	   2.1475380e-07	
   9.9200382e+03	   2.0806330e-07	
   9.9300079e+03	   2.0143460e-07	
   9.9400358e+03	   1.9543140e-07	
   9.9500055e+03	   1.9006830e-07	
   9.9600334e+03	   1.8448290e-07	
   9.9700327e+03	   1.7937820e-07	
   9.9800310e+03	   1.7477780e-07	
   9.9900303e+03	   1.7054600e-07	
   1.0000030e+04	   1.6696600e-07	
