   6.0000000e+03	   2.8948170e-04	
   6.0099988e+03	   2.8948050e-04	
   6.0200558e+03	   2.8945650e-04	
   6.0299964e+03	   2.8944560e-04	
   6.0400243e+03	   2.8944150e-04	
   6.0500236e+03	   2.8941580e-04	
   6.0600224e+03	   2.8942310e-04	
   6.0700212e+03	   2.8941020e-04	
   6.0800200e+03	   2.8939740e-04	
   6.0900187e+03	   2.8938930e-04	
   6.1000175e+03	   2.8937780e-04	
   6.1100163e+03	   2.8936550e-04	
   6.1200151e+03	   2.8935660e-04	
   6.1300430e+03	   2.8934280e-04	
   6.1400418e+03	   2.8934160e-04	
   6.1500702e+03	   2.8932070e-04	
   6.1600394e+03	   2.8931680e-04	
   6.1700387e+03	   2.8929950e-04	
   6.1800375e+03	   2.8929510e-04	
   6.1900363e+03	   2.8927090e-04	
   6.2000351e+03	   2.8927320e-04	
   6.2100339e+03	   2.8926540e-04	
   6.2200327e+03	   2.8925170e-04	
   6.2300315e+03	   2.8924690e-04	
   6.2400303e+03	   2.8923660e-04	
   6.2500291e+03	   2.8921580e-04	
   6.2600279e+03	   2.8920870e-04	
   6.2700267e+03	   2.8919880e-04	
   6.2800255e+03	   2.8919400e-04	
   6.2900243e+03	   2.8918820e-04	
   6.3000236e+03	   2.8917490e-04	
   6.3100514e+03	   2.8915500e-04	
   6.3200212e+03	   2.8915460e-04	
   6.3300200e+03	   2.8914730e-04	
   6.3400187e+03	   2.8914210e-04	
   6.3500175e+03	   2.8912310e-04	
   6.3600163e+03	   2.8911700e-04	
   6.3700151e+03	   2.8910470e-04	
   6.3800430e+03	   2.8909420e-04	
   6.3900709e+03	   2.8908400e-04	
   6.4000406e+03	   2.8907810e-04	
   6.4100394e+03	   2.8906820e-04	
   6.4200387e+03	   2.8906680e-04	
   6.4300375e+03	   2.8905420e-04	
   6.4400072e+03	   2.8904530e-04	
   6.4500642e+03	   2.8903320e-04	
   6.4600339e+03	   2.8902700e-04	
   6.4700327e+03	   2.8902460e-04	
   6.4800315e+03	   2.8901140e-04	
   6.4900303e+03	   2.8900740e-04	
   6.5000291e+03	   2.8899680e-04	
   6.5100279e+03	   2.8899440e-04	
   6.5200267e+03	   2.8899580e-04	
   6.5300255e+03	   2.8898310e-04	
   6.5400243e+03	   2.8897820e-04	
   6.5500236e+03	   2.8896890e-04	
   6.5600224e+03	   2.8896780e-04	
   6.5700212e+03	   2.8895930e-04	
   6.5800200e+03	   2.8894830e-04	
   6.5900187e+03	   2.8894720e-04	
   6.6000175e+03	   2.8892180e-04	
   6.6099873e+03	   2.8893280e-04	
   6.6200442e+03	   2.8891930e-04	
   6.6300430e+03	   2.8891040e-04	
   6.6400418e+03	   2.8890410e-04	
   6.6500406e+03	   2.8890050e-04	
   6.6600394e+03	   2.8889870e-04	
   6.6700387e+03	   2.8889040e-04	
   6.6800375e+03	   2.8889050e-04	
   6.6900363e+03	   2.8887760e-04	
   6.7000351e+03	   2.8887000e-04	
   6.7100339e+03	   2.8886180e-04	
   6.7200327e+03	   2.8886800e-04	
   6.7300315e+03	   2.8887280e-04	
   6.7400303e+03	   2.8886370e-04	
   6.7500291e+03	   2.8885500e-04	
   6.7600279e+03	   2.8886200e-04	
   6.7700267e+03	   2.8886960e-04	
   6.7800255e+03	   2.8886850e-04	
   6.7900243e+03	   2.8887100e-04	
   6.8000236e+03	   2.8886350e-04	
   6.8100224e+03	   2.8887620e-04	
   6.8200212e+03	   2.8888940e-04	
   6.8300200e+03	   2.8888870e-04	
   6.8400187e+03	   2.8889000e-04	
   6.8500175e+03	   2.8890350e-04	
   6.8600163e+03	   2.8890900e-04	
   6.8700151e+03	   2.8891420e-04	
   6.8800430e+03	   2.8891880e-04	
   6.8900418e+03	   2.8893500e-04	
   6.9000406e+03	   2.8894420e-04	
   6.9100394e+03	   2.8895460e-04	
   6.9200387e+03	   2.8897660e-04	
   6.9300375e+03	   2.8899960e-04	
   6.9400363e+03	   2.8901240e-04	
   6.9500351e+03	   2.8903210e-04	
   6.9600339e+03	   2.8904290e-04	
   6.9700327e+03	   2.8905680e-04	
   6.9800315e+03	   2.8907710e-04	
   6.9900303e+03	   2.8908480e-04	
   7.0000291e+03	   2.8911570e-04	
   7.0100279e+03	   2.8914030e-04	
   7.0200267e+03	   2.8916260e-04	
   7.0300255e+03	   2.8919280e-04	
   7.0400243e+03	   2.8921990e-04	
   7.0500236e+03	   2.8922900e-04	
   7.0600224e+03	   2.8925940e-04	
   7.0700212e+03	   2.8927170e-04	
   7.0800200e+03	   2.8931160e-04	
   7.0900187e+03	   2.8933290e-04	
   7.1000175e+03	   2.8936970e-04	
   7.1100163e+03	   2.8939320e-04	
   7.1200151e+03	   2.8942760e-04	
   7.1300430e+03	   2.8945350e-04	
   7.1400418e+03	   2.8948210e-04	
   7.1500702e+03	   2.8950930e-04	
   7.1600394e+03	   2.8955250e-04	
   7.1700387e+03	   2.8959320e-04	
   7.1800375e+03	   2.8962830e-04	
   7.1900363e+03	   2.8966200e-04	
   7.2000351e+03	   2.8969440e-04	
   7.2100339e+03	   2.8971360e-04	
   7.2200327e+03	   2.8974030e-04	
   7.2300315e+03	   2.8976760e-04	
   7.2400594e+03	   2.8979450e-04	
   7.2500291e+03	   2.8982510e-04	
   7.2600279e+03	   2.8984690e-04	
   7.2700267e+03	   2.8987650e-04	
   7.2800255e+03	   2.8989420e-04	
   7.2900243e+03	   2.8991760e-04	
   7.3000236e+03	   2.8993380e-04	
   7.3100514e+03	   2.8994020e-04	
   7.3199921e+03	   2.8997900e-04	
   7.3300200e+03	   2.8999710e-04	
   7.3400187e+03	   2.9001250e-04	
   7.3500175e+03	   2.9003140e-04	
   7.3600454e+03	   2.9004240e-04	
   7.3700151e+03	   2.9005440e-04	
   7.3800430e+03	   2.9006270e-04	
   7.3900418e+03	   2.9006720e-04	
   7.4000406e+03	   2.9007360e-04	
   7.4100394e+03	   2.9007560e-04	
   7.4200387e+03	   2.9008310e-04	
   7.4300375e+03	   2.9008780e-04	
   7.4400072e+03	   2.9009950e-04	
   7.4500642e+03	   2.9006780e-04	
   7.4600339e+03	   2.9005990e-04	
   7.4700327e+03	   2.9003770e-04	
   7.4800315e+03	   2.9000330e-04	
   7.4900303e+03	   2.8996380e-04	
   7.5000000e+03	   2.8991040e-04	
   7.5100570e+03	   2.8982990e-04	
   7.5200267e+03	   2.8973400e-04	
   7.5300255e+03	   2.8959040e-04	
   7.5400243e+03	   2.8938560e-04	
   7.5500236e+03	   2.8914180e-04	
   7.5600224e+03	   2.8883740e-04	
   7.5700212e+03	   2.8845170e-04	
   7.5800200e+03	   2.8797520e-04	
   7.5900187e+03	   2.8739650e-04	
   7.6000175e+03	   2.8665790e-04	
   7.6100163e+03	   2.8574960e-04	
   7.6200151e+03	   2.8465370e-04	
   7.6300430e+03	   2.8330450e-04	
   7.6400418e+03	   2.8166850e-04	
   7.6500702e+03	   2.7972400e-04	
   7.6600394e+03	   2.7748920e-04	
   7.6700387e+03	   2.7489280e-04	
   7.6800375e+03	   2.7190610e-04	
   7.6900363e+03	   2.6853770e-04	
   7.7000351e+03	   2.6468370e-04	
   7.7100339e+03	   2.6056370e-04	
   7.7200327e+03	   2.5593040e-04	
   7.7300315e+03	   2.5100880e-04	
   7.7400303e+03	   2.4581280e-04	
   7.7500291e+03	   2.4014760e-04	
   7.7600279e+03	   2.3403070e-04	
   7.7700267e+03	   2.2772120e-04	
   7.7800255e+03	   2.2097270e-04	
   7.7900243e+03	   2.1367640e-04	
   7.8000236e+03	   2.0615750e-04	
   7.8100224e+03	   1.9789860e-04	
   7.8199921e+03	   1.8937000e-04	
   7.8300490e+03	   1.8071360e-04	
   7.8400187e+03	   1.7177130e-04	
   7.8500175e+03	   1.6270900e-04	
   7.8600163e+03	   1.5358200e-04	
   7.8700151e+03	   1.4441000e-04	
   7.8800721e+03	   1.3539640e-04	
   7.8900418e+03	   1.2661420e-04	
   7.9000406e+03	   1.1800930e-04	
   7.9100394e+03	   1.0959100e-04	
   7.9200678e+03	   1.0124980e-04	
   7.9300079e+03	   9.3158770e-05	
   7.9400363e+03	   8.5309370e-05	
   7.9500351e+03	   7.7613040e-05	
   7.9600339e+03	   7.0170110e-05	
   7.9700327e+03	   6.3020700e-05	
   7.9800606e+03	   5.6584040e-05	
   7.9900303e+03	   5.0361670e-05	
   8.0000296e+03	   4.4525440e-05	
   8.0100279e+03	   3.9110020e-05	
   8.0200272e+03	   3.4171120e-05	
   8.0300255e+03	   2.9780450e-05	
   8.0400248e+03	   2.5793900e-05	
   8.0500231e+03	   2.2294030e-05	
   8.0600224e+03	   1.9189540e-05	
   8.0699921e+03	   1.6421310e-05	
   8.0800486e+03	   1.3984950e-05	
   8.0900183e+03	   1.1844340e-05	
   8.1000175e+03	   1.0050910e-05	
   8.1100454e+03	   8.4597010e-06	
   8.1200151e+03	   7.1962460e-06	
   8.1300430e+03	   6.1250680e-06	
   8.1400423e+03	   5.2556260e-06	
   8.1500702e+03	   4.5488960e-06	
   8.1600399e+03	   4.0014650e-06	
   8.1700382e+03	   3.5732000e-06	
   8.1800375e+03	   3.2288930e-06	
   8.1900358e+03	   2.9750140e-06	
   8.2000351e+03	   2.7712070e-06	
   8.2100334e+03	   2.5915360e-06	
   8.2200327e+03	   2.4637390e-06	
   8.2300310e+03	   2.3486420e-06	
   8.2400303e+03	   2.2364360e-06	
   8.2500582e+03	   2.1477510e-06	
   8.2600279e+03	   2.0761880e-06	
   8.2700272e+03	   2.0136030e-06	
   8.2800255e+03	   1.9551140e-06	
   8.2900248e+03	   1.9069470e-06	
   8.3000231e+03	   1.8653030e-06	
   8.3100510e+03	   1.8355740e-06	
   8.3200207e+03	   1.7999530e-06	
   8.3300200e+03	   1.7747930e-06	
   8.3400183e+03	   1.7481410e-06	
   8.3500175e+03	   1.7210150e-06	
   8.3600159e+03	   1.6996460e-06	
   8.3700151e+03	   1.6766490e-06	
   8.3800430e+03	   1.6543270e-06	
   8.3900709e+03	   1.6340150e-06	
   8.4000406e+03	   1.6167830e-06	
   8.4100399e+03	   1.6003740e-06	
   8.4200382e+03	   1.5846740e-06	
   8.4300375e+03	   1.5712450e-06	
   8.4400358e+03	   1.5576980e-06	
   8.4500351e+03	   1.5485390e-06	
   8.4600630e+03	   1.5372550e-06	
   8.4700327e+03	   1.5249090e-06	
   8.4800310e+03	   1.5146280e-06	
   8.4900303e+03	   1.5045680e-06	
   8.5000296e+03	   1.4948650e-06	
   8.5100279e+03	   1.4851960e-06	
   8.5200272e+03	   1.4756270e-06	
   8.5300255e+03	   1.4678100e-06	
   8.5400248e+03	   1.4588670e-06	
   8.5500231e+03	   1.4488720e-06	
   8.5600224e+03	   1.4356070e-06	
   8.5700207e+03	   1.4267020e-06	
   8.5800200e+03	   1.4186350e-06	
   8.5900183e+03	   1.4104140e-06	
   8.6000175e+03	   1.4001460e-06	
   8.6099873e+03	   1.3912240e-06	
   8.6200151e+03	   1.3807810e-06	
   8.6300430e+03	   1.3699400e-06	
   8.6400709e+03	   1.3587820e-06	
   8.6500406e+03	   1.3487050e-06	
   8.6600399e+03	   1.3357190e-06	
   8.6700382e+03	   1.3239220e-06	
   8.6800375e+03	   1.3159320e-06	
   8.6900358e+03	   1.3000160e-06	
   8.7000351e+03	   1.2878540e-06	
   8.7100334e+03	   1.2756790e-06	
   8.7200327e+03	   1.2669790e-06	
   8.7300310e+03	   1.2560230e-06	
   8.7400303e+03	   1.2495010e-06	
   8.7500296e+03	   1.2405740e-06	
   8.7600279e+03	   1.2311400e-06	
   8.7700272e+03	   1.2234990e-06	
   8.7800255e+03	   1.2126140e-06	
   8.7900248e+03	   1.1983330e-06	
   8.8000231e+03	   1.1905950e-06	
   8.8100224e+03	   1.1767370e-06	
   8.8200207e+03	   1.1645580e-06	
   8.8300200e+03	   1.1509600e-06	
   8.8400183e+03	   1.1383890e-06	
   8.8500175e+03	   1.1258000e-06	
   8.8600159e+03	   1.1136350e-06	
   8.8700151e+03	   1.1019900e-06	
   8.8800430e+03	   1.0911400e-06	
   8.8900709e+03	   1.0803680e-06	
   8.9000120e+03	   1.0687290e-06	
   8.9100685e+03	   1.0569350e-06	
   8.9200382e+03	   1.0467370e-06	
   8.9300375e+03	   1.0360370e-06	
   8.9400358e+03	   1.0255050e-06	
   8.9500351e+03	   1.0155040e-06	
   8.9600334e+03	   1.0032830e-06	
   8.9700327e+03	   9.9058640e-07	
   8.9800310e+03	   9.7487580e-07	
   8.9900303e+03	   9.6062600e-07	
   9.0000296e+03	   9.4272280e-07	
   9.0100279e+03	   9.2640240e-07	
   9.0200558e+03	   9.0714780e-07	
   9.0299969e+03	   8.9146110e-07	
   9.0400534e+03	   8.7222200e-07	
   9.0500231e+03	   8.5172220e-07	
   9.0600224e+03	   8.3631540e-07	
   9.0700502e+03	   8.1775360e-07	
   9.0799904e+03	   8.0298220e-07	
   9.0900478e+03	   7.8806740e-07	
   9.0999880e+03	   7.7245930e-07	
   9.1100159e+03	   7.5863820e-07	
   9.1200151e+03	   7.4411970e-07	
   9.1300430e+03	   7.2878130e-07	
   9.1400423e+03	   7.1369930e-07	
   9.1500702e+03	   6.9838780e-07	
   9.1600399e+03	   6.8132470e-07	
   9.1700382e+03	   6.6528070e-07	
   9.1800375e+03	   6.4892300e-07	
   9.1900358e+03	   6.3074000e-07	
   9.2000351e+03	   6.1523970e-07	
   9.2100334e+03	   6.0096940e-07	
   9.2200327e+03	   5.8868860e-07	
   9.2300606e+03	   5.7648560e-07	
   9.2400303e+03	   5.6428800e-07	
   9.2500296e+03	   5.5365100e-07	
   9.2600279e+03	   5.4407220e-07	
   9.2700272e+03	   5.3136260e-07	
   9.2800255e+03	   5.2107280e-07	
   9.2900248e+03	   5.1082960e-07	
   9.3000231e+03	   5.0066230e-07	
   9.3100224e+03	   4.9197400e-07	
   9.3200207e+03	   4.8337190e-07	
   9.3300200e+03	   4.7585110e-07	
   9.3400183e+03	   4.6821720e-07	
   9.3500175e+03	   4.6115540e-07	
   9.3600159e+03	   4.5325250e-07	
   9.3700151e+03	   4.4576990e-07	
   9.3800430e+03	   4.3817870e-07	
   9.3900127e+03	   4.3195240e-07	
   9.4000406e+03	   4.2566510e-07	
   9.4100399e+03	   4.1900770e-07	
   9.4200382e+03	   4.1360510e-07	
   9.4300375e+03	   4.0853400e-07	
   9.4400072e+03	   4.0409240e-07	
   9.4500351e+03	   3.9931290e-07	
   9.4600334e+03	   3.9773410e-07	
   9.4700327e+03	   3.9280770e-07	
   9.4800310e+03	   3.8841890e-07	
   9.4900303e+03	   3.8543030e-07	
   9.5000000e+03	   3.8014810e-07	
   9.5100279e+03	   3.7555240e-07	
   9.5199976e+03	   3.7067480e-07	
   9.5300255e+03	   3.6246290e-07	
   9.5399952e+03	   3.5864530e-07	
   9.5500231e+03	   3.5049860e-07	
   9.5599928e+03	   3.4494860e-07	
   9.5700207e+03	   3.3843500e-07	
   9.5799904e+03	   3.3205290e-07	
   9.5899897e+03	   3.2596940e-07	
   9.6000175e+03	   3.2034530e-07	
   9.6099873e+03	   3.1460930e-07	
   9.6200151e+03	   3.0930040e-07	
   9.6300144e+03	   3.0317440e-07	
   9.6400423e+03	   2.9674340e-07	
   9.6500120e+03	   2.9044600e-07	
   9.6600399e+03	   2.8390180e-07	
   9.6700096e+03	   2.7806590e-07	
   9.6800375e+03	   2.7277950e-07	
   9.6900072e+03	   2.6564890e-07	
   9.7000351e+03	   2.6030680e-07	
   9.7100048e+03	   2.5572270e-07	
   9.7200327e+03	   2.4886620e-07	
   9.7300310e+03	   2.4185230e-07	
   9.7400007e+03	   2.3683690e-07	
   9.7500296e+03	   2.3227530e-07	
   9.7599993e+03	   2.2800130e-07	
   9.7700272e+03	   2.2332560e-07	
   9.7800255e+03	   2.1994420e-07	
   9.7899952e+03	   2.1584940e-07	
   9.8000231e+03	   2.1170480e-07	
   9.8100224e+03	   2.0693530e-07	
   9.8199921e+03	   2.0347840e-07	
   9.8300200e+03	   1.9928070e-07	
   9.8399897e+03	   1.9574500e-07	
   9.8500175e+03	   1.9383380e-07	
   9.8599873e+03	   1.9087380e-07	
   9.8700151e+03	   1.8772510e-07	
   9.8800144e+03	   1.8513740e-07	
   9.8900423e+03	   1.8289960e-07	
   9.9000120e+03	   1.8077250e-07	
   9.9100103e+03	   1.7883970e-07	
   9.9200382e+03	   1.7675860e-07	
   9.9300079e+03	   1.7483070e-07	
   9.9400358e+03	   1.7273540e-07	
   9.9500055e+03	   1.6974980e-07	
   9.9600334e+03	   1.6755660e-07	
   9.9700031e+03	   1.6496270e-07	
   9.9800310e+03	   1.6299570e-07	
   9.9900007e+03	   1.6085250e-07	
   1.0000030e+04	   1.5887100e-07	
