   6.0000000e+03	   3.1183850e-04	
   6.0099988e+03	   3.1186010e-04	
   6.0200267e+03	   3.1186780e-04	
   6.0300255e+03	   3.1190990e-04	
   6.0400243e+03	   3.1193720e-04	
   6.0500236e+03	   3.1196300e-04	
   6.0600224e+03	   3.1200180e-04	
   6.0700212e+03	   3.1201330e-04	
   6.0800200e+03	   3.1205170e-04	
   6.0900187e+03	   3.1207730e-04	
   6.1000175e+03	   3.1210200e-04	
   6.1100163e+03	   3.1212710e-04	
   6.1200151e+03	   3.1215650e-04	
   6.1300139e+03	   3.1218850e-04	
   6.1400418e+03	   3.1220830e-04	
   6.1500406e+03	   3.1222790e-04	
   6.1600394e+03	   3.1224620e-04	
   6.1700387e+03	   3.1228210e-04	
   6.1800375e+03	   3.1230230e-04	
   6.1900363e+03	   3.1232520e-04	
   6.2000351e+03	   3.1236060e-04	
   6.2100339e+03	   3.1236750e-04	
   6.2200327e+03	   3.1238370e-04	
   6.2300315e+03	   3.1241270e-04	
   6.2400303e+03	   3.1242570e-04	
   6.2500291e+03	   3.1245000e-04	
   6.2600279e+03	   3.1247750e-04	
   6.2700267e+03	   3.1250290e-04	
   6.2800255e+03	   3.1252760e-04	
   6.2900243e+03	   3.1254890e-04	
   6.3000236e+03	   3.1256620e-04	
   6.3100224e+03	   3.1259610e-04	
   6.3200212e+03	   3.1261250e-04	
   6.3300200e+03	   3.1262810e-04	
   6.3400187e+03	   3.1265370e-04	
   6.3500175e+03	   3.1267630e-04	
   6.3600163e+03	   3.1267910e-04	
   6.3699861e+03	   3.1270940e-04	
   6.3800430e+03	   3.1274270e-04	
   6.3900418e+03	   3.1276070e-04	
   6.4000406e+03	   3.1277380e-04	
   6.4100394e+03	   3.1279730e-04	
   6.4200387e+03	   3.1282140e-04	
   6.4300375e+03	   3.1284020e-04	
   6.4400363e+03	   3.1285400e-04	
   6.4500351e+03	   3.1287570e-04	
   6.4600339e+03	   3.1288500e-04	
   6.4700327e+03	   3.1290890e-04	
   6.4800315e+03	   3.1293190e-04	
   6.4900303e+03	   3.1294560e-04	
   6.5000291e+03	   3.1295710e-04	
   6.5100279e+03	   3.1297750e-04	
   6.5200267e+03	   3.1298190e-04	
   6.5300255e+03	   3.1300090e-04	
   6.5400243e+03	   3.1301650e-04	
   6.5500236e+03	   3.1303870e-04	
   6.5600224e+03	   3.1305610e-04	
   6.5700212e+03	   3.1307190e-04	
   6.5800200e+03	   3.1307950e-04	
   6.5900187e+03	   3.1309360e-04	
   6.6000175e+03	   3.1311150e-04	
   6.6099873e+03	   3.1312890e-04	
   6.6200151e+03	   3.1312580e-04	
   6.6300139e+03	   3.1315370e-04	
   6.6400418e+03	   3.1315560e-04	
   6.6500406e+03	   3.1316820e-04	
   6.6600394e+03	   3.1317930e-04	
   6.6700387e+03	   3.1319750e-04	
   6.6800375e+03	   3.1321290e-04	
   6.6900363e+03	   3.1322430e-04	
   6.7000351e+03	   3.1323760e-04	
   6.7100048e+03	   3.1325850e-04	
   6.7200327e+03	   3.1325370e-04	
   6.7300315e+03	   3.1327610e-04	
   6.7400012e+03	   3.1329280e-04	
   6.7500291e+03	   3.1329480e-04	
   6.7599988e+03	   3.1331240e-04	
   6.7700267e+03	   3.1331260e-04	
   6.7800255e+03	   3.1333360e-04	
   6.7899952e+03	   3.1334220e-04	
   6.8000236e+03	   3.1334150e-04	
   6.8100224e+03	   3.1335530e-04	
   6.8200212e+03	   3.1336070e-04	
   6.8300200e+03	   3.1337140e-04	
   6.8400187e+03	   3.1337430e-04	
   6.8500175e+03	   3.1338360e-04	
   6.8600163e+03	   3.1339530e-04	
   6.8700151e+03	   3.1339800e-04	
   6.8800430e+03	   3.1340380e-04	
   6.8900418e+03	   3.1340580e-04	
   6.9000115e+03	   3.1343490e-04	
   6.9100394e+03	   3.1344140e-04	
   6.9200387e+03	   3.1344210e-04	
   6.9300375e+03	   3.1344150e-04	
   6.9400363e+03	   3.1347130e-04	
   6.9500351e+03	   3.1345870e-04	
   6.9600339e+03	   3.1347250e-04	
   6.9700327e+03	   3.1348120e-04	
   6.9800315e+03	   3.1348550e-04	
   6.9900303e+03	   3.1350120e-04	
   7.0000291e+03	   3.1350480e-04	
   7.0100279e+03	   3.1352490e-04	
   7.0200267e+03	   3.1352170e-04	
   7.0300255e+03	   3.1354260e-04	
   7.0400243e+03	   3.1354590e-04	
   7.0500236e+03	   3.1355870e-04	
   7.0600224e+03	   3.1357790e-04	
   7.0700212e+03	   3.1357590e-04	
   7.0800200e+03	   3.1360290e-04	
   7.0900187e+03	   3.1360700e-04	
   7.1000175e+03	   3.1363780e-04	
   7.1100163e+03	   3.1364030e-04	
   7.1200151e+03	   3.1365410e-04	
   7.1300430e+03	   3.1367130e-04	
   7.1400418e+03	   3.1368960e-04	
   7.1500406e+03	   3.1369290e-04	
   7.1600103e+03	   3.1372580e-04	
   7.1700387e+03	   3.1372680e-04	
   7.1800375e+03	   3.1374580e-04	
   7.1900363e+03	   3.1376460e-04	
   7.2000351e+03	   3.1378450e-04	
   7.2100339e+03	   3.1380380e-04	
   7.2200327e+03	   3.1382050e-04	
   7.2300315e+03	   3.1382850e-04	
   7.2400303e+03	   3.1385690e-04	
   7.2500291e+03	   3.1386670e-04	
   7.2599988e+03	   3.1389160e-04	
   7.2700267e+03	   3.1389810e-04	
   7.2800255e+03	   3.1392390e-04	
   7.2900243e+03	   3.1394520e-04	
   7.3000236e+03	   3.1396440e-04	
   7.3100224e+03	   3.1397650e-04	
   7.3200212e+03	   3.1399160e-04	
   7.3300200e+03	   3.1401430e-04	
   7.3400187e+03	   3.1401730e-04	
   7.3500175e+03	   3.1404540e-04	
   7.3600163e+03	   3.1405220e-04	
   7.3700151e+03	   3.1405390e-04	
   7.3800430e+03	   3.1407770e-04	
   7.3900418e+03	   3.1409350e-04	
   7.4000406e+03	   3.1409510e-04	
   7.4100394e+03	   3.1410890e-04	
   7.4200387e+03	   3.1412240e-04	
   7.4300375e+03	   3.1412870e-04	
   7.4400072e+03	   3.1414090e-04	
   7.4500642e+03	   3.1413330e-04	
   7.4600048e+03	   3.1416650e-04	
   7.4700327e+03	   3.1416460e-04	
   7.4800315e+03	   3.1417360e-04	
   7.4900303e+03	   3.1417780e-04	
   7.5000000e+03	   3.1419120e-04	
   7.5100279e+03	   3.1418500e-04	
   7.5199976e+03	   3.1419740e-04	
   7.5300255e+03	   3.1418770e-04	
   7.5399952e+03	   3.1420970e-04	
   7.5500236e+03	   3.1421470e-04	
   7.5600224e+03	   3.1421690e-04	
   7.5700212e+03	   3.1422940e-04	
   7.5800200e+03	   3.1423230e-04	
   7.5900187e+03	   3.1423120e-04	
   7.6000175e+03	   3.1423700e-04	
   7.6099873e+03	   3.1424900e-04	
   7.6200151e+03	   3.1423940e-04	
   7.6300139e+03	   3.1424590e-04	
   7.6400418e+03	   3.1423310e-04	
   7.6500406e+03	   3.1423780e-04	
   7.6600103e+03	   3.1424090e-04	
   7.6700387e+03	   3.1423750e-04	
   7.6800079e+03	   3.1424030e-04	
   7.6900363e+03	   3.1425440e-04	
   7.7000351e+03	   3.1423920e-04	
   7.7100048e+03	   3.1424470e-04	
   7.7200327e+03	   3.1423090e-04	
   7.7300315e+03	   3.1421970e-04	
   7.7400303e+03	   3.1422710e-04	
   7.7500291e+03	   3.1422470e-04	
   7.7599988e+03	   3.1422550e-04	
   7.7700267e+03	   3.1421880e-04	
   7.7800255e+03	   3.1421680e-04	
   7.7900243e+03	   3.1420760e-04	
   7.8000236e+03	   3.1418570e-04	
   7.8100224e+03	   3.1418400e-04	
   7.8200212e+03	   3.1416600e-04	
   7.8300200e+03	   3.1417420e-04	
   7.8400187e+03	   3.1414930e-04	
   7.8500175e+03	   3.1413380e-04	
   7.8600163e+03	   3.1412730e-04	
   7.8700151e+03	   3.1410820e-04	
   7.8800430e+03	   3.1408210e-04	
   7.8900418e+03	   3.1404360e-04	
   7.9000406e+03	   3.1403030e-04	
   7.9100394e+03	   3.1399640e-04	
   7.9200387e+03	   3.1394460e-04	
   7.9300375e+03	   3.1389230e-04	
   7.9400363e+03	   3.1383820e-04	
   7.9500351e+03	   3.1375570e-04	
   7.9600339e+03	   3.1366830e-04	
   7.9700327e+03	   3.1354300e-04	
   7.9800315e+03	   3.1338920e-04	
   7.9900303e+03	   3.1321310e-04	
   8.0000296e+03	   3.1299600e-04	
   8.0100574e+03	   3.1272480e-04	
   8.0200272e+03	   3.1239510e-04	
   8.0300255e+03	   3.1199840e-04	
   8.0400534e+03	   3.1146980e-04	
   8.0500231e+03	   3.1086720e-04	
   8.0600224e+03	   3.1010270e-04	
   8.0700207e+03	   3.0916700e-04	
   8.0800200e+03	   3.0800140e-04	
   8.0900183e+03	   3.0655500e-04	
   8.1000175e+03	   3.0490900e-04	
   8.1100159e+03	   3.0285940e-04	
   8.1200151e+03	   3.0048080e-04	
   8.1300430e+03	   2.9773790e-04	
   8.1400423e+03	   2.9458130e-04	
   8.1500702e+03	   2.9092690e-04	
   8.1600399e+03	   2.8697390e-04	
   8.1700382e+03	   2.8251410e-04	
   8.1800375e+03	   2.7747700e-04	
   8.1900358e+03	   2.7211290e-04	
   8.2000351e+03	   2.6629980e-04	
   8.2100334e+03	   2.5994880e-04	
   8.2200327e+03	   2.5336450e-04	
   8.2300310e+03	   2.4639950e-04	
   8.2400303e+03	   2.3886320e-04	
   8.2500296e+03	   2.3110730e-04	
   8.2600279e+03	   2.2290890e-04	
   8.2700272e+03	   2.1426540e-04	
   8.2800255e+03	   2.0520180e-04	
   8.2900248e+03	   1.9600910e-04	
   8.3000231e+03	   1.8623530e-04	
   8.3100224e+03	   1.7642690e-04	
   8.3200207e+03	   1.6650540e-04	
   8.3300200e+03	   1.5659240e-04	
   8.3400183e+03	   1.4697920e-04	
   8.3500175e+03	   1.3736710e-04	
   8.3600159e+03	   1.2801380e-04	
   8.3700151e+03	   1.1872050e-04	
   8.3800430e+03	   1.0966340e-04	
   8.3900423e+03	   1.0101340e-04	
   8.4000406e+03	   9.2419410e-05	
   8.4100399e+03	   8.4236170e-05	
   8.4200382e+03	   7.6082560e-05	
   8.4300375e+03	   6.8431440e-05	
   8.4400358e+03	   6.1073920e-05	
   8.4500351e+03	   5.3916260e-05	
   8.4600630e+03	   4.7369600e-05	
   8.4700327e+03	   4.1467580e-05	
   8.4800310e+03	   3.5795990e-05	
   8.4900303e+03	   3.0953350e-05	
   8.5000296e+03	   2.6700240e-05	
   8.5100279e+03	   2.3004120e-05	
   8.5200272e+03	   1.9542110e-05	
   8.5299969e+03	   1.6899400e-05	
   8.5400248e+03	   1.4456200e-05	
   8.5499945e+03	   1.2171450e-05	
   8.5600224e+03	   1.0263640e-05	
   8.5700207e+03	   8.6003900e-06	
   8.5800200e+03	   7.2562180e-06	
   8.5899897e+03	   6.0434950e-06	
   8.6000175e+03	   5.1719790e-06	
   8.6099873e+03	   4.4193510e-06	
   8.6200151e+03	   3.8830160e-06	
   8.6300144e+03	   3.3285670e-06	
   8.6400709e+03	   2.9729160e-06	
   8.6500406e+03	   2.6560110e-06	
   8.6600399e+03	   2.4312220e-06	
   8.6700096e+03	   2.2533070e-06	
   8.6800375e+03	   2.0864370e-06	
   8.6900072e+03	   1.9971280e-06	
   8.7000351e+03	   1.8960840e-06	
   8.7100334e+03	   1.8183770e-06	
   8.7200327e+03	   1.7618320e-06	
   8.7300310e+03	   1.6975390e-06	
   8.7400303e+03	   1.6531040e-06	
   8.7500296e+03	   1.6025780e-06	
   8.7600279e+03	   1.5606100e-06	
   8.7700272e+03	   1.5421500e-06	
   8.7800255e+03	   1.5030550e-06	
   8.7900248e+03	   1.4944390e-06	
   8.8000231e+03	   1.4847260e-06	
   8.8100224e+03	   1.4646030e-06	
   8.8200207e+03	   1.4485480e-06	
   8.8300200e+03	   1.4443350e-06	
   8.8400183e+03	   1.4304650e-06	
   8.8500175e+03	   1.4157000e-06	
   8.8600159e+03	   1.3973970e-06	
   8.8700151e+03	   1.3944700e-06	
   8.8800430e+03	   1.4009290e-06	
   8.8900423e+03	   1.3752530e-06	
   8.9000406e+03	   1.3592840e-06	
   8.9100399e+03	   1.3528480e-06	
   8.9200382e+03	   1.3442350e-06	
   8.9300375e+03	   1.3379650e-06	
   8.9400358e+03	   1.3311850e-06	
   8.9500351e+03	   1.3269230e-06	
   8.9600334e+03	   1.3177100e-06	
   8.9700327e+03	   1.3111310e-06	
   8.9800310e+03	   1.2995010e-06	
   8.9900303e+03	   1.2916110e-06	
   9.0000296e+03	   1.2877250e-06	
   9.0100279e+03	   1.2788850e-06	
   9.0200558e+03	   1.2701880e-06	
   9.0300255e+03	   1.2593960e-06	
   9.0400248e+03	   1.2481200e-06	
   9.0500231e+03	   1.2426450e-06	
   9.0600224e+03	   1.2313470e-06	
   9.0700502e+03	   1.2235850e-06	
   9.0799904e+03	   1.2143810e-06	
   9.0900478e+03	   1.2005580e-06	
   9.1000175e+03	   1.1989720e-06	
   9.1100159e+03	   1.1879420e-06	
   9.1200151e+03	   1.1787570e-06	
   9.1300430e+03	   1.1688600e-06	
   9.1400423e+03	   1.1612200e-06	
   9.1500702e+03	   1.1503320e-06	
   9.1600103e+03	   1.1391380e-06	
   9.1700382e+03	   1.1284860e-06	
   9.1800375e+03	   1.1179700e-06	
   9.1900358e+03	   1.1068250e-06	
   9.2000351e+03	   1.0964750e-06	
   9.2100334e+03	   1.0886970e-06	
   9.2200327e+03	   1.0785320e-06	
   9.2300310e+03	   1.0708480e-06	
   9.2400303e+03	   1.0639560e-06	
   9.2500296e+03	   1.0540030e-06	
   9.2600279e+03	   1.0458700e-06	
   9.2700272e+03	   1.0354150e-06	
   9.2800255e+03	   1.0236050e-06	
   9.2899952e+03	   1.0115550e-06	
   9.3000231e+03	   9.9835640e-07	
   9.3099928e+03	   9.8607280e-07	
   9.3200207e+03	   9.7289800e-07	
   9.3300200e+03	   9.5920680e-07	
   9.3400183e+03	   9.4622520e-07	
   9.3499880e+03	   9.3373550e-07	
   9.3600159e+03	   9.2108350e-07	
   9.3700151e+03	   9.0794360e-07	
   9.3800144e+03	   8.9511870e-07	
   9.3900423e+03	   8.8192620e-07	
   9.4000406e+03	   8.6935780e-07	
   9.4100103e+03	   8.5767200e-07	
   9.4200382e+03	   8.4406080e-07	
   9.4300375e+03	   8.3140280e-07	
   9.4400072e+03	   8.2053010e-07	
   9.4500351e+03	   8.0730260e-07	
   9.4600048e+03	   7.9545570e-07	
   9.4700327e+03	   7.8181310e-07	
   9.4800310e+03	   7.6973820e-07	
   9.4900007e+03	   7.5512640e-07	
   9.5000296e+03	   7.4459310e-07	
   9.5099993e+03	   7.3144080e-07	
   9.5200272e+03	   7.1722970e-07	
   9.5300255e+03	   7.0369650e-07	
   9.5399952e+03	   6.8972890e-07	
   9.5499945e+03	   6.7674270e-07	
   9.5600224e+03	   6.6392200e-07	
   9.5700207e+03	   6.5076380e-07	
   9.5799904e+03	   6.3767410e-07	
   9.5900183e+03	   6.2394290e-07	
   9.6000175e+03	   6.1009930e-07	
   9.6099873e+03	   5.9509370e-07	
   9.6199856e+03	   5.8048280e-07	
   9.6300430e+03	   5.6516050e-07	
   9.6400423e+03	   5.5200500e-07	
   9.6500120e+03	   5.3853050e-07	
   9.6600399e+03	   5.2531080e-07	
   9.6700096e+03	   5.1333080e-07	
   9.6800375e+03	   5.0155360e-07	
   9.6900072e+03	   4.9156900e-07	
   9.7000351e+03	   4.8140130e-07	
   9.7100334e+03	   4.6987040e-07	
   9.7200031e+03	   4.6213840e-07	
   9.7300310e+03	   4.5310050e-07	
   9.7400303e+03	   4.4427470e-07	
   9.7500000e+03	   4.3540780e-07	
   9.7600279e+03	   4.2480660e-07	
   9.7699976e+03	   4.1592840e-07	
   9.7800255e+03	   4.0755910e-07	
   9.7899952e+03	   3.9978200e-07	
   9.8000231e+03	   3.9154610e-07	
   9.8099928e+03	   3.8451780e-07	
   9.8200207e+03	   3.7757180e-07	
   9.8299904e+03	   3.7093820e-07	
   9.8400183e+03	   3.6456420e-07	
   9.8499880e+03	   3.5851290e-07	
   9.8600159e+03	   3.5186550e-07	
   9.8699856e+03	   3.4723730e-07	
   9.8800430e+03	   3.3968040e-07	
   9.8900423e+03	   3.3381320e-07	
   9.9000406e+03	   3.2825460e-07	
   9.9100103e+03	   3.2284870e-07	
   9.9200382e+03	   3.2017130e-07	
   9.9300079e+03	   3.1439660e-07	
   9.9400358e+03	   3.1048260e-07	
   9.9500055e+03	   3.0698150e-07	
   9.9600334e+03	   3.0150760e-07	
   9.9700031e+03	   2.9879090e-07	
   9.9800310e+03	   2.9488010e-07	
   9.9900007e+03	   2.9115340e-07	
   1.0000030e+04	   2.8645180e-07	
