   6.0000291e+03	   3.4157700e-04	
   6.0100279e+03	   3.0138980e-04	
   6.0200267e+03	   3.0136600e-04	
   6.0300255e+03	   3.0134540e-04	
   6.0400243e+03	   3.0131380e-04	
   6.0500236e+03	   3.0129250e-04	
   6.0600224e+03	   3.0126770e-04	
   6.0700212e+03	   3.0123770e-04	
   6.0800200e+03	   3.0119780e-04	
   6.0900187e+03	   3.0115970e-04	
   6.1000175e+03	   3.0112950e-04	
   6.1100163e+03	   3.0109610e-04	
   6.1200151e+03	   3.0105890e-04	
   6.1300430e+03	   3.0102380e-04	
   6.1400418e+03	   3.0099290e-04	
   6.1500702e+03	   3.0095590e-04	
   6.1600394e+03	   3.0091120e-04	
   6.1700387e+03	   3.0089040e-04	
   6.1800375e+03	   3.0084400e-04	
   6.1900363e+03	   3.0080780e-04	
   6.2000351e+03	   3.0076560e-04	
   6.2100339e+03	   3.0072150e-04	
   6.2200327e+03	   3.0069050e-04	
   6.2300315e+03	   3.0065790e-04	
   6.2400303e+03	   3.0062750e-04	
   6.2500291e+03	   3.0059020e-04	
   6.2600279e+03	   3.0055970e-04	
   6.2700267e+03	   3.0051450e-04	
   6.2800255e+03	   3.0046540e-04	
   6.2900243e+03	   3.0044190e-04	
   6.3000236e+03	   3.0039040e-04	
   6.3100514e+03	   3.0035450e-04	
   6.3200212e+03	   3.0032910e-04	
   6.3300200e+03	   3.0027500e-04	
   6.3400187e+03	   3.0023450e-04	
   6.3500175e+03	   3.0019020e-04	
   6.3600454e+03	   3.0011820e-04	
   6.3700151e+03	   3.0008730e-04	
   6.3800430e+03	   3.0002960e-04	
   6.3900418e+03	   2.9999080e-04	
   6.4000406e+03	   2.9995170e-04	
   6.4100394e+03	   2.9990110e-04	
   6.4200387e+03	   2.9986190e-04	
   6.4300375e+03	   2.9981400e-04	
   6.4400072e+03	   2.9977640e-04	
   6.4500642e+03	   2.9972870e-04	
   6.4600339e+03	   2.9968720e-04	
   6.4700327e+03	   2.9964480e-04	
   6.4800315e+03	   2.9959700e-04	
   6.4900303e+03	   2.9956120e-04	
   6.5000291e+03	   2.9952130e-04	
   6.5100279e+03	   2.9949050e-04	
   6.5200267e+03	   2.9944610e-04	
   6.5300255e+03	   2.9941010e-04	
   6.5400243e+03	   2.9938320e-04	
   6.5500236e+03	   2.9934420e-04	
   6.5599928e+03	   2.9931420e-04	
   6.5700502e+03	   2.9927040e-04	
   6.5800200e+03	   2.9924440e-04	
   6.5900187e+03	   2.9919770e-04	
   6.6000466e+03	   2.9916050e-04	
   6.6100163e+03	   2.9911950e-04	
   6.6200151e+03	   2.9908870e-04	
   6.6300430e+03	   2.9904080e-04	
   6.6400418e+03	   2.9902380e-04	
   6.6500406e+03	   2.9899580e-04	
   6.6600394e+03	   2.9895610e-04	
   6.6700387e+03	   2.9892560e-04	
   6.6800375e+03	   2.9889300e-04	
   6.6900363e+03	   2.9886010e-04	
   6.7000351e+03	   2.9882010e-04	
   6.7100339e+03	   2.9878660e-04	
   6.7200327e+03	   2.9876830e-04	
   6.7300315e+03	   2.9873970e-04	
   6.7400303e+03	   2.9871370e-04	
   6.7500291e+03	   2.9868320e-04	
   6.7600279e+03	   2.9865320e-04	
   6.7700267e+03	   2.9861500e-04	
   6.7800255e+03	   2.9857990e-04	
   6.7900243e+03	   2.9855890e-04	
   6.8000526e+03	   2.9853350e-04	
   6.8100224e+03	   2.9851790e-04	
   6.8200212e+03	   2.9851660e-04	
   6.8300200e+03	   2.9848930e-04	
   6.8399897e+03	   2.9848120e-04	
   6.8500175e+03	   2.9838580e-04	
   6.8600454e+03	   2.9843790e-04	
   6.8700151e+03	   2.9841510e-04	
   6.8800430e+03	   2.9839420e-04	
   6.8900709e+03	   2.9837000e-04	
   6.9000406e+03	   2.9834600e-04	
   6.9100394e+03	   2.9831920e-04	
   6.9200678e+03	   2.9827380e-04	
   6.9300375e+03	   2.9825600e-04	
   6.9400363e+03	   2.9822740e-04	
   6.9500351e+03	   2.9820970e-04	
   6.9600339e+03	   2.9817330e-04	
   6.9700327e+03	   2.9815480e-04	
   6.9800315e+03	   2.9814790e-04	
   6.9900303e+03	   2.9810920e-04	
   7.0000291e+03	   2.9808770e-04	
   7.0100570e+03	   2.9806400e-04	
   7.0200267e+03	   2.9805840e-04	
   7.0300255e+03	   2.9803010e-04	
   7.0400243e+03	   2.9802850e-04	
   7.0500236e+03	   2.9799350e-04	
   7.0600224e+03	   2.9797360e-04	
   7.0700212e+03	   2.9794350e-04	
   7.0800200e+03	   2.9793610e-04	
   7.0900187e+03	   2.9790850e-04	
   7.1000175e+03	   2.9787230e-04	
   7.1100163e+03	   2.9785630e-04	
   7.1200151e+03	   2.9782520e-04	
   7.1300430e+03	   2.9779500e-04	
   7.1400418e+03	   2.9776370e-04	
   7.1500702e+03	   2.9772970e-04	
   7.1600103e+03	   2.9770730e-04	
   7.1700387e+03	   2.9768000e-04	
   7.1800375e+03	   2.9764990e-04	
   7.1900363e+03	   2.9761980e-04	
   7.2000351e+03	   2.9758490e-04	
   7.2100339e+03	   2.9755780e-04	
   7.2200327e+03	   2.9751710e-04	
   7.2300606e+03	   2.9747080e-04	
   7.2400303e+03	   2.9745050e-04	
   7.2500291e+03	   2.9740900e-04	
   7.2600279e+03	   2.9736290e-04	
   7.2700267e+03	   2.9733040e-04	
   7.2800255e+03	   2.9728140e-04	
   7.2900243e+03	   2.9723090e-04	
   7.3000236e+03	   2.9719180e-04	
   7.3100514e+03	   2.9711620e-04	
   7.3200212e+03	   2.9708110e-04	
   7.3300200e+03	   2.9700850e-04	
   7.3400187e+03	   2.9696770e-04	
   7.3500175e+03	   2.9692120e-04	
   7.3600454e+03	   2.9686110e-04	
   7.3700151e+03	   2.9681300e-04	
   7.3800430e+03	   2.9676000e-04	
   7.3900709e+03	   2.9671060e-04	
   7.4000702e+03	   2.9665030e-04	
   7.4100394e+03	   2.9659260e-04	
   7.4200387e+03	   2.9653640e-04	
   7.4300666e+03	   2.9645560e-04	
   7.4400363e+03	   2.9639230e-04	
   7.4500642e+03	   2.9631070e-04	
   7.4600339e+03	   2.9623840e-04	
   7.4700327e+03	   2.9615160e-04	
   7.4800315e+03	   2.9607380e-04	
   7.4900594e+03	   2.9599430e-04	
   7.5000291e+03	   2.9591740e-04	
   7.5100570e+03	   2.9583330e-04	
   7.5200267e+03	   2.9576580e-04	
   7.5300546e+03	   2.9566240e-04	
   7.5400243e+03	   2.9558700e-04	
   7.5500236e+03	   2.9550130e-04	
   7.5600224e+03	   2.9541980e-04	
   7.5700212e+03	   2.9533320e-04	
   7.5800200e+03	   2.9524390e-04	
   7.5900187e+03	   2.9515950e-04	
   7.6000466e+03	   2.9506510e-04	
   7.6100163e+03	   2.9498200e-04	
   7.6200151e+03	   2.9488930e-04	
   7.6300430e+03	   2.9480710e-04	
   7.6400418e+03	   2.9473290e-04	
   7.6500702e+03	   2.9463310e-04	
   7.6600103e+03	   2.9454580e-04	
   7.6700678e+03	   2.9445630e-04	
   7.6800375e+03	   2.9436230e-04	
   7.6900654e+03	   2.9428380e-04	
   7.7000642e+03	   2.9418330e-04	
   7.7100339e+03	   2.9409370e-04	
   7.7200618e+03	   2.9400160e-04	
   7.7300315e+03	   2.9391710e-04	
   7.7400594e+03	   2.9381450e-04	
   7.7500582e+03	   2.9372100e-04	
   7.7600279e+03	   2.9362910e-04	
   7.7700558e+03	   2.9353190e-04	
   7.7800255e+03	   2.9345730e-04	
   7.7900538e+03	   2.9335420e-04	
   7.8000236e+03	   2.9325650e-04	
   7.8100224e+03	   2.9315250e-04	
   7.8200212e+03	   2.9317830e-04	
   7.8300490e+03	   2.9310820e-04	
   7.8400187e+03	   2.9294250e-04	
   7.8500175e+03	   2.9286480e-04	
   7.8600163e+03	   2.9274030e-04	
   7.8700151e+03	   2.9261230e-04	
   7.8800721e+03	   2.9246190e-04	
   7.8900418e+03	   2.9234390e-04	
   7.9000406e+03	   2.9220570e-04	
   7.9100394e+03	   2.9205970e-04	
   7.9200678e+03	   2.9190270e-04	
   7.9300375e+03	   2.9173030e-04	
   7.9400363e+03	   2.9154200e-04	
   7.9500351e+03	   2.9132740e-04	
   7.9600339e+03	   2.9107990e-04	
   7.9700327e+03	   2.9080460e-04	
   7.9800315e+03	   2.9050670e-04	
   7.9900303e+03	   2.9014200e-04	
   8.0000296e+03	   2.8970340e-04	
   8.0100279e+03	   2.8915070e-04	
   8.0200272e+03	   2.8850850e-04	
   8.0300255e+03	   2.8778090e-04	
   8.0400248e+03	   2.8687060e-04	
   8.0500231e+03	   2.8581290e-04	
   8.0600224e+03	   2.8452930e-04	
   8.0700207e+03	   2.8300410e-04	
   8.0800200e+03	   2.8117470e-04	
   8.0900183e+03	   2.7905390e-04	
   8.1000175e+03	   2.7665610e-04	
   8.1100159e+03	   2.7382340e-04	
   8.1200151e+03	   2.7066450e-04	
   8.1300430e+03	   2.6710990e-04	
   8.1400423e+03	   2.6317950e-04	
   8.1500702e+03	   2.5876170e-04	
   8.1600399e+03	   2.5411760e-04	
   8.1700382e+03	   2.4892580e-04	
   8.1800375e+03	   2.4332130e-04	
   8.1900358e+03	   2.3741570e-04	
   8.2000351e+03	   2.3100660e-04	
   8.2100630e+03	   2.2411560e-04	
   8.2200327e+03	   2.1698610e-04	
   8.2300606e+03	   2.0954200e-04	
   8.2400303e+03	   2.0167420e-04	
   8.2500296e+03	   1.9356980e-04	
   8.2600279e+03	   1.8546820e-04	
   8.2700558e+03	   1.7685950e-04	
   8.2800255e+03	   1.6797380e-04	
   8.2900248e+03	   1.5924660e-04	
   8.3000526e+03	   1.5000170e-04	
   8.3100224e+03	   1.4109270e-04	
   8.3200207e+03	   1.3205380e-04	
   8.3300200e+03	   1.2340730e-04	
   8.3400478e+03	   1.1504020e-04	
   8.3500175e+03	   1.0678250e-04	
   8.3600454e+03	   9.8551640e-05	
   8.3700151e+03	   9.0731300e-05	
   8.3800430e+03	   8.2855280e-05	
   8.3900423e+03	   7.5550810e-05	
   8.4000702e+03	   6.8270590e-05	
   8.4100399e+03	   6.1554050e-05	
   8.4200382e+03	   5.4825320e-05	
   8.4300375e+03	   4.8717940e-05	
   8.4400358e+03	   4.2929690e-05	
   8.4500351e+03	   3.7586600e-05	
   8.4600630e+03	   3.2657200e-05	
   8.4700327e+03	   2.8219630e-05	
   8.4800310e+03	   2.4132750e-05	
   8.4900303e+03	   2.0652870e-05	
   8.5000296e+03	   1.7631710e-05	
   8.5100279e+03	   1.5039250e-05	
   8.5200272e+03	   1.2827320e-05	
   8.5300255e+03	   1.0884040e-05	
   8.5400248e+03	   9.2424620e-06	
   8.5500231e+03	   7.8835510e-06	
   8.5600224e+03	   6.6365550e-06	
   8.5700207e+03	   5.5527540e-06	
   8.5800200e+03	   4.6893080e-06	
   8.5900183e+03	   3.9230340e-06	
   8.6000471e+03	   3.3707160e-06	
   8.6100159e+03	   2.9189750e-06	
   8.6200151e+03	   2.5555630e-06	
   8.6300430e+03	   2.2631330e-06	
   8.6400709e+03	   2.0499950e-06	
   8.6500406e+03	   1.8790600e-06	
   8.6600399e+03	   1.7358040e-06	
   8.6700382e+03	   1.6233570e-06	
   8.6800375e+03	   1.5388680e-06	
   8.6900358e+03	   1.4672280e-06	
   8.7000351e+03	   1.4066820e-06	
   8.7100334e+03	   1.3356570e-06	
   8.7200327e+03	   1.2937890e-06	
   8.7300310e+03	   1.2597390e-06	
   8.7400303e+03	   1.2244420e-06	
   8.7500296e+03	   1.1924940e-06	
   8.7600279e+03	   1.1758290e-06	
   8.7700558e+03	   1.1539600e-06	
   8.7800255e+03	   1.1396870e-06	
   8.7900248e+03	   1.1189770e-06	
   8.8000231e+03	   1.1086830e-06	
   8.8100224e+03	   1.1016060e-06	
   8.8200207e+03	   1.0854710e-06	
   8.8300200e+03	   1.0714310e-06	
   8.8400183e+03	   1.0678560e-06	
   8.8500175e+03	   1.0610520e-06	
   8.8600159e+03	   1.0460710e-06	
   8.8700151e+03	   1.0388320e-06	
   8.8800726e+03	   1.0241460e-06	
   8.8900423e+03	   1.0233630e-06	
   8.9000406e+03	   1.0087190e-06	
   8.9100685e+03	   9.9964010e-07	
   8.9200382e+03	   9.9296790e-07	
   8.9300375e+03	   9.8553820e-07	
   8.9400358e+03	   9.7711530e-07	
   8.9500351e+03	   9.6802640e-07	
   8.9600334e+03	   9.6054870e-07	
   8.9700327e+03	   9.5020120e-07	
   8.9800310e+03	   9.4394100e-07	
   8.9900303e+03	   9.3766570e-07	
   9.0000296e+03	   9.2866780e-07	
   9.0100279e+03	   9.2051360e-07	
   9.0200558e+03	   9.1084370e-07	
   9.0300255e+03	   9.0529550e-07	
   9.0400248e+03	   8.9501320e-07	
   9.0500231e+03	   8.8164140e-07	
   9.0600224e+03	   8.7981660e-07	
   9.0700207e+03	   8.7440670e-07	
   9.0800200e+03	   8.6711530e-07	
   9.0900183e+03	   8.6060380e-07	
   9.1000175e+03	   8.5363220e-07	
   9.1100159e+03	   8.4926820e-07	
   9.1200151e+03	   8.4644680e-07	
   9.1300430e+03	   8.3791350e-07	
   9.1400423e+03	   8.3255170e-07	
   9.1500406e+03	   8.2601410e-07	
   9.1600399e+03	   8.2186130e-07	
   9.1700382e+03	   8.1580840e-07	
   9.1800375e+03	   8.0988340e-07	
   9.1900358e+03	   8.0366880e-07	
   9.2000351e+03	   7.9556950e-07	
   9.2100334e+03	   7.8956020e-07	
   9.2200327e+03	   7.8314030e-07	
   9.2300606e+03	   7.7496530e-07	
   9.2400303e+03	   7.6433360e-07	
   9.2500296e+03	   7.5842600e-07	
   9.2600279e+03	   7.5056170e-07	
   9.2700272e+03	   7.4092160e-07	
   9.2800255e+03	   7.3160790e-07	
   9.2900248e+03	   7.2121600e-07	
   9.3000231e+03	   7.1208420e-07	
   9.3100224e+03	   7.0395590e-07	
   9.3200207e+03	   6.9295390e-07	
   9.3300200e+03	   6.8394100e-07	
   9.3400183e+03	   6.7431680e-07	
   9.3499880e+03	   6.6554450e-07	
   9.3600454e+03	   6.5627950e-07	
   9.3699856e+03	   6.4731280e-07	
   9.3800430e+03	   6.3825080e-07	
   9.3900423e+03	   6.2913780e-07	
   9.4000406e+03	   6.2055300e-07	
   9.4100399e+03	   6.1232250e-07	
   9.4200382e+03	   6.0297620e-07	
   9.4300375e+03	   5.9348180e-07	
   9.4400072e+03	   5.8420660e-07	
   9.4500351e+03	   5.7394270e-07	
   9.4600048e+03	   5.6258650e-07	
   9.4700327e+03	   5.5236840e-07	
   9.4800310e+03	   5.4046000e-07	
   9.4900303e+03	   5.2874860e-07	
   9.5000000e+03	   5.1739120e-07	
   9.5100279e+03	   5.0615090e-07	
   9.5199976e+03	   4.9357060e-07	
   9.5300255e+03	   4.8316800e-07	
   9.5399952e+03	   4.7212810e-07	
   9.5500231e+03	   4.6165510e-07	
   9.5600224e+03	   4.5132240e-07	
   9.5700207e+03	   4.4069850e-07	
   9.5799904e+03	   4.3056020e-07	
   9.5900183e+03	   4.2045210e-07	
   9.6000175e+03	   4.1059690e-07	
   9.6099873e+03	   4.0052050e-07	
   9.6200151e+03	   3.9084290e-07	
   9.6300144e+03	   3.8156420e-07	
   9.6400423e+03	   3.7247900e-07	
   9.6500120e+03	   3.6389680e-07	
   9.6600103e+03	   3.5575950e-07	
   9.6700382e+03	   3.4806710e-07	
   9.6800079e+03	   3.4114410e-07	
   9.6900358e+03	   3.3410730e-07	
   9.7000351e+03	   3.2738200e-07	
   9.7100048e+03	   3.2228200e-07	
   9.7200327e+03	   3.1568520e-07	
   9.7300310e+03	   3.0943200e-07	
   9.7400007e+03	   3.0338950e-07	
   9.7500000e+03	   2.9839010e-07	
   9.7600279e+03	   2.9320170e-07	
   9.7700272e+03	   2.8840910e-07	
   9.7800255e+03	   2.8331920e-07	
   9.7899952e+03	   2.7891140e-07	
   9.8000231e+03	   2.7412470e-07	
   9.8099928e+03	   2.7014370e-07	
   9.8200207e+03	   2.6542720e-07	
   9.8300200e+03	   2.6094520e-07	
   9.8399897e+03	   2.5719450e-07	
   9.8499880e+03	   2.5474290e-07	
   9.8600159e+03	   2.5089170e-07	
   9.8700151e+03	   2.4756960e-07	
   9.8800144e+03	   2.4427640e-07	
   9.8900423e+03	   2.4086940e-07	
   9.9000406e+03	   2.3735540e-07	
   9.9100103e+03	   2.3383740e-07	
   9.9200382e+03	   2.3028800e-07	
   9.9300079e+03	   2.2660330e-07	
   9.9400358e+03	   2.2318260e-07	
   9.9500055e+03	   2.1941640e-07	
   9.9600334e+03	   2.1532630e-07	
   9.9700031e+03	   2.1167520e-07	
   9.9800310e+03	   2.0763840e-07	
   9.9900007e+03	   2.0339270e-07	
   1.0000030e+04	   2.0066380e-07	
