   6.0000000e+03	   2.8897160e-04	
   6.0099988e+03	   2.8896370e-04	
   6.0200558e+03	   2.8896420e-04	
   6.0299964e+03	   2.8897890e-04	
   6.0400243e+03	   2.8898030e-04	
   6.0500236e+03	   2.8899400e-04	
   6.0600224e+03	   2.8898080e-04	
   6.0700212e+03	   2.8898520e-04	
   6.0800200e+03	   2.8898620e-04	
   6.0900187e+03	   2.8897940e-04	
   6.1000175e+03	   2.8898190e-04	
   6.1100163e+03	   2.8897820e-04	
   6.1200151e+03	   2.8898080e-04	
   6.1300430e+03	   2.8899060e-04	
   6.1400418e+03	   2.8899640e-04	
   6.1500406e+03	   2.8898710e-04	
   6.1600394e+03	   2.8898540e-04	
   6.1700387e+03	   2.8898840e-04	
   6.1800375e+03	   2.8898470e-04	
   6.1900363e+03	   2.8897240e-04	
   6.2000351e+03	   2.8898830e-04	
   6.2100339e+03	   2.8898470e-04	
   6.2200327e+03	   2.8899340e-04	
   6.2300315e+03	   2.8899100e-04	
   6.2400303e+03	   2.8899680e-04	
   6.2500291e+03	   2.8899190e-04	
   6.2600279e+03	   2.8900230e-04	
   6.2700267e+03	   2.8900280e-04	
   6.2800255e+03	   2.8900040e-04	
   6.2900243e+03	   2.8901000e-04	
   6.3000236e+03	   2.8900670e-04	
   6.3100224e+03	   2.8900920e-04	
   6.3200212e+03	   2.8900350e-04	
   6.3300200e+03	   2.8900820e-04	
   6.3400187e+03	   2.8901620e-04	
   6.3500175e+03	   2.8900680e-04	
   6.3600454e+03	   2.8900540e-04	
   6.3700151e+03	   2.8901920e-04	
   6.3800430e+03	   2.8901590e-04	
   6.3900418e+03	   2.8900640e-04	
   6.4000406e+03	   2.8902250e-04	
   6.4100394e+03	   2.8901900e-04	
   6.4200387e+03	   2.8900390e-04	
   6.4300375e+03	   2.8901880e-04	
   6.4400363e+03	   2.8901620e-04	
   6.4500351e+03	   2.8901390e-04	
   6.4600339e+03	   2.8900580e-04	
   6.4700327e+03	   2.8900620e-04	
   6.4800315e+03	   2.8902090e-04	
   6.4900303e+03	   2.8901960e-04	
   6.5000291e+03	   2.8900840e-04	
   6.5100279e+03	   2.8901700e-04	
   6.5200267e+03	   2.8900290e-04	
   6.5300255e+03	   2.8901800e-04	
   6.5400243e+03	   2.8901710e-04	
   6.5500236e+03	   2.8901620e-04	
   6.5600224e+03	   2.8902100e-04	
   6.5700212e+03	   2.8901030e-04	
   6.5800200e+03	   2.8901540e-04	
   6.5900187e+03	   2.8902690e-04	
   6.6000466e+03	   2.8900800e-04	
   6.6100163e+03	   2.8900750e-04	
   6.6200151e+03	   2.8901420e-04	
   6.6300430e+03	   2.8900820e-04	
   6.6400418e+03	   2.8902090e-04	
   6.6500115e+03	   2.8900910e-04	
   6.6600690e+03	   2.8899810e-04	
   6.6700387e+03	   2.8899920e-04	
   6.6800375e+03	   2.8900080e-04	
   6.6900363e+03	   2.8899000e-04	
   6.7000351e+03	   2.8899710e-04	
   6.7100339e+03	   2.8901080e-04	
   6.7200327e+03	   2.8901020e-04	
   6.7300315e+03	   2.8900590e-04	
   6.7400303e+03	   2.8900930e-04	
   6.7500291e+03	   2.8901290e-04	
   6.7600279e+03	   2.8900760e-04	
   6.7700267e+03	   2.8900810e-04	
   6.7800255e+03	   2.8900880e-04	
   6.7900243e+03	   2.8902660e-04	
   6.8000236e+03	   2.8902170e-04	
   6.8100224e+03	   2.8901970e-04	
   6.8200212e+03	   2.8902500e-04	
   6.8300200e+03	   2.8903320e-04	
   6.8400187e+03	   2.8903080e-04	
   6.8500175e+03	   2.8902880e-04	
   6.8600163e+03	   2.8904000e-04	
   6.8700151e+03	   2.8904760e-04	
   6.8800430e+03	   2.8904640e-04	
   6.8900418e+03	   2.8904440e-04	
   6.9000115e+03	   2.8905230e-04	
   6.9100394e+03	   2.8905980e-04	
   6.9200387e+03	   2.8907560e-04	
   6.9300375e+03	   2.8907700e-04	
   6.9400363e+03	   2.8908500e-04	
   6.9500351e+03	   2.8910290e-04	
   6.9600339e+03	   2.8908950e-04	
   6.9700036e+03	   2.8911720e-04	
   6.9800315e+03	   2.8910780e-04	
   6.9900303e+03	   2.8911930e-04	
   7.0000291e+03	   2.8912500e-04	
   7.0100279e+03	   2.8913170e-04	
   7.0200267e+03	   2.8914560e-04	
   7.0300255e+03	   2.8914810e-04	
   7.0400243e+03	   2.8915810e-04	
   7.0500236e+03	   2.8916820e-04	
   7.0600224e+03	   2.8918420e-04	
   7.0700212e+03	   2.8919000e-04	
   7.0800200e+03	   2.8919070e-04	
   7.0900187e+03	   2.8920740e-04	
   7.1000175e+03	   2.8921310e-04	
   7.1100163e+03	   2.8922580e-04	
   7.1200151e+03	   2.8924510e-04	
   7.1300430e+03	   2.8925140e-04	
   7.1400418e+03	   2.8925690e-04	
   7.1500702e+03	   2.8926260e-04	
   7.1600103e+03	   2.8928130e-04	
   7.1700387e+03	   2.8928540e-04	
   7.1800375e+03	   2.8931190e-04	
   7.1900363e+03	   2.8931190e-04	
   7.2000351e+03	   2.8931450e-04	
   7.2100339e+03	   2.8931570e-04	
   7.2200327e+03	   2.8933380e-04	
   7.2300606e+03	   2.8932390e-04	
   7.2400303e+03	   2.8934720e-04	
   7.2500291e+03	   2.8936420e-04	
   7.2600279e+03	   2.8937330e-04	
   7.2700267e+03	   2.8938350e-04	
   7.2800255e+03	   2.8938270e-04	
   7.2900243e+03	   2.8938790e-04	
   7.3000236e+03	   2.8940110e-04	
   7.3100514e+03	   2.8939710e-04	
   7.3200212e+03	   2.8940780e-04	
   7.3300200e+03	   2.8939990e-04	
   7.3400187e+03	   2.8940540e-04	
   7.3500175e+03	   2.8942150e-04	
   7.3600163e+03	   2.8942420e-04	
   7.3700151e+03	   2.8942640e-04	
   7.3800430e+03	   2.8943450e-04	
   7.3900418e+03	   2.8942880e-04	
   7.4000406e+03	   2.8943610e-04	
   7.4100394e+03	   2.8944430e-04	
   7.4200387e+03	   2.8945010e-04	
   7.4300375e+03	   2.8945040e-04	
   7.4400072e+03	   2.8946550e-04	
   7.4500642e+03	   2.8945650e-04	
   7.4600339e+03	   2.8946370e-04	
   7.4700327e+03	   2.8946790e-04	
   7.4800315e+03	   2.8945680e-04	
   7.4900303e+03	   2.8947270e-04	
   7.5000291e+03	   2.8948370e-04	
   7.5100279e+03	   2.8948740e-04	
   7.5200267e+03	   2.8948370e-04	
   7.5300255e+03	   2.8949240e-04	
   7.5400243e+03	   2.8949920e-04	
   7.5500236e+03	   2.8949000e-04	
   7.5599928e+03	   2.8949990e-04	
   7.5700502e+03	   2.8949980e-04	
   7.5800200e+03	   2.8950240e-04	
   7.5900187e+03	   2.8951570e-04	
   7.6000175e+03	   2.8952520e-04	
   7.6100163e+03	   2.8951320e-04	
   7.6200151e+03	   2.8951830e-04	
   7.6300430e+03	   2.8952460e-04	
   7.6400418e+03	   2.8952780e-04	
   7.6500702e+03	   2.8951930e-04	
   7.6600103e+03	   2.8952480e-04	
   7.6700387e+03	   2.8953090e-04	
   7.6800375e+03	   2.8953000e-04	
   7.6900363e+03	   2.8953060e-04	
   7.7000351e+03	   2.8953170e-04	
   7.7100339e+03	   2.8953390e-04	
   7.7200327e+03	   2.8952940e-04	
   7.7300315e+03	   2.8952930e-04	
   7.7400303e+03	   2.8952620e-04	
   7.7500291e+03	   2.8951680e-04	
   7.7600279e+03	   2.8951680e-04	
   7.7700558e+03	   2.8951320e-04	
   7.7800255e+03	   2.8952380e-04	
   7.7900243e+03	   2.8951190e-04	
   7.8000236e+03	   2.8950580e-04	
   7.8100224e+03	   2.8950420e-04	
   7.8200212e+03	   2.8949340e-04	
   7.8300200e+03	   2.8948740e-04	
   7.8400187e+03	   2.8947770e-04	
   7.8500175e+03	   2.8946250e-04	
   7.8600163e+03	   2.8945420e-04	
   7.8699861e+03	   2.8943890e-04	
   7.8800721e+03	   2.8940510e-04	
   7.8900418e+03	   2.8936280e-04	
   7.9000406e+03	   2.8933680e-04	
   7.9100394e+03	   2.8929200e-04	
   7.9200387e+03	   2.8922820e-04	
   7.9300079e+03	   2.8915940e-04	
   7.9400363e+03	   2.8904730e-04	
   7.9500351e+03	   2.8894180e-04	
   7.9600339e+03	   2.8881260e-04	
   7.9700327e+03	   2.8863450e-04	
   7.9800315e+03	   2.8841860e-04	
   7.9900303e+03	   2.8814430e-04	
   8.0000296e+03	   2.8783340e-04	
   8.0100279e+03	   2.8740770e-04	
   8.0200272e+03	   2.8692280e-04	
   8.0300255e+03	   2.8634110e-04	
   8.0400248e+03	   2.8559090e-04	
   8.0500231e+03	   2.8469980e-04	
   8.0600224e+03	   2.8358050e-04	
   8.0699921e+03	   2.8230340e-04	
   8.0800486e+03	   2.8069820e-04	
   8.0900183e+03	   2.7886460e-04	
   8.1000175e+03	   2.7672190e-04	
   8.1100159e+03	   2.7421570e-04	
   8.1200151e+03	   2.7137600e-04	
   8.1300430e+03	   2.6815170e-04	
   8.1400423e+03	   2.6457300e-04	
   8.1500702e+03	   2.6051150e-04	
   8.1600399e+03	   2.5616020e-04	
   8.1700382e+03	   2.5136070e-04	
   8.1800661e+03	   2.4597240e-04	
   8.1900358e+03	   2.4031250e-04	
   8.2000351e+03	   2.3398750e-04	
   8.2100334e+03	   2.2712860e-04	
   8.2200623e+03	   2.2006240e-04	
   8.2300310e+03	   2.1287370e-04	
   8.2400303e+03	   2.0512000e-04	
   8.2500296e+03	   1.9733210e-04	
   8.2600279e+03	   1.8941930e-04	
   8.2700558e+03	   1.8106610e-04	
   8.2800255e+03	   1.7265000e-04	
   8.2900248e+03	   1.6408050e-04	
   8.3000231e+03	   1.5524500e-04	
   8.3100224e+03	   1.4645650e-04	
   8.3200207e+03	   1.3755760e-04	
   8.3300200e+03	   1.2879120e-04	
   8.3400183e+03	   1.2035190e-04	
   8.3500175e+03	   1.1184140e-04	
   8.3600159e+03	   1.0346610e-04	
   8.3700151e+03	   9.5255430e-05	
   8.3800430e+03	   8.7284660e-05	
   8.3900423e+03	   7.9584470e-05	
   8.4000406e+03	   7.2096480e-05	
   8.4100399e+03	   6.5327690e-05	
   8.4200382e+03	   5.8549510e-05	
   8.4300375e+03	   5.2134420e-05	
   8.4400358e+03	   4.6136520e-05	
   8.4500351e+03	   4.0319360e-05	
   8.4600334e+03	   3.5000910e-05	
   8.4700327e+03	   3.0242190e-05	
   8.4800310e+03	   2.5947190e-05	
   8.4900303e+03	   2.2220810e-05	
   8.5000296e+03	   1.9045630e-05	
   8.5100279e+03	   1.6278890e-05	
   8.5200272e+03	   1.3919650e-05	
   8.5300255e+03	   1.1861800e-05	
   8.5400248e+03	   9.9738320e-06	
   8.5500231e+03	   8.4654430e-06	
   8.5600224e+03	   7.1931430e-06	
   8.5700207e+03	   6.0799410e-06	
   8.5800200e+03	   5.1868030e-06	
   8.5900183e+03	   4.3929470e-06	
   8.6000175e+03	   3.7236700e-06	
   8.6100159e+03	   3.1612900e-06	
   8.6200151e+03	   2.7019630e-06	
   8.6300430e+03	   2.3429530e-06	
   8.6400423e+03	   2.0645960e-06	
   8.6500406e+03	   1.8006760e-06	
   8.6600399e+03	   1.6646490e-06	
   8.6700382e+03	   1.5128020e-06	
   8.6800375e+03	   1.4028680e-06	
   8.6900358e+03	   1.3114060e-06	
   8.7000351e+03	   1.2410720e-06	
   8.7100334e+03	   1.1895080e-06	
   8.7200327e+03	   1.1377220e-06	
   8.7300310e+03	   1.0963370e-06	
   8.7400303e+03	   1.0601150e-06	
   8.7500296e+03	   1.0273230e-06	
   8.7600279e+03	   9.9946510e-07	
   8.7700272e+03	   9.7588500e-07	
   8.7800255e+03	   9.5280050e-07	
   8.7900248e+03	   9.4343070e-07	
   8.8000231e+03	   9.2049660e-07	
   8.8100224e+03	   9.0797880e-07	
   8.8200207e+03	   8.9723180e-07	
   8.8300200e+03	   8.8857750e-07	
   8.8400183e+03	   8.7801260e-07	
   8.8500175e+03	   8.6907990e-07	
   8.8600159e+03	   8.6160430e-07	
   8.8700151e+03	   8.5503750e-07	
   8.8800430e+03	   8.4969830e-07	
   8.8900423e+03	   8.4469490e-07	
   8.9000406e+03	   8.3915090e-07	
   8.9100685e+03	   8.3274230e-07	
   8.9200382e+03	   8.2652740e-07	
   8.9300375e+03	   8.2070410e-07	
   8.9400358e+03	   8.1296020e-07	
   8.9500351e+03	   8.0602890e-07	
   8.9600334e+03	   7.9876300e-07	
   8.9700327e+03	   7.8952630e-07	
   8.9800310e+03	   7.8068770e-07	
   8.9900007e+03	   7.7235510e-07	
   9.0000582e+03	   7.6182480e-07	
   9.0100279e+03	   7.5454200e-07	
   9.0200558e+03	   7.4361670e-07	
   9.0300255e+03	   7.3898380e-07	
   9.0400248e+03	   7.2988090e-07	
   9.0500231e+03	   7.2409770e-07	
   9.0600224e+03	   7.1497760e-07	
   9.0700207e+03	   7.0611460e-07	
   9.0800200e+03	   6.9931060e-07	
   9.0900183e+03	   6.9172200e-07	
   9.1000175e+03	   6.8622200e-07	
   9.1100159e+03	   6.7683190e-07	
   9.1200151e+03	   6.6921630e-07	
   9.1300430e+03	   6.6264920e-07	
   9.1400423e+03	   6.5751630e-07	
   9.1500406e+03	   6.5168080e-07	
   9.1600399e+03	   6.4608500e-07	
   9.1700382e+03	   6.4037120e-07	
   9.1800661e+03	   6.3378150e-07	
   9.1900358e+03	   6.2792340e-07	
   9.2000351e+03	   6.2152630e-07	
   9.2100334e+03	   6.1528810e-07	
   9.2200327e+03	   6.0960460e-07	
   9.2300606e+03	   6.0406340e-07	
   9.2400303e+03	   5.9954000e-07	
   9.2500296e+03	   5.9472280e-07	
   9.2600279e+03	   5.9072660e-07	
   9.2700272e+03	   5.8649690e-07	
   9.2800255e+03	   5.8252900e-07	
   9.2899952e+03	   5.7842200e-07	
   9.3000231e+03	   5.7360380e-07	
   9.3099928e+03	   5.6908640e-07	
   9.3200207e+03	   5.6355220e-07	
   9.3300200e+03	   5.5751230e-07	
   9.3399897e+03	   5.5098890e-07	
   9.3500175e+03	   5.4486900e-07	
   9.3600159e+03	   5.3762590e-07	
   9.3699856e+03	   5.3020140e-07	
   9.3800430e+03	   5.2271290e-07	
   9.3900423e+03	   5.1494830e-07	
   9.4000406e+03	   5.0692280e-07	
   9.4100399e+03	   4.9859060e-07	
   9.4200382e+03	   4.8971690e-07	
   9.4300375e+03	   4.8085910e-07	
   9.4400072e+03	   4.7196380e-07	
   9.4500351e+03	   4.6342280e-07	
   9.4600334e+03	   4.5494790e-07	
   9.4700327e+03	   4.4618890e-07	
   9.4800024e+03	   4.3835230e-07	
   9.4900303e+03	   4.3005900e-07	
   9.5000000e+03	   4.2188740e-07	
   9.5100279e+03	   4.1322540e-07	
   9.5199976e+03	   4.0466770e-07	
   9.5299969e+03	   3.9625250e-07	
   9.5400248e+03	   3.8720180e-07	
   9.5500231e+03	   3.7845730e-07	
   9.5600224e+03	   3.6953580e-07	
   9.5700207e+03	   3.6053520e-07	
   9.5799904e+03	   3.5146330e-07	
   9.5900183e+03	   3.4298670e-07	
   9.6000175e+03	   3.3424460e-07	
   9.6099873e+03	   3.2598200e-07	
   9.6200151e+03	   3.1773300e-07	
   9.6300144e+03	   3.1022570e-07	
   9.6400423e+03	   3.0274190e-07	
   9.6500120e+03	   2.9581290e-07	
   9.6600103e+03	   2.8937830e-07	
   9.6700382e+03	   2.8309100e-07	
   9.6800375e+03	   2.7737210e-07	
   9.6900072e+03	   2.7156390e-07	
   9.7000351e+03	   2.6592180e-07	
   9.7100048e+03	   2.6077500e-07	
   9.7200327e+03	   2.5527160e-07	
   9.7300310e+03	   2.5014610e-07	
   9.7400007e+03	   2.4508450e-07	
   9.7500000e+03	   2.3991870e-07	
   9.7600279e+03	   2.3464920e-07	
   9.7700272e+03	   2.2944770e-07	
   9.7800255e+03	   2.2433920e-07	
   9.7899952e+03	   2.1944050e-07	
   9.8000231e+03	   2.1493080e-07	
   9.8100224e+03	   2.1060380e-07	
   9.8199921e+03	   2.0667660e-07	
   9.8300200e+03	   2.0285780e-07	
   9.8399897e+03	   1.9960580e-07	
   9.8499880e+03	   1.9648230e-07	
   9.8600159e+03	   1.9352190e-07	
   9.8700151e+03	   1.9100050e-07	
   9.8800144e+03	   1.8846980e-07	
   9.8900423e+03	   1.8578050e-07	
   9.9000120e+03	   1.8317850e-07	
   9.9100399e+03	   1.8124040e-07	
   9.9200096e+03	   1.7881710e-07	
   9.9300375e+03	   1.7676030e-07	
   9.9400072e+03	   1.7426570e-07	
   9.9500351e+03	   1.7275790e-07	
   9.9600334e+03	   1.7061190e-07	
   9.9700031e+03	   1.6933030e-07	
   9.9800310e+03	   1.6723350e-07	
   9.9900007e+03	   1.6523650e-07	
   1.0000030e+04	   1.6324750e-07	
