   6.0000000e+03	   2.8911850e-04	
   6.0099988e+03	   2.8906760e-04	
   6.0200558e+03	   2.8906740e-04	
   6.0299964e+03	   2.8907110e-04	
   6.0400243e+03	   2.8907700e-04	
   6.0500236e+03	   2.8906840e-04	
   6.0600224e+03	   2.8906690e-04	
   6.0700212e+03	   2.8907350e-04	
   6.0800200e+03	   2.8907330e-04	
   6.0900187e+03	   2.8907430e-04	
   6.1000175e+03	   2.8906980e-04	
   6.1100163e+03	   2.8906300e-04	
   6.1200151e+03	   2.8906490e-04	
   6.1300430e+03	   2.8906680e-04	
   6.1400418e+03	   2.8906750e-04	
   6.1500406e+03	   2.8906600e-04	
   6.1600394e+03	   2.8906450e-04	
   6.1700387e+03	   2.8905160e-04	
   6.1800375e+03	   2.8906320e-04	
   6.1900363e+03	   2.8907480e-04	
   6.2000351e+03	   2.8906990e-04	
   6.2100339e+03	   2.8907020e-04	
   6.2200327e+03	   2.8907010e-04	
   6.2300315e+03	   2.8907650e-04	
   6.2400303e+03	   2.8906490e-04	
   6.2500291e+03	   2.8906280e-04	
   6.2600279e+03	   2.8906520e-04	
   6.2700267e+03	   2.8906590e-04	
   6.2800255e+03	   2.8906150e-04	
   6.2900243e+03	   2.8905920e-04	
   6.3000236e+03	   2.8904960e-04	
   6.3100224e+03	   2.8906650e-04	
   6.3200212e+03	   2.8905910e-04	
   6.3300200e+03	   2.8906750e-04	
   6.3400187e+03	   2.8906160e-04	
   6.3500175e+03	   2.8905450e-04	
   6.3600454e+03	   2.8905310e-04	
   6.3699861e+03	   2.8906510e-04	
   6.3800430e+03	   2.8905990e-04	
   6.3900418e+03	   2.8905900e-04	
   6.4000406e+03	   2.8906040e-04	
   6.4100394e+03	   2.8906320e-04	
   6.4200387e+03	   2.8906210e-04	
   6.4300375e+03	   2.8905650e-04	
   6.4400363e+03	   2.8905480e-04	
   6.4500351e+03	   2.8905960e-04	
   6.4600339e+03	   2.8905130e-04	
   6.4700327e+03	   2.8905730e-04	
   6.4800315e+03	   2.8906650e-04	
   6.4900303e+03	   2.8906350e-04	
   6.5000291e+03	   2.8906320e-04	
   6.5100279e+03	   2.8905750e-04	
   6.5200267e+03	   2.8905770e-04	
   6.5300255e+03	   2.8905930e-04	
   6.5400243e+03	   2.8906700e-04	
   6.5500236e+03	   2.8905940e-04	
   6.5600224e+03	   2.8905840e-04	
   6.5700212e+03	   2.8905500e-04	
   6.5800200e+03	   2.8905480e-04	
   6.5900187e+03	   2.8905910e-04	
   6.6000466e+03	   2.8905180e-04	
   6.6100163e+03	   2.8905230e-04	
   6.6200151e+03	   2.8904910e-04	
   6.6300430e+03	   2.8904820e-04	
   6.6400418e+03	   2.8906090e-04	
   6.6500406e+03	   2.8905300e-04	
   6.6600394e+03	   2.8905670e-04	
   6.6700387e+03	   2.8905350e-04	
   6.6800375e+03	   2.8906250e-04	
   6.6900363e+03	   2.8905740e-04	
   6.7000351e+03	   2.8904820e-04	
   6.7100339e+03	   2.8905600e-04	
   6.7200327e+03	   2.8905530e-04	
   6.7300315e+03	   2.8905780e-04	
   6.7400303e+03	   2.8905000e-04	
   6.7500291e+03	   2.8905700e-04	
   6.7600279e+03	   2.8905490e-04	
   6.7700267e+03	   2.8905800e-04	
   6.7800255e+03	   2.8906180e-04	
   6.7900243e+03	   2.8906290e-04	
   6.8000236e+03	   2.8906320e-04	
   6.8100224e+03	   2.8907490e-04	
   6.8200212e+03	   2.8908470e-04	
   6.8300200e+03	   2.8907880e-04	
   6.8400187e+03	   2.8908380e-04	
   6.8500175e+03	   2.8909550e-04	
   6.8600163e+03	   2.8909090e-04	
   6.8700151e+03	   2.8910220e-04	
   6.8800430e+03	   2.8910650e-04	
   6.8900418e+03	   2.8909350e-04	
   6.9000115e+03	   2.8911530e-04	
   6.9100394e+03	   2.8912140e-04	
   6.9200387e+03	   2.8912310e-04	
   6.9300375e+03	   2.8912800e-04	
   6.9400072e+03	   2.8914280e-04	
   6.9500351e+03	   2.8913270e-04	
   6.9600339e+03	   2.8915470e-04	
   6.9700327e+03	   2.8916170e-04	
   6.9800315e+03	   2.8915690e-04	
   6.9900303e+03	   2.8917240e-04	
   7.0000291e+03	   2.8918570e-04	
   7.0100279e+03	   2.8919250e-04	
   7.0200267e+03	   2.8919080e-04	
   7.0300255e+03	   2.8920550e-04	
   7.0400243e+03	   2.8921100e-04	
   7.0500236e+03	   2.8921860e-04	
   7.0600224e+03	   2.8922610e-04	
   7.0700212e+03	   2.8922890e-04	
   7.0800200e+03	   2.8924110e-04	
   7.0900187e+03	   2.8923830e-04	
   7.1000175e+03	   2.8925010e-04	
   7.1100163e+03	   2.8925070e-04	
   7.1200151e+03	   2.8925900e-04	
   7.1300430e+03	   2.8925800e-04	
   7.1400418e+03	   2.8926380e-04	
   7.1500702e+03	   2.8926420e-04	
   7.1600394e+03	   2.8927690e-04	
   7.1700387e+03	   2.8928170e-04	
   7.1800375e+03	   2.8928980e-04	
   7.1900363e+03	   2.8929320e-04	
   7.2000351e+03	   2.8930360e-04	
   7.2100630e+03	   2.8930030e-04	
   7.2200327e+03	   2.8930970e-04	
   7.2300606e+03	   2.8930050e-04	
   7.2400303e+03	   2.8931450e-04	
   7.2500291e+03	   2.8931700e-04	
   7.2600279e+03	   2.8931920e-04	
   7.2700267e+03	   2.8932290e-04	
   7.2800255e+03	   2.8933010e-04	
   7.2900243e+03	   2.8932410e-04	
   7.3000236e+03	   2.8932920e-04	
   7.3100514e+03	   2.8932110e-04	
   7.3200212e+03	   2.8934340e-04	
   7.3300200e+03	   2.8933950e-04	
   7.3400187e+03	   2.8933720e-04	
   7.3500175e+03	   2.8934480e-04	
   7.3600163e+03	   2.8933720e-04	
   7.3700151e+03	   2.8933790e-04	
   7.3800430e+03	   2.8934430e-04	
   7.3900418e+03	   2.8933700e-04	
   7.4000406e+03	   2.8935210e-04	
   7.4100394e+03	   2.8935440e-04	
   7.4200387e+03	   2.8935210e-04	
   7.4300375e+03	   2.8935690e-04	
   7.4400072e+03	   2.8937230e-04	
   7.4500642e+03	   2.8936910e-04	
   7.4600339e+03	   2.8936710e-04	
   7.4700327e+03	   2.8936980e-04	
   7.4800315e+03	   2.8937450e-04	
   7.4900303e+03	   2.8937330e-04	
   7.5000291e+03	   2.8938930e-04	
   7.5100279e+03	   2.8938910e-04	
   7.5200267e+03	   2.8939570e-04	
   7.5300255e+03	   2.8940130e-04	
   7.5400243e+03	   2.8940880e-04	
   7.5500236e+03	   2.8940840e-04	
   7.5600224e+03	   2.8940980e-04	
   7.5700212e+03	   2.8941920e-04	
   7.5800200e+03	   2.8940610e-04	
   7.5900187e+03	   2.8941300e-04	
   7.6000466e+03	   2.8941810e-04	
   7.6100163e+03	   2.8942150e-04	
   7.6200151e+03	   2.8943360e-04	
   7.6300430e+03	   2.8943510e-04	
   7.6400418e+03	   2.8943160e-04	
   7.6500406e+03	   2.8942520e-04	
   7.6600394e+03	   2.8942950e-04	
   7.6700387e+03	   2.8943600e-04	
   7.6800375e+03	   2.8942860e-04	
   7.6900363e+03	   2.8943870e-04	
   7.7000351e+03	   2.8943860e-04	
   7.7100339e+03	   2.8944960e-04	
   7.7200327e+03	   2.8943950e-04	
   7.7300315e+03	   2.8944150e-04	
   7.7400303e+03	   2.8943090e-04	
   7.7500291e+03	   2.8942670e-04	
   7.7600279e+03	   2.8941720e-04	
   7.7700267e+03	   2.8941310e-04	
   7.7800255e+03	   2.8941250e-04	
   7.7900243e+03	   2.8940720e-04	
   7.8000236e+03	   2.8941360e-04	
   7.8100224e+03	   2.8941070e-04	
   7.8200212e+03	   2.8939910e-04	
   7.8300200e+03	   2.8938390e-04	
   7.8400187e+03	   2.8937200e-04	
   7.8500175e+03	   2.8935550e-04	
   7.8600163e+03	   2.8933100e-04	
   7.8700151e+03	   2.8931930e-04	
   7.8800721e+03	   2.8929110e-04	
   7.8900418e+03	   2.8926270e-04	
   7.9000406e+03	   2.8923180e-04	
   7.9100394e+03	   2.8918420e-04	
   7.9200387e+03	   2.8912940e-04	
   7.9300375e+03	   2.8905950e-04	
   7.9400363e+03	   2.8897770e-04	
   7.9500351e+03	   2.8887690e-04	
   7.9600339e+03	   2.8875110e-04	
   7.9700327e+03	   2.8859070e-04	
   7.9800315e+03	   2.8842030e-04	
   7.9900303e+03	   2.8819520e-04	
   8.0000296e+03	   2.8791960e-04	
   8.0100279e+03	   2.8756410e-04	
   8.0200272e+03	   2.8712110e-04	
   8.0300255e+03	   2.8662180e-04	
   8.0400248e+03	   2.8599260e-04	
   8.0500231e+03	   2.8523500e-04	
   8.0600224e+03	   2.8427880e-04	
   8.0699921e+03	   2.8316310e-04	
   8.0800486e+03	   2.8179190e-04	
   8.0900183e+03	   2.8018520e-04	
   8.1000175e+03	   2.7836140e-04	
   8.1100159e+03	   2.7621520e-04	
   8.1200151e+03	   2.7382330e-04	
   8.1300430e+03	   2.7104070e-04	
   8.1400423e+03	   2.6793200e-04	
   8.1500702e+03	   2.6433170e-04	
   8.1600399e+03	   2.6041550e-04	
   8.1700382e+03	   2.5595850e-04	
   8.1800375e+03	   2.5092670e-04	
   8.1900358e+03	   2.4556200e-04	
   8.2000351e+03	   2.3962280e-04	
   8.2100334e+03	   2.3324950e-04	
   8.2200327e+03	   2.2652200e-04	
   8.2300310e+03	   2.1948000e-04	
   8.2400303e+03	   2.1200790e-04	
   8.2500296e+03	   2.0446550e-04	
   8.2600279e+03	   1.9672260e-04	
   8.2700272e+03	   1.8857300e-04	
   8.2800255e+03	   1.8028560e-04	
   8.2900248e+03	   1.7194200e-04	
   8.3000231e+03	   1.6324530e-04	
   8.3100224e+03	   1.5462960e-04	
   8.3200207e+03	   1.4591680e-04	
   8.3300486e+03	   1.3719100e-04	
   8.3400183e+03	   1.2870730e-04	
   8.3500175e+03	   1.2011360e-04	
   8.3600454e+03	   1.1159070e-04	
   8.3700151e+03	   1.0331550e-04	
   8.3800430e+03	   9.5057450e-05	
   8.3900423e+03	   8.7111050e-05	
   8.4000406e+03	   7.9348520e-05	
   8.4100399e+03	   7.2202780e-05	
   8.4200382e+03	   6.5080900e-05	
   8.4300375e+03	   5.8479570e-05	
   8.4400358e+03	   5.2166720e-05	
   8.4500351e+03	   4.6112770e-05	
   8.4600630e+03	   4.0495220e-05	
   8.4700327e+03	   3.5339410e-05	
   8.4800310e+03	   3.0523750e-05	
   8.4900303e+03	   2.6222990e-05	
   8.5000296e+03	   2.2502000e-05	
   8.5100279e+03	   1.9103740e-05	
   8.5199976e+03	   1.6273240e-05	
   8.5300255e+03	   1.3906270e-05	
   8.5400248e+03	   1.1752690e-05	
   8.5500231e+03	   9.9519770e-06	
   8.5600224e+03	   8.4210710e-06	
   8.5700207e+03	   7.1283940e-06	
   8.5800200e+03	   6.0559220e-06	
   8.5900183e+03	   5.1762170e-06	
   8.6000175e+03	   4.4127350e-06	
   8.6100159e+03	   3.7414600e-06	
   8.6200151e+03	   3.1847110e-06	
   8.6300430e+03	   2.7272430e-06	
   8.6400709e+03	   2.3580070e-06	
   8.6500406e+03	   2.0285090e-06	
   8.6600399e+03	   1.7748340e-06	
   8.6700382e+03	   1.5760330e-06	
   8.6800375e+03	   1.3936370e-06	
   8.6900358e+03	   1.2677510e-06	
   8.7000351e+03	   1.1714740e-06	
   8.7100334e+03	   1.0961490e-06	
   8.7200327e+03	   1.0376610e-06	
   8.7300310e+03	   9.9130200e-07	
   8.7400303e+03	   9.5176820e-07	
   8.7500296e+03	   9.1733300e-07	
   8.7600279e+03	   8.8544560e-07	
   8.7700272e+03	   8.5991850e-07	
   8.7800255e+03	   8.3815570e-07	
   8.7900248e+03	   8.2385950e-07	
   8.8000231e+03	   8.0436410e-07	
   8.8100224e+03	   7.8814220e-07	
   8.8200207e+03	   7.7712700e-07	
   8.8300200e+03	   7.6560420e-07	
   8.8400183e+03	   7.5479350e-07	
   8.8500175e+03	   7.4263080e-07	
   8.8600159e+03	   7.3692270e-07	
   8.8700151e+03	   7.3110070e-07	
   8.8800430e+03	   7.2250460e-07	
   8.8900423e+03	   7.1383200e-07	
   8.9000406e+03	   7.0774980e-07	
   8.9100399e+03	   7.0077230e-07	
   8.9200382e+03	   6.9431590e-07	
   8.9300375e+03	   6.8899450e-07	
   8.9400358e+03	   6.8013310e-07	
   8.9500351e+03	   6.7504130e-07	
   8.9600334e+03	   6.6762660e-07	
   8.9700327e+03	   6.6018510e-07	
   8.9800310e+03	   6.5464800e-07	
   8.9900007e+03	   6.4900930e-07	
   9.0000582e+03	   6.4103930e-07	
   9.0100279e+03	   6.3279400e-07	
   9.0200272e+03	   6.2508320e-07	
   9.0300255e+03	   6.1750910e-07	
   9.0400248e+03	   6.0958890e-07	
   9.0500231e+03	   6.0275280e-07	
   9.0600224e+03	   5.9563940e-07	
   9.0700207e+03	   5.8839690e-07	
   9.0800200e+03	   5.8231450e-07	
   9.0900183e+03	   5.7657640e-07	
   9.1000175e+03	   5.7116910e-07	
   9.1100159e+03	   5.6573800e-07	
   9.1200151e+03	   5.6047260e-07	
   9.1300430e+03	   5.5573460e-07	
   9.1400423e+03	   5.5075240e-07	
   9.1500406e+03	   5.4584820e-07	
   9.1600399e+03	   5.4165050e-07	
   9.1700382e+03	   5.3796450e-07	
   9.1800375e+03	   5.3336090e-07	
   9.1900358e+03	   5.2769000e-07	
   9.2000351e+03	   5.2277570e-07	
   9.2100334e+03	   5.1718720e-07	
   9.2200327e+03	   5.1248660e-07	
   9.2300606e+03	   5.0753400e-07	
   9.2400303e+03	   5.0230850e-07	
   9.2500296e+03	   4.9712840e-07	
   9.2600279e+03	   4.9166860e-07	
   9.2700272e+03	   4.8600630e-07	
   9.2800255e+03	   4.8080620e-07	
   9.2899952e+03	   4.7508090e-07	
   9.3000231e+03	   4.6913720e-07	
   9.3099928e+03	   4.6290400e-07	
   9.3200207e+03	   4.5653320e-07	
   9.3300200e+03	   4.5161210e-07	
   9.3400183e+03	   4.4626300e-07	
   9.3499880e+03	   4.4061860e-07	
   9.3600159e+03	   4.3515210e-07	
   9.3699856e+03	   4.2927320e-07	
   9.3800430e+03	   4.2395640e-07	
   9.3900127e+03	   4.1837840e-07	
   9.4000406e+03	   4.1298400e-07	
   9.4100399e+03	   4.0732310e-07	
   9.4200382e+03	   4.0064330e-07	
   9.4300375e+03	   3.9422020e-07	
   9.4400072e+03	   3.8829240e-07	
   9.4500351e+03	   3.8135030e-07	
   9.4600334e+03	   3.7456810e-07	
   9.4700327e+03	   3.6798300e-07	
   9.4800024e+03	   3.6122670e-07	
   9.4900303e+03	   3.5456190e-07	
   9.5000000e+03	   3.4796220e-07	
   9.5100279e+03	   3.4136040e-07	
   9.5199976e+03	   3.3447460e-07	
   9.5300255e+03	   3.2769510e-07	
   9.5399952e+03	   3.2062750e-07	
   9.5500231e+03	   3.1355690e-07	
   9.5600224e+03	   3.0642650e-07	
   9.5700207e+03	   2.9895730e-07	
   9.5799904e+03	   2.9150000e-07	
   9.5900183e+03	   2.8430550e-07	
   9.6000175e+03	   2.7699870e-07	
   9.6099873e+03	   2.6988590e-07	
   9.6200151e+03	   2.6285820e-07	
   9.6300144e+03	   2.5615510e-07	
   9.6400423e+03	   2.4934560e-07	
   9.6500120e+03	   2.4305100e-07	
   9.6600103e+03	   2.3683690e-07	
   9.6700382e+03	   2.3089850e-07	
   9.6800375e+03	   2.2537310e-07	
   9.6900072e+03	   2.2001340e-07	
   9.7000351e+03	   2.1513130e-07	
   9.7100334e+03	   2.1052650e-07	
   9.7200327e+03	   2.0626070e-07	
   9.7300310e+03	   2.0236320e-07	
   9.7400007e+03	   1.9882650e-07	
   9.7500000e+03	   1.9529650e-07	
   9.7600279e+03	   1.9186930e-07	
   9.7699976e+03	   1.8862430e-07	
   9.7800255e+03	   1.8541450e-07	
   9.7899952e+03	   1.8222040e-07	
   9.8000231e+03	   1.7927870e-07	
   9.8100224e+03	   1.7624030e-07	
   9.8200207e+03	   1.7337460e-07	
   9.8300200e+03	   1.7077100e-07	
   9.8399897e+03	   1.6810460e-07	
   9.8500175e+03	   1.6557030e-07	
   9.8599873e+03	   1.6310670e-07	
   9.8700151e+03	   1.6076370e-07	
   9.8800144e+03	   1.5846700e-07	
   9.8900423e+03	   1.5641490e-07	
   9.9000406e+03	   1.5443590e-07	
   9.9100103e+03	   1.5262500e-07	
   9.9200382e+03	   1.5117330e-07	
   9.9300079e+03	   1.4966330e-07	
   9.9400358e+03	   1.4814810e-07	
   9.9500055e+03	   1.4661530e-07	
   9.9600334e+03	   1.4496600e-07	
   9.9700031e+03	   1.4318790e-07	
   9.9800310e+03	   1.4118390e-07	
   9.9900007e+03	   1.3911390e-07	
   1.0000030e+04	   1.3681330e-07	
