   6.0000291e+03	   2.8864650e-04	
   6.0100279e+03	   2.8860410e-04	
   6.0200267e+03	   2.8860270e-04	
   6.0300255e+03	   2.8860100e-04	
   6.0400243e+03	   2.8860150e-04	
   6.0500236e+03	   2.8859420e-04	
   6.0600224e+03	   2.8861100e-04	
   6.0700212e+03	   2.8859180e-04	
   6.0800200e+03	   2.8860420e-04	
   6.0900187e+03	   2.8859720e-04	
   6.1000175e+03	   2.8859450e-04	
   6.1100163e+03	   2.8860040e-04	
   6.1200151e+03	   2.8858740e-04	
   6.1300430e+03	   2.8859750e-04	
   6.1400418e+03	   2.8859310e-04	
   6.1500406e+03	   2.8858820e-04	
   6.1600394e+03	   2.8859250e-04	
   6.1700387e+03	   2.8858970e-04	
   6.1800375e+03	   2.8859030e-04	
   6.1900363e+03	   2.8858710e-04	
   6.2000351e+03	   2.8858850e-04	
   6.2100339e+03	   2.8858850e-04	
   6.2200327e+03	   2.8858390e-04	
   6.2300315e+03	   2.8858020e-04	
   6.2400303e+03	   2.8858680e-04	
   6.2500291e+03	   2.8858700e-04	
   6.2600279e+03	   2.8858670e-04	
   6.2700267e+03	   2.8857430e-04	
   6.2800255e+03	   2.8858170e-04	
   6.2900243e+03	   2.8858060e-04	
   6.3000236e+03	   2.8858300e-04	
   6.3100514e+03	   2.8857590e-04	
   6.3200212e+03	   2.8857860e-04	
   6.3300200e+03	   2.8857190e-04	
   6.3400187e+03	   2.8857820e-04	
   6.3500175e+03	   2.8857350e-04	
   6.3600454e+03	   2.8856260e-04	
   6.3699861e+03	   2.8856790e-04	
   6.3800430e+03	   2.8857060e-04	
   6.3900418e+03	   2.8856230e-04	
   6.4000406e+03	   2.8856270e-04	
   6.4100394e+03	   2.8856150e-04	
   6.4200387e+03	   2.8855860e-04	
   6.4300375e+03	   2.8855780e-04	
   6.4400363e+03	   2.8855910e-04	
   6.4500351e+03	   2.8854490e-04	
   6.4600339e+03	   2.8855110e-04	
   6.4700327e+03	   2.8854800e-04	
   6.4800315e+03	   2.8854530e-04	
   6.4900303e+03	   2.8854000e-04	
   6.5000291e+03	   2.8852950e-04	
   6.5100279e+03	   2.8853850e-04	
   6.5200267e+03	   2.8853850e-04	
   6.5300255e+03	   2.8853710e-04	
   6.5400243e+03	   2.8853560e-04	
   6.5500236e+03	   2.8853210e-04	
   6.5600224e+03	   2.8853310e-04	
   6.5700212e+03	   2.8853740e-04	
   6.5800200e+03	   2.8853750e-04	
   6.5900187e+03	   2.8853530e-04	
   6.6000466e+03	   2.8852660e-04	
   6.6100163e+03	   2.8852560e-04	
   6.6200151e+03	   2.8853340e-04	
   6.6300430e+03	   2.8852290e-04	
   6.6400418e+03	   2.8853030e-04	
   6.6500406e+03	   2.8852200e-04	
   6.6600394e+03	   2.8853530e-04	
   6.6700387e+03	   2.8852830e-04	
   6.6800375e+03	   2.8853180e-04	
   6.6900363e+03	   2.8852960e-04	
   6.7000351e+03	   2.8852260e-04	
   6.7100339e+03	   2.8851970e-04	
   6.7200327e+03	   2.8851730e-04	
   6.7300315e+03	   2.8851660e-04	
   6.7400303e+03	   2.8852880e-04	
   6.7500291e+03	   2.8852600e-04	
   6.7600279e+03	   2.8852480e-04	
   6.7700267e+03	   2.8852990e-04	
   6.7800255e+03	   2.8852850e-04	
   6.7900243e+03	   2.8852430e-04	
   6.8000236e+03	   2.8852770e-04	
   6.8100224e+03	   2.8853320e-04	
   6.8200212e+03	   2.8853030e-04	
   6.8300200e+03	   2.8853670e-04	
   6.8400187e+03	   2.8854240e-04	
   6.8500175e+03	   2.8854180e-04	
   6.8600163e+03	   2.8853720e-04	
   6.8700151e+03	   2.8854780e-04	
   6.8800430e+03	   2.8853950e-04	
   6.8900418e+03	   2.8854450e-04	
   6.9000115e+03	   2.8855840e-04	
   6.9100394e+03	   2.8856460e-04	
   6.9200387e+03	   2.8856310e-04	
   6.9300375e+03	   2.8856880e-04	
   6.9400363e+03	   2.8857000e-04	
   6.9500351e+03	   2.8857610e-04	
   6.9600339e+03	   2.8858840e-04	
   6.9700327e+03	   2.8858840e-04	
   6.9800315e+03	   2.8859650e-04	
   6.9900303e+03	   2.8860670e-04	
   7.0000291e+03	   2.8861240e-04	
   7.0100279e+03	   2.8861200e-04	
   7.0200267e+03	   2.8861890e-04	
   7.0300255e+03	   2.8862300e-04	
   7.0400243e+03	   2.8862700e-04	
   7.0500236e+03	   2.8864010e-04	
   7.0600224e+03	   2.8864190e-04	
   7.0700212e+03	   2.8865460e-04	
   7.0800200e+03	   2.8866580e-04	
   7.0900187e+03	   2.8866010e-04	
   7.1000175e+03	   2.8867120e-04	
   7.1100163e+03	   2.8867880e-04	
   7.1200151e+03	   2.8868760e-04	
   7.1300430e+03	   2.8869470e-04	
   7.1400418e+03	   2.8869980e-04	
   7.1500406e+03	   2.8872380e-04	
   7.1600394e+03	   2.8873060e-04	
   7.1700387e+03	   2.8873210e-04	
   7.1800375e+03	   2.8874820e-04	
   7.1900363e+03	   2.8874500e-04	
   7.2000351e+03	   2.8875660e-04	
   7.2100339e+03	   2.8877150e-04	
   7.2200327e+03	   2.8876490e-04	
   7.2300606e+03	   2.8876820e-04	
   7.2400303e+03	   2.8878770e-04	
   7.2500291e+03	   2.8879520e-04	
   7.2600279e+03	   2.8880530e-04	
   7.2700267e+03	   2.8879630e-04	
   7.2800255e+03	   2.8882190e-04	
   7.2900243e+03	   2.8883800e-04	
   7.3000236e+03	   2.8882590e-04	
   7.3100514e+03	   2.8882380e-04	
   7.3200212e+03	   2.8883880e-04	
   7.3300200e+03	   2.8884590e-04	
   7.3400187e+03	   2.8884620e-04	
   7.3500175e+03	   2.8885800e-04	
   7.3600163e+03	   2.8886300e-04	
   7.3700151e+03	   2.8887280e-04	
   7.3800430e+03	   2.8888580e-04	
   7.3900418e+03	   2.8888470e-04	
   7.4000406e+03	   2.8888510e-04	
   7.4100394e+03	   2.8888800e-04	
   7.4200387e+03	   2.8889250e-04	
   7.4300375e+03	   2.8889280e-04	
   7.4400072e+03	   2.8890090e-04	
   7.4500642e+03	   2.8890420e-04	
   7.4600339e+03	   2.8890580e-04	
   7.4700327e+03	   2.8891420e-04	
   7.4800315e+03	   2.8890830e-04	
   7.4900303e+03	   2.8891790e-04	
   7.5000291e+03	   2.8892200e-04	
   7.5100279e+03	   2.8891690e-04	
   7.5200267e+03	   2.8892690e-04	
   7.5300255e+03	   2.8891570e-04	
   7.5400243e+03	   2.8891800e-04	
   7.5500236e+03	   2.8893960e-04	
   7.5600224e+03	   2.8893230e-04	
   7.5700212e+03	   2.8893260e-04	
   7.5800200e+03	   2.8891750e-04	
   7.5900187e+03	   2.8893370e-04	
   7.6000175e+03	   2.8894800e-04	
   7.6100163e+03	   2.8893840e-04	
   7.6200151e+03	   2.8894840e-04	
   7.6300430e+03	   2.8894700e-04	
   7.6400418e+03	   2.8893480e-04	
   7.6500702e+03	   2.8894550e-04	
   7.6600394e+03	   2.8895290e-04	
   7.6700387e+03	   2.8895990e-04	
   7.6800375e+03	   2.8896500e-04	
   7.6900363e+03	   2.8896450e-04	
   7.7000351e+03	   2.8895720e-04	
   7.7100339e+03	   2.8896840e-04	
   7.7200327e+03	   2.8897030e-04	
   7.7300315e+03	   2.8896810e-04	
   7.7400303e+03	   2.8896480e-04	
   7.7500291e+03	   2.8897500e-04	
   7.7600279e+03	   2.8896650e-04	
   7.7700267e+03	   2.8896460e-04	
   7.7800255e+03	   2.8896680e-04	
   7.7900243e+03	   2.8896100e-04	
   7.8000236e+03	   2.8896190e-04	
   7.8100224e+03	   2.8895340e-04	
   7.8200212e+03	   2.8893770e-04	
   7.8300200e+03	   2.8893140e-04	
   7.8400187e+03	   2.8892670e-04	
   7.8500175e+03	   2.8890800e-04	
   7.8600163e+03	   2.8888870e-04	
   7.8700151e+03	   2.8886050e-04	
   7.8800430e+03	   2.8884320e-04	
   7.8900418e+03	   2.8880600e-04	
   7.9000406e+03	   2.8877060e-04	
   7.9100394e+03	   2.8872080e-04	
   7.9200387e+03	   2.8866150e-04	
   7.9300375e+03	   2.8859810e-04	
   7.9400072e+03	   2.8849560e-04	
   7.9500351e+03	   2.8840030e-04	
   7.9600339e+03	   2.8827840e-04	
   7.9700327e+03	   2.8811760e-04	
   7.9800315e+03	   2.8793280e-04	
   7.9900303e+03	   2.8770420e-04	
   8.0000296e+03	   2.8743290e-04	
   8.0100279e+03	   2.8709340e-04	
   8.0200558e+03	   2.8667190e-04	
   8.0300255e+03	   2.8617830e-04	
   8.0400248e+03	   2.8554150e-04	
   8.0500231e+03	   2.8479970e-04	
   8.0600224e+03	   2.8390510e-04	
   8.0699921e+03	   2.8287500e-04	
   8.0800486e+03	   2.8163200e-04	
   8.0900183e+03	   2.8014950e-04	
   8.1000175e+03	   2.7847850e-04	
   8.1100159e+03	   2.7651560e-04	
   8.1200151e+03	   2.7428630e-04	
   8.1300430e+03	   2.7173620e-04	
   8.1400423e+03	   2.6887520e-04	
   8.1500702e+03	   2.6553480e-04	
   8.1600399e+03	   2.6189060e-04	
   8.1700382e+03	   2.5770940e-04	
   8.1800375e+03	   2.5293140e-04	
   8.1900358e+03	   2.4779250e-04	
   8.2000351e+03	   2.4208210e-04	
   8.2100334e+03	   2.3586820e-04	
   8.2200327e+03	   2.2936730e-04	
   8.2300310e+03	   2.2250740e-04	
   8.2400303e+03	   2.1519410e-04	
   8.2500296e+03	   2.0770630e-04	
   8.2600279e+03	   2.0014840e-04	
   8.2700272e+03	   1.9201870e-04	
   8.2799969e+03	   1.8393060e-04	
   8.2900248e+03	   1.7580930e-04	
   8.3000231e+03	   1.6721260e-04	
   8.3100224e+03	   1.5878510e-04	
   8.3200207e+03	   1.5019290e-04	
   8.3300200e+03	   1.4165220e-04	
   8.3400183e+03	   1.3336940e-04	
   8.3500175e+03	   1.2484380e-04	
   8.3600454e+03	   1.1628540e-04	
   8.3700151e+03	   1.0807700e-04	
   8.3800430e+03	   9.9773090e-05	
   8.3900423e+03	   9.1753050e-05	
   8.4000406e+03	   8.3724350e-05	
   8.4100399e+03	   7.6396930e-05	
   8.4200382e+03	   6.9086420e-05	
   8.4300375e+03	   6.2229110e-05	
   8.4400358e+03	   5.5725640e-05	
   8.4500351e+03	   4.9602760e-05	
   8.4600630e+03	   4.3847560e-05	
   8.4700327e+03	   3.8569990e-05	
   8.4800310e+03	   3.3623930e-05	
   8.4900303e+03	   2.9243180e-05	
   8.5000296e+03	   2.5289710e-05	
   8.5100279e+03	   2.1726330e-05	
   8.5200272e+03	   1.8630250e-05	
   8.5300255e+03	   1.5932190e-05	
   8.5400248e+03	   1.3414300e-05	
   8.5500231e+03	   1.1287920e-05	
   8.5600224e+03	   9.4887620e-06	
   8.5700207e+03	   8.0077500e-06	
   8.5800200e+03	   6.7966970e-06	
   8.5900183e+03	   5.8162050e-06	
   8.6000175e+03	   4.9405630e-06	
   8.6100159e+03	   4.2175210e-06	
   8.6200151e+03	   3.6172100e-06	
   8.6300430e+03	   3.1147840e-06	
   8.6400709e+03	   2.6885000e-06	
   8.6500406e+03	   2.3227670e-06	
   8.6600399e+03	   2.0282910e-06	
   8.6700382e+03	   1.7618520e-06	
   8.6800375e+03	   1.5321390e-06	
   8.6900358e+03	   1.3611440e-06	
   8.7000351e+03	   1.2187360e-06	
   8.7100334e+03	   1.1012750e-06	
   8.7200327e+03	   1.0035520e-06	
   8.7300310e+03	   9.3206300e-07	
   8.7400303e+03	   8.7035540e-07	
   8.7500296e+03	   8.3207140e-07	
   8.7600279e+03	   7.9461120e-07	
   8.7700272e+03	   7.7115020e-07	
   8.7800255e+03	   7.5176080e-07	
   8.7900248e+03	   7.3275500e-07	
   8.8000231e+03	   7.0799760e-07	
   8.8100224e+03	   6.9346190e-07	
   8.8200207e+03	   6.8190360e-07	
   8.8300200e+03	   6.7037220e-07	
   8.8400183e+03	   6.5309970e-07	
   8.8500175e+03	   6.3707070e-07	
   8.8600159e+03	   6.3269060e-07	
   8.8700151e+03	   6.2756260e-07	
   8.8800430e+03	   6.1390660e-07	
   8.8900709e+03	   6.0510780e-07	
   8.9000120e+03	   6.0114280e-07	
   8.9100685e+03	   5.9747420e-07	
   8.9200382e+03	   5.9203610e-07	
   8.9300375e+03	   5.8381410e-07	
   8.9400358e+03	   5.7666890e-07	
   8.9500351e+03	   5.7190900e-07	
   8.9600334e+03	   5.6847750e-07	
   8.9700327e+03	   5.6281670e-07	
   8.9800310e+03	   5.6067840e-07	
   8.9900303e+03	   5.5605670e-07	
   9.0000296e+03	   5.4961820e-07	
   9.0100279e+03	   5.4360210e-07	
   9.0200558e+03	   5.3813760e-07	
   9.0300255e+03	   5.3205050e-07	
   9.0400248e+03	   5.2572880e-07	
   9.0500231e+03	   5.1948960e-07	
   9.0600224e+03	   5.1396970e-07	
   9.0700207e+03	   5.0803380e-07	
   9.0800200e+03	   5.0079560e-07	
   9.0900183e+03	   4.9565510e-07	
   9.1000175e+03	   4.9173910e-07	
   9.1100159e+03	   4.8440110e-07	
   9.1200151e+03	   4.7753790e-07	
   9.1300430e+03	   4.7227460e-07	
   9.1400423e+03	   4.6667020e-07	
   9.1500406e+03	   4.6164510e-07	
   9.1600399e+03	   4.5946980e-07	
   9.1700382e+03	   4.5444130e-07	
   9.1800375e+03	   4.4804520e-07	
   9.1900358e+03	   4.4147540e-07	
   9.2000351e+03	   4.3759040e-07	
   9.2100334e+03	   4.3515780e-07	
   9.2200327e+03	   4.3230720e-07	
   9.2300606e+03	   4.2775520e-07	
   9.2400303e+03	   4.2170890e-07	
   9.2500296e+03	   4.1764020e-07	
   9.2600279e+03	   4.1418710e-07	
   9.2700272e+03	   4.0873030e-07	
   9.2800255e+03	   4.0269940e-07	
   9.2899952e+03	   3.9910720e-07	
   9.3000231e+03	   3.9376700e-07	
   9.3100224e+03	   3.8979700e-07	
   9.3200207e+03	   3.8592570e-07	
   9.3300200e+03	   3.7930210e-07	
   9.3400183e+03	   3.7534090e-07	
   9.3499880e+03	   3.7086640e-07	
   9.3600159e+03	   3.6635150e-07	
   9.3699856e+03	   3.6130380e-07	
   9.3800430e+03	   3.5644330e-07	
   9.3900127e+03	   3.5090540e-07	
   9.4000406e+03	   3.4659440e-07	
   9.4100399e+03	   3.4137200e-07	
   9.4200382e+03	   3.3672550e-07	
   9.4300079e+03	   3.3194510e-07	
   9.4400072e+03	   3.2720060e-07	
   9.4500351e+03	   3.2164790e-07	
   9.4600334e+03	   3.1642220e-07	
   9.4700327e+03	   3.1158110e-07	
   9.4800024e+03	   3.0609540e-07	
   9.4900303e+03	   3.0035590e-07	
   9.5000000e+03	   2.9441110e-07	
   9.5100279e+03	   2.8883810e-07	
   9.5199976e+03	   2.8312940e-07	
   9.5300255e+03	   2.7722770e-07	
   9.5399952e+03	   2.7156600e-07	
   9.5500231e+03	   2.6563240e-07	
   9.5600224e+03	   2.6003410e-07	
   9.5700207e+03	   2.5436200e-07	
   9.5799904e+03	   2.4904710e-07	
   9.5900183e+03	   2.4368190e-07	
   9.6000175e+03	   2.3865600e-07	
   9.6099873e+03	   2.3372210e-07	
   9.6200151e+03	   2.2895630e-07	
   9.6300430e+03	   2.2445170e-07	
   9.6400423e+03	   2.2008060e-07	
   9.6500406e+03	   2.1587060e-07	
   9.6600103e+03	   2.1184950e-07	
   9.6700382e+03	   2.0777980e-07	
   9.6800375e+03	   2.0412240e-07	
   9.6900072e+03	   2.0058920e-07	
   9.7000351e+03	   1.9715960e-07	
   9.7100048e+03	   1.9419380e-07	
   9.7200327e+03	   1.9127410e-07	
   9.7300310e+03	   1.8854490e-07	
   9.7400007e+03	   1.8600560e-07	
   9.7500000e+03	   1.8357530e-07	
   9.7600279e+03	   1.8111240e-07	
   9.7699976e+03	   1.7877240e-07	
   9.7800255e+03	   1.7645450e-07	
   9.7899952e+03	   1.7416810e-07	
   9.8000231e+03	   1.7192250e-07	
   9.8100224e+03	   1.6958170e-07	
   9.8199921e+03	   1.6735460e-07	
   9.8300200e+03	   1.6517590e-07	
   9.8399897e+03	   1.6303330e-07	
   9.8500175e+03	   1.6100930e-07	
   9.8599873e+03	   1.5913130e-07	
   9.8700151e+03	   1.5737860e-07	
   9.8800144e+03	   1.5553430e-07	
   9.8900423e+03	   1.5398900e-07	
   9.9000120e+03	   1.5224240e-07	
   9.9100399e+03	   1.5054890e-07	
   9.9200382e+03	   1.4888070e-07	
   9.9300079e+03	   1.4736600e-07	
   9.9400358e+03	   1.4572450e-07	
   9.9500055e+03	   1.4401650e-07	
   9.9600334e+03	   1.4228720e-07	
   9.9700031e+03	   1.4050440e-07	
   9.9800310e+03	   1.3863700e-07	
   9.9900303e+03	   1.3631450e-07	
   1.0000030e+04	   1.3419490e-07	
