   6.0000000e+03	   2.8800570e-04	
   6.0100279e+03	   2.8795030e-04	
   6.0200267e+03	   2.8794470e-04	
   6.0300255e+03	   2.8796890e-04	
   6.0400243e+03	   2.8796240e-04	
   6.0500236e+03	   2.8795430e-04	
   6.0600224e+03	   2.8795930e-04	
   6.0700212e+03	   2.8795840e-04	
   6.0800200e+03	   2.8796250e-04	
   6.0900187e+03	   2.8796300e-04	
   6.1000175e+03	   2.8795910e-04	
   6.1100163e+03	   2.8795620e-04	
   6.1200151e+03	   2.8795680e-04	
   6.1300430e+03	   2.8796570e-04	
   6.1400418e+03	   2.8796090e-04	
   6.1500406e+03	   2.8796420e-04	
   6.1600394e+03	   2.8796540e-04	
   6.1700387e+03	   2.8796800e-04	
   6.1800375e+03	   2.8796580e-04	
   6.1900363e+03	   2.8796970e-04	
   6.2000351e+03	   2.8796930e-04	
   6.2100339e+03	   2.8796960e-04	
   6.2200327e+03	   2.8796990e-04	
   6.2300315e+03	   2.8797560e-04	
   6.2400303e+03	   2.8796420e-04	
   6.2500291e+03	   2.8798130e-04	
   6.2600279e+03	   2.8796920e-04	
   6.2700267e+03	   2.8796700e-04	
   6.2800255e+03	   2.8796660e-04	
   6.2899952e+03	   2.8797260e-04	
   6.3000526e+03	   2.8796490e-04	
   6.3100224e+03	   2.8796990e-04	
   6.3200212e+03	   2.8798250e-04	
   6.3300200e+03	   2.8797360e-04	
   6.3400187e+03	   2.8796860e-04	
   6.3500175e+03	   2.8798200e-04	
   6.3600454e+03	   2.8797550e-04	
   6.3699861e+03	   2.8797810e-04	
   6.3800430e+03	   2.8797410e-04	
   6.3900418e+03	   2.8798360e-04	
   6.4000406e+03	   2.8798150e-04	
   6.4100394e+03	   2.8798180e-04	
   6.4200387e+03	   2.8798180e-04	
   6.4300375e+03	   2.8797650e-04	
   6.4400363e+03	   2.8798290e-04	
   6.4500351e+03	   2.8797960e-04	
   6.4600339e+03	   2.8798830e-04	
   6.4700327e+03	   2.8798110e-04	
   6.4800315e+03	   2.8799280e-04	
   6.4900303e+03	   2.8799010e-04	
   6.5000291e+03	   2.8798200e-04	
   6.5100279e+03	   2.8798220e-04	
   6.5200267e+03	   2.8798750e-04	
   6.5300255e+03	   2.8799070e-04	
   6.5400243e+03	   2.8798510e-04	
   6.5500236e+03	   2.8798590e-04	
   6.5600224e+03	   2.8798540e-04	
   6.5700212e+03	   2.8799150e-04	
   6.5800200e+03	   2.8798960e-04	
   6.5900187e+03	   2.8799350e-04	
   6.6000466e+03	   2.8797270e-04	
   6.6100163e+03	   2.8798020e-04	
   6.6200442e+03	   2.8797310e-04	
   6.6300430e+03	   2.8797320e-04	
   6.6400418e+03	   2.8797890e-04	
   6.6500406e+03	   2.8798000e-04	
   6.6600394e+03	   2.8798080e-04	
   6.6700387e+03	   2.8797400e-04	
   6.6800375e+03	   2.8797300e-04	
   6.6900363e+03	   2.8797630e-04	
   6.7000351e+03	   2.8796460e-04	
   6.7100339e+03	   2.8796700e-04	
   6.7200327e+03	   2.8796720e-04	
   6.7300315e+03	   2.8797670e-04	
   6.7400303e+03	   2.8795680e-04	
   6.7500291e+03	   2.8796310e-04	
   6.7600279e+03	   2.8795890e-04	
   6.7700267e+03	   2.8796210e-04	
   6.7800255e+03	   2.8795720e-04	
   6.7900243e+03	   2.8795870e-04	
   6.8000236e+03	   2.8796230e-04	
   6.8100224e+03	   2.8796100e-04	
   6.8200212e+03	   2.8796880e-04	
   6.8300200e+03	   2.8796170e-04	
   6.8399897e+03	   2.8797620e-04	
   6.8500175e+03	   2.8796260e-04	
   6.8600163e+03	   2.8796220e-04	
   6.8700151e+03	   2.8795950e-04	
   6.8800430e+03	   2.8796130e-04	
   6.8900418e+03	   2.8795050e-04	
   6.9000115e+03	   2.8796090e-04	
   6.9100394e+03	   2.8796260e-04	
   6.9200387e+03	   2.8796330e-04	
   6.9300375e+03	   2.8795570e-04	
   6.9400363e+03	   2.8796600e-04	
   6.9500351e+03	   2.8798100e-04	
   6.9600339e+03	   2.8797960e-04	
   6.9700327e+03	   2.8798660e-04	
   6.9800315e+03	   2.8798060e-04	
   6.9900303e+03	   2.8798480e-04	
   7.0000291e+03	   2.8798630e-04	
   7.0100279e+03	   2.8799070e-04	
   7.0200267e+03	   2.8799610e-04	
   7.0300255e+03	   2.8799590e-04	
   7.0400243e+03	   2.8799840e-04	
   7.0500236e+03	   2.8801000e-04	
   7.0600224e+03	   2.8801880e-04	
   7.0700212e+03	   2.8801870e-04	
   7.0800200e+03	   2.8802800e-04	
   7.0900187e+03	   2.8803050e-04	
   7.1000175e+03	   2.8804230e-04	
   7.1100163e+03	   2.8804920e-04	
   7.1200151e+03	   2.8806900e-04	
   7.1300430e+03	   2.8806830e-04	
   7.1400418e+03	   2.8807910e-04	
   7.1500406e+03	   2.8807890e-04	
   7.1600394e+03	   2.8809910e-04	
   7.1700387e+03	   2.8810220e-04	
   7.1800375e+03	   2.8812210e-04	
   7.1900363e+03	   2.8812800e-04	
   7.2000351e+03	   2.8814950e-04	
   7.2100339e+03	   2.8816440e-04	
   7.2200327e+03	   2.8816720e-04	
   7.2300315e+03	   2.8818560e-04	
   7.2400303e+03	   2.8818820e-04	
   7.2500291e+03	   2.8820300e-04	
   7.2600279e+03	   2.8823460e-04	
   7.2700267e+03	   2.8825000e-04	
   7.2800255e+03	   2.8826700e-04	
   7.2900243e+03	   2.8829340e-04	
   7.3000236e+03	   2.8829420e-04	
   7.3100224e+03	   2.8830090e-04	
   7.3200212e+03	   2.8830950e-04	
   7.3300200e+03	   2.8832500e-04	
   7.3400187e+03	   2.8834370e-04	
   7.3500175e+03	   2.8835790e-04	
   7.3600163e+03	   2.8836670e-04	
   7.3700151e+03	   2.8837740e-04	
   7.3800430e+03	   2.8839350e-04	
   7.3900418e+03	   2.8839580e-04	
   7.4000406e+03	   2.8840500e-04	
   7.4100394e+03	   2.8840510e-04	
   7.4200387e+03	   2.8842090e-04	
   7.4300666e+03	   2.8839760e-04	
   7.4400072e+03	   2.8844150e-04	
   7.4500642e+03	   2.8844140e-04	
   7.4600339e+03	   2.8845140e-04	
   7.4700327e+03	   2.8846230e-04	
   7.4800315e+03	   2.8846230e-04	
   7.4900303e+03	   2.8846770e-04	
   7.5000291e+03	   2.8848360e-04	
   7.5100570e+03	   2.8849370e-04	
   7.5200267e+03	   2.8849880e-04	
   7.5300255e+03	   2.8850170e-04	
   7.5400243e+03	   2.8852990e-04	
   7.5500236e+03	   2.8852970e-04	
   7.5600224e+03	   2.8853010e-04	
   7.5700212e+03	   2.8853910e-04	
   7.5800200e+03	   2.8854200e-04	
   7.5900187e+03	   2.8854580e-04	
   7.6000466e+03	   2.8855520e-04	
   7.6100163e+03	   2.8855670e-04	
   7.6200151e+03	   2.8856400e-04	
   7.6300430e+03	   2.8857640e-04	
   7.6400418e+03	   2.8857780e-04	
   7.6500406e+03	   2.8858130e-04	
   7.6600394e+03	   2.8858830e-04	
   7.6700387e+03	   2.8860500e-04	
   7.6800375e+03	   2.8859620e-04	
   7.6900363e+03	   2.8860140e-04	
   7.7000351e+03	   2.8860470e-04	
   7.7100339e+03	   2.8862210e-04	
   7.7200327e+03	   2.8862670e-04	
   7.7300315e+03	   2.8863560e-04	
   7.7400303e+03	   2.8863590e-04	
   7.7500291e+03	   2.8864480e-04	
   7.7600279e+03	   2.8863930e-04	
   7.7700267e+03	   2.8863520e-04	
   7.7800255e+03	   2.8864660e-04	
   7.7900243e+03	   2.8865680e-04	
   7.8000236e+03	   2.8866330e-04	
   7.8100224e+03	   2.8866220e-04	
   7.8200212e+03	   2.8865810e-04	
   7.8300200e+03	   2.8865730e-04	
   7.8400187e+03	   2.8866310e-04	
   7.8500175e+03	   2.8865870e-04	
   7.8600163e+03	   2.8866020e-04	
   7.8700151e+03	   2.8866130e-04	
   7.8800430e+03	   2.8865830e-04	
   7.8900418e+03	   2.8865420e-04	
   7.9000406e+03	   2.8865750e-04	
   7.9100394e+03	   2.8863120e-04	
   7.9200387e+03	   2.8861710e-04	
   7.9300079e+03	   2.8862480e-04	
   7.9400363e+03	   2.8860280e-04	
   7.9500351e+03	   2.8856940e-04	
   7.9600339e+03	   2.8855510e-04	
   7.9700327e+03	   2.8853380e-04	
   7.9800315e+03	   2.8849870e-04	
   7.9900303e+03	   2.8846030e-04	
   8.0000296e+03	   2.8840030e-04	
   8.0100279e+03	   2.8835210e-04	
   8.0200272e+03	   2.8828360e-04	
   8.0300255e+03	   2.8821010e-04	
   8.0400248e+03	   2.8811540e-04	
   8.0500231e+03	   2.8798370e-04	
   8.0600224e+03	   2.8783400e-04	
   8.0699921e+03	   2.8766830e-04	
   8.0800486e+03	   2.8743430e-04	
   8.0900183e+03	   2.8715910e-04	
   8.1000175e+03	   2.8683910e-04	
   8.1100159e+03	   2.8641710e-04	
   8.1200151e+03	   2.8592780e-04	
   8.1300430e+03	   2.8533310e-04	
   8.1400423e+03	   2.8468390e-04	
   8.1500702e+03	   2.8387220e-04	
   8.1600399e+03	   2.8297170e-04	
   8.1700382e+03	   2.8187570e-04	
   8.1800375e+03	   2.8058080e-04	
   8.1900358e+03	   2.7913380e-04	
   8.2000351e+03	   2.7742220e-04	
   8.2100334e+03	   2.7542460e-04	
   8.2200327e+03	   2.7312160e-04	
   8.2300310e+03	   2.7051890e-04	
   8.2400303e+03	   2.6751020e-04	
   8.2500296e+03	   2.6412310e-04	
   8.2600279e+03	   2.6044680e-04	
   8.2700558e+03	   2.5608960e-04	
   8.2800255e+03	   2.5136630e-04	
   8.2900248e+03	   2.4622970e-04	
   8.3000526e+03	   2.4050020e-04	
   8.3100224e+03	   2.3458690e-04	
   8.3200207e+03	   2.2812300e-04	
   8.3300200e+03	   2.2122510e-04	
   8.3400183e+03	   2.1423280e-04	
   8.3500175e+03	   2.0676990e-04	
   8.3600159e+03	   1.9902770e-04	
   8.3700151e+03	   1.9107730e-04	
   8.3800430e+03	   1.8290860e-04	
   8.3900423e+03	   1.7460430e-04	
   8.4000406e+03	   1.6626940e-04	
   8.4100399e+03	   1.5819950e-04	
   8.4200382e+03	   1.4963370e-04	
   8.4300375e+03	   1.4129270e-04	
   8.4400358e+03	   1.3297210e-04	
   8.4500351e+03	   1.2444880e-04	
   8.4600334e+03	   1.1594520e-04	
   8.4700327e+03	   1.0763950e-04	
   8.4800310e+03	   9.9356480e-05	
   8.4900303e+03	   9.1305330e-05	
   8.5000296e+03	   8.3680200e-05	
   8.5100279e+03	   7.6110730e-05	
   8.5200272e+03	   6.9015150e-05	
   8.5300255e+03	   6.2381580e-05	
   8.5400248e+03	   5.5923820e-05	
   8.5500231e+03	   4.9940830e-05	
   8.5600224e+03	   4.4417890e-05	
   8.5700207e+03	   3.9368170e-05	
   8.5800200e+03	   3.4595750e-05	
   8.5900183e+03	   3.0337340e-05	
   8.6000175e+03	   2.6435140e-05	
   8.6099873e+03	   2.2909350e-05	
   8.6200151e+03	   1.9936030e-05	
   8.6300144e+03	   1.7111800e-05	
   8.6400709e+03	   1.4546370e-05	
   8.6500406e+03	   1.2511750e-05	
   8.6600399e+03	   1.0511540e-05	
   8.6700382e+03	   8.8541460e-06	
   8.6800375e+03	   7.5095520e-06	
   8.6900358e+03	   6.2626170e-06	
   8.7000351e+03	   5.2671100e-06	
   8.7100334e+03	   4.4592080e-06	
   8.7200327e+03	   3.8222810e-06	
   8.7300310e+03	   3.2848410e-06	
   8.7400303e+03	   2.8629630e-06	
   8.7500296e+03	   2.5000690e-06	
   8.7600279e+03	   2.1567030e-06	
   8.7700272e+03	   1.8776010e-06	
   8.7799969e+03	   1.6550050e-06	
   8.7900248e+03	   1.4632460e-06	
   8.8000231e+03	   1.3327210e-06	
   8.8100224e+03	   1.1779800e-06	
   8.8200207e+03	   1.0453730e-06	
   8.8300200e+03	   9.4114030e-07	
   8.8400183e+03	   8.5816240e-07	
   8.8500175e+03	   8.0513220e-07	
   8.8600159e+03	   7.6554650e-07	
   8.8700151e+03	   7.1720920e-07	
   8.8800430e+03	   6.7574680e-07	
   8.8900423e+03	   6.3921850e-07	
   8.9000406e+03	   6.1478670e-07	
   8.9100399e+03	   5.9999060e-07	
   8.9200382e+03	   5.8607650e-07	
   8.9300375e+03	   5.7672670e-07	
   8.9400358e+03	   5.7082320e-07	
   8.9500351e+03	   5.6735160e-07	
   8.9600334e+03	   5.5944810e-07	
   8.9700327e+03	   5.4661090e-07	
   8.9800310e+03	   5.3900170e-07	
   8.9900007e+03	   5.2819660e-07	
   9.0000582e+03	   5.2324460e-07	
   9.0100279e+03	   5.1425170e-07	
   9.0200558e+03	   5.0612400e-07	
   9.0299969e+03	   4.9967330e-07	
   9.0400534e+03	   4.9687830e-07	
   9.0500231e+03	   4.9305610e-07	
   9.0600224e+03	   4.8603540e-07	
   9.0700207e+03	   4.7992950e-07	
   9.0800200e+03	   4.7423850e-07	
   9.0900183e+03	   4.6767300e-07	
   9.1000175e+03	   4.6246160e-07	
   9.1100159e+03	   4.5756520e-07	
   9.1200151e+03	   4.5206720e-07	
   9.1300430e+03	   4.4728240e-07	
   9.1400423e+03	   4.4175320e-07	
   9.1500406e+03	   4.3676030e-07	
   9.1600399e+03	   4.3157350e-07	
   9.1700382e+03	   4.2736100e-07	
   9.1800375e+03	   4.2189790e-07	
   9.1900358e+03	   4.1546680e-07	
   9.2000351e+03	   4.0971360e-07	
   9.2100334e+03	   4.0588180e-07	
   9.2200031e+03	   4.0229040e-07	
   9.2300606e+03	   3.9875540e-07	
   9.2400303e+03	   3.9253990e-07	
   9.2500296e+03	   3.8559780e-07	
   9.2600279e+03	   3.8407000e-07	
   9.2700272e+03	   3.8059920e-07	
   9.2800255e+03	   3.7584990e-07	
   9.2899952e+03	   3.7066540e-07	
   9.3000231e+03	   3.6613350e-07	
   9.3100224e+03	   3.6229200e-07	
   9.3200207e+03	   3.5943620e-07	
   9.3300200e+03	   3.5575740e-07	
   9.3400183e+03	   3.5164010e-07	
   9.3500175e+03	   3.4882630e-07	
   9.3600159e+03	   3.4553390e-07	
   9.3699856e+03	   3.4176890e-07	
   9.3800430e+03	   3.3816190e-07	
   9.3900127e+03	   3.3437390e-07	
   9.4000406e+03	   3.3029050e-07	
   9.4100399e+03	   3.2689270e-07	
   9.4200382e+03	   3.2340340e-07	
   9.4300375e+03	   3.1970010e-07	
   9.4400072e+03	   3.1625960e-07	
   9.4500351e+03	   3.1160890e-07	
   9.4600334e+03	   3.0746840e-07	
   9.4700327e+03	   3.0396280e-07	
   9.4800024e+03	   2.9987390e-07	
   9.4900303e+03	   2.9577520e-07	
   9.5000000e+03	   2.9156930e-07	
   9.5100279e+03	   2.8768960e-07	
   9.5199976e+03	   2.8396510e-07	
   9.5300255e+03	   2.7998380e-07	
   9.5399952e+03	   2.7606810e-07	
   9.5500231e+03	   2.7239220e-07	
   9.5600224e+03	   2.6844970e-07	
   9.5700207e+03	   2.6457010e-07	
   9.5799904e+03	   2.6065360e-07	
   9.5900183e+03	   2.5684560e-07	
   9.6000175e+03	   2.5262110e-07	
   9.6099873e+03	   2.4883710e-07	
   9.6200151e+03	   2.4490610e-07	
   9.6300430e+03	   2.4056350e-07	
   9.6400423e+03	   2.3668540e-07	
   9.6500120e+03	   2.3271950e-07	
   9.6600399e+03	   2.2835870e-07	
   9.6700382e+03	   2.2430540e-07	
   9.6800375e+03	   2.2054140e-07	
   9.6900072e+03	   2.1610320e-07	
   9.7000351e+03	   2.1225900e-07	
   9.7100048e+03	   2.0874820e-07	
   9.7200327e+03	   2.0544190e-07	
   9.7300310e+03	   2.0211030e-07	
   9.7400007e+03	   1.9954110e-07	
   9.7500000e+03	   1.9669840e-07	
   9.7600279e+03	   1.9401990e-07	
   9.7700272e+03	   1.9158570e-07	
   9.7800255e+03	   1.8939950e-07	
   9.7899952e+03	   1.8750210e-07	
   9.8000231e+03	   1.8553180e-07	
   9.8099928e+03	   1.8364520e-07	
   9.8200207e+03	   1.8177150e-07	
   9.8299904e+03	   1.8006900e-07	
   9.8400183e+03	   1.7863130e-07	
   9.8499880e+03	   1.7712050e-07	
   9.8600159e+03	   1.7483640e-07	
   9.8700151e+03	   1.7282960e-07	
   9.8800144e+03	   1.7120440e-07	
   9.8900423e+03	   1.6924380e-07	
   9.9000406e+03	   1.6684290e-07	
   9.9100103e+03	   1.6476540e-07	
   9.9200382e+03	   1.6271380e-07	
   9.9300079e+03	   1.6047950e-07	
   9.9400358e+03	   1.5860500e-07	
   9.9500055e+03	   1.5632650e-07	
   9.9600334e+03	   1.5446760e-07	
   9.9700031e+03	   1.5239340e-07	
   9.9800310e+03	   1.5050540e-07	
   9.9900303e+03	   1.4840710e-07	
   1.0000000e+04	   1.4640530e-07	
