   6.0000000e+03	   2.8774450e-04	
   6.0099988e+03	   2.8767660e-04	
   6.0200558e+03	   2.8767740e-04	
   6.0299964e+03	   2.8767610e-04	
   6.0400243e+03	   2.8768170e-04	
   6.0500236e+03	   2.8768960e-04	
   6.0600224e+03	   2.8769000e-04	
   6.0700212e+03	   2.8767990e-04	
   6.0800200e+03	   2.8768270e-04	
   6.0900187e+03	   2.8768150e-04	
   6.1000175e+03	   2.8768830e-04	
   6.1100163e+03	   2.8768540e-04	
   6.1200151e+03	   2.8769080e-04	
   6.1300430e+03	   2.8767970e-04	
   6.1400418e+03	   2.8767530e-04	
   6.1500702e+03	   2.8767920e-04	
   6.1600103e+03	   2.8767990e-04	
   6.1700387e+03	   2.8767740e-04	
   6.1800375e+03	   2.8767650e-04	
   6.1900363e+03	   2.8767120e-04	
   6.2000351e+03	   2.8767460e-04	
   6.2100339e+03	   2.8767340e-04	
   6.2200327e+03	   2.8768190e-04	
   6.2300315e+03	   2.8767220e-04	
   6.2400303e+03	   2.8767060e-04	
   6.2500291e+03	   2.8766270e-04	
   6.2600279e+03	   2.8766510e-04	
   6.2700267e+03	   2.8767040e-04	
   6.2800255e+03	   2.8766600e-04	
   6.2899952e+03	   2.8766780e-04	
   6.3000236e+03	   2.8766120e-04	
   6.3100514e+03	   2.8765400e-04	
   6.3199921e+03	   2.8766060e-04	
   6.3300200e+03	   2.8765820e-04	
   6.3400187e+03	   2.8766200e-04	
   6.3500175e+03	   2.8767460e-04	
   6.3600454e+03	   2.8765050e-04	
   6.3700151e+03	   2.8766720e-04	
   6.3800430e+03	   2.8766330e-04	
   6.3900418e+03	   2.8766390e-04	
   6.4000406e+03	   2.8765440e-04	
   6.4100394e+03	   2.8765490e-04	
   6.4200387e+03	   2.8765970e-04	
   6.4300375e+03	   2.8766280e-04	
   6.4400363e+03	   2.8766030e-04	
   6.4500351e+03	   2.8766230e-04	
   6.4600339e+03	   2.8765270e-04	
   6.4700327e+03	   2.8765790e-04	
   6.4800315e+03	   2.8765460e-04	
   6.4900303e+03	   2.8765110e-04	
   6.5000291e+03	   2.8765090e-04	
   6.5100279e+03	   2.8766130e-04	
   6.5200267e+03	   2.8765640e-04	
   6.5300255e+03	   2.8766090e-04	
   6.5400243e+03	   2.8765750e-04	
   6.5500236e+03	   2.8766050e-04	
   6.5600224e+03	   2.8766330e-04	
   6.5700212e+03	   2.8765480e-04	
   6.5800200e+03	   2.8766640e-04	
   6.5900187e+03	   2.8765500e-04	
   6.6000466e+03	   2.8764410e-04	
   6.6100163e+03	   2.8765200e-04	
   6.6200151e+03	   2.8764890e-04	
   6.6300430e+03	   2.8765370e-04	
   6.6400418e+03	   2.8765030e-04	
   6.6500406e+03	   2.8764820e-04	
   6.6600690e+03	   2.8765370e-04	
   6.6700387e+03	   2.8765170e-04	
   6.6800375e+03	   2.8764610e-04	
   6.6900363e+03	   2.8764650e-04	
   6.7000351e+03	   2.8764910e-04	
   6.7100339e+03	   2.8764860e-04	
   6.7200327e+03	   2.8765850e-04	
   6.7300315e+03	   2.8765870e-04	
   6.7400303e+03	   2.8764840e-04	
   6.7500291e+03	   2.8765580e-04	
   6.7600279e+03	   2.8766430e-04	
   6.7700267e+03	   2.8766460e-04	
   6.7800255e+03	   2.8765980e-04	
   6.7900243e+03	   2.8766550e-04	
   6.8000236e+03	   2.8766590e-04	
   6.8100224e+03	   2.8766100e-04	
   6.8200212e+03	   2.8766190e-04	
   6.8300200e+03	   2.8768030e-04	
   6.8399897e+03	   2.8768000e-04	
   6.8500175e+03	   2.8767640e-04	
   6.8600163e+03	   2.8768170e-04	
   6.8700151e+03	   2.8768570e-04	
   6.8800430e+03	   2.8768650e-04	
   6.8900709e+03	   2.8768340e-04	
   6.9000115e+03	   2.8769850e-04	
   6.9100394e+03	   2.8770370e-04	
   6.9200387e+03	   2.8769990e-04	
   6.9300375e+03	   2.8770830e-04	
   6.9400072e+03	   2.8772590e-04	
   6.9500642e+03	   2.8772060e-04	
   6.9600339e+03	   2.8772680e-04	
   6.9700036e+03	   2.8773800e-04	
   6.9800315e+03	   2.8773180e-04	
   6.9900303e+03	   2.8773460e-04	
   7.0000291e+03	   2.8775850e-04	
   7.0100279e+03	   2.8775450e-04	
   7.0200267e+03	   2.8776600e-04	
   7.0300255e+03	   2.8776660e-04	
   7.0400243e+03	   2.8778220e-04	
   7.0500236e+03	   2.8779340e-04	
   7.0600224e+03	   2.8779850e-04	
   7.0700212e+03	   2.8780200e-04	
   7.0800200e+03	   2.8781040e-04	
   7.0900187e+03	   2.8780800e-04	
   7.1000175e+03	   2.8782300e-04	
   7.1100163e+03	   2.8783860e-04	
   7.1200151e+03	   2.8783460e-04	
   7.1300430e+03	   2.8784220e-04	
   7.1400418e+03	   2.8785470e-04	
   7.1500406e+03	   2.8785660e-04	
   7.1600394e+03	   2.8786480e-04	
   7.1700387e+03	   2.8787400e-04	
   7.1800375e+03	   2.8789100e-04	
   7.1900363e+03	   2.8789360e-04	
   7.2000351e+03	   2.8789710e-04	
   7.2100339e+03	   2.8791430e-04	
   7.2200327e+03	   2.8790820e-04	
   7.2300606e+03	   2.8789880e-04	
   7.2400012e+03	   2.8793560e-04	
   7.2500291e+03	   2.8793390e-04	
   7.2600279e+03	   2.8794420e-04	
   7.2700267e+03	   2.8794830e-04	
   7.2800255e+03	   2.8795160e-04	
   7.2900243e+03	   2.8796470e-04	
   7.3000236e+03	   2.8796000e-04	
   7.3100514e+03	   2.8794810e-04	
   7.3199921e+03	   2.8797380e-04	
   7.3300200e+03	   2.8796830e-04	
   7.3400187e+03	   2.8798680e-04	
   7.3500175e+03	   2.8798600e-04	
   7.3600163e+03	   2.8799100e-04	
   7.3700151e+03	   2.8799230e-04	
   7.3800430e+03	   2.8799700e-04	
   7.3900418e+03	   2.8799290e-04	
   7.4000406e+03	   2.8799810e-04	
   7.4100394e+03	   2.8800050e-04	
   7.4200387e+03	   2.8801250e-04	
   7.4300375e+03	   2.8801700e-04	
   7.4400072e+03	   2.8801410e-04	
   7.4500642e+03	   2.8802200e-04	
   7.4600339e+03	   2.8803160e-04	
   7.4700327e+03	   2.8803060e-04	
   7.4800315e+03	   2.8803190e-04	
   7.4900303e+03	   2.8803990e-04	
   7.5000291e+03	   2.8803560e-04	
   7.5100279e+03	   2.8805030e-04	
   7.5200267e+03	   2.8805320e-04	
   7.5300255e+03	   2.8805270e-04	
   7.5400243e+03	   2.8805150e-04	
   7.5500236e+03	   2.8805520e-04	
   7.5600224e+03	   2.8806460e-04	
   7.5700212e+03	   2.8806950e-04	
   7.5800200e+03	   2.8806610e-04	
   7.5900187e+03	   2.8807490e-04	
   7.6000175e+03	   2.8807680e-04	
   7.6100163e+03	   2.8808500e-04	
   7.6200151e+03	   2.8808170e-04	
   7.6300430e+03	   2.8808610e-04	
   7.6400418e+03	   2.8808340e-04	
   7.6500702e+03	   2.8808820e-04	
   7.6600394e+03	   2.8810210e-04	
   7.6700387e+03	   2.8809600e-04	
   7.6800375e+03	   2.8810890e-04	
   7.6900363e+03	   2.8810760e-04	
   7.7000351e+03	   2.8811610e-04	
   7.7100339e+03	   2.8811000e-04	
   7.7200327e+03	   2.8810780e-04	
   7.7300315e+03	   2.8811370e-04	
   7.7400303e+03	   2.8810980e-04	
   7.7500291e+03	   2.8812500e-04	
   7.7600279e+03	   2.8812180e-04	
   7.7700267e+03	   2.8812090e-04	
   7.7800255e+03	   2.8812460e-04	
   7.7900243e+03	   2.8813260e-04	
   7.8000236e+03	   2.8813670e-04	
   7.8100224e+03	   2.8812980e-04	
   7.8200212e+03	   2.8812790e-04	
   7.8300200e+03	   2.8813200e-04	
   7.8400187e+03	   2.8812380e-04	
   7.8500175e+03	   2.8813020e-04	
   7.8600163e+03	   2.8812290e-04	
   7.8700151e+03	   2.8812050e-04	
   7.8800430e+03	   2.8810990e-04	
   7.8900418e+03	   2.8811430e-04	
   7.9000406e+03	   2.8809860e-04	
   7.9100394e+03	   2.8808840e-04	
   7.9200387e+03	   2.8807890e-04	
   7.9300375e+03	   2.8806680e-04	
   7.9400363e+03	   2.8805660e-04	
   7.9500351e+03	   2.8802680e-04	
   7.9600339e+03	   2.8800110e-04	
   7.9700327e+03	   2.8795330e-04	
   7.9800315e+03	   2.8793840e-04	
   7.9900303e+03	   2.8789660e-04	
   8.0000296e+03	   2.8785180e-04	
   8.0100279e+03	   2.8778120e-04	
   8.0200272e+03	   2.8773020e-04	
   8.0300255e+03	   2.8764490e-04	
   8.0400248e+03	   2.8754360e-04	
   8.0500231e+03	   2.8742260e-04	
   8.0600224e+03	   2.8725700e-04	
   8.0699921e+03	   2.8707960e-04	
   8.0800486e+03	   2.8682300e-04	
   8.0900183e+03	   2.8654730e-04	
   8.1000175e+03	   2.8621070e-04	
   8.1100159e+03	   2.8579990e-04	
   8.1200151e+03	   2.8531910e-04	
   8.1300430e+03	   2.8474620e-04	
   8.1400423e+03	   2.8409320e-04	
   8.1500406e+03	   2.8331180e-04	
   8.1600399e+03	   2.8243220e-04	
   8.1700382e+03	   2.8136230e-04	
   8.1800375e+03	   2.8010670e-04	
   8.1900358e+03	   2.7867030e-04	
   8.2000351e+03	   2.7700290e-04	
   8.2100334e+03	   2.7502950e-04	
   8.2200327e+03	   2.7280110e-04	
   8.2300606e+03	   2.7027420e-04	
   8.2400303e+03	   2.6731850e-04	
   8.2500296e+03	   2.6402980e-04	
   8.2600279e+03	   2.6040070e-04	
   8.2700272e+03	   2.5618210e-04	
   8.2800255e+03	   2.5162320e-04	
   8.2900248e+03	   2.4655230e-04	
   8.3000231e+03	   2.4092870e-04	
   8.3100224e+03	   2.3503030e-04	
   8.3200207e+03	   2.2865880e-04	
   8.3300200e+03	   2.2190520e-04	
   8.3400183e+03	   2.1492630e-04	
   8.3500175e+03	   2.0763770e-04	
   8.3600454e+03	   2.0003550e-04	
   8.3699856e+03	   1.9224150e-04	
   8.3800430e+03	   1.8420260e-04	
   8.3900423e+03	   1.7604570e-04	
   8.4000406e+03	   1.6773010e-04	
   8.4100399e+03	   1.5970560e-04	
   8.4200382e+03	   1.5126840e-04	
   8.4300375e+03	   1.4293260e-04	
   8.4400358e+03	   1.3457330e-04	
   8.4500351e+03	   1.2605680e-04	
   8.4600630e+03	   1.1767420e-04	
   8.4700327e+03	   1.0941730e-04	
   8.4800310e+03	   1.0122170e-04	
   8.4900303e+03	   9.3273560e-05	
   8.5000296e+03	   8.5694930e-05	
   8.5100279e+03	   7.8176280e-05	
   8.5200272e+03	   7.1097680e-05	
   8.5300255e+03	   6.4516670e-05	
   8.5400248e+03	   5.8090330e-05	
   8.5500231e+03	   5.2033880e-05	
   8.5600224e+03	   4.6303060e-05	
   8.5700207e+03	   4.0908320e-05	
   8.5800200e+03	   3.6005200e-05	
   8.5900183e+03	   3.1659810e-05	
   8.6000175e+03	   2.7755400e-05	
   8.6100159e+03	   2.4141390e-05	
   8.6200151e+03	   2.0973930e-05	
   8.6300144e+03	   1.7943310e-05	
   8.6400709e+03	   1.5498870e-05	
   8.6500406e+03	   1.3274950e-05	
   8.6600399e+03	   1.1255210e-05	
   8.6700382e+03	   9.5961280e-06	
   8.6800375e+03	   8.0459000e-06	
   8.6900358e+03	   6.7340860e-06	
   8.7000351e+03	   5.6510920e-06	
   8.7100334e+03	   4.7215450e-06	
   8.7200327e+03	   3.9990030e-06	
   8.7300310e+03	   3.3963750e-06	
   8.7400303e+03	   2.9023190e-06	
   8.7500296e+03	   2.5106960e-06	
   8.7600279e+03	   2.1534120e-06	
   8.7700272e+03	   1.8776540e-06	
   8.7799969e+03	   1.6860680e-06	
   8.7900534e+03	   1.5273350e-06	
   8.8000231e+03	   1.3534280e-06	
   8.8100224e+03	   1.1856160e-06	
   8.8200207e+03	   1.0399320e-06	
   8.8300200e+03	   9.4846330e-07	
   8.8400183e+03	   8.7709580e-07	
   8.8500175e+03	   7.8638800e-07	
   8.8600159e+03	   7.0759600e-07	
   8.8700151e+03	   6.5274670e-07	
   8.8800430e+03	   6.0888160e-07	
   8.8900709e+03	   5.8929530e-07	
   8.9000406e+03	   5.6247340e-07	
   8.9100685e+03	   5.4401860e-07	
   8.9200382e+03	   5.2789820e-07	
   8.9300375e+03	   5.0935530e-07	
   8.9400358e+03	   4.9108150e-07	
   8.9500351e+03	   4.9194320e-07	
   8.9600334e+03	   4.8125990e-07	
   8.9700327e+03	   4.6737950e-07	
   8.9800310e+03	   4.6290580e-07	
   8.9900303e+03	   4.6195880e-07	
   9.0000296e+03	   4.5792520e-07	
   9.0100279e+03	   4.5115350e-07	
   9.0200272e+03	   4.4380270e-07	
   9.0300255e+03	   4.3777270e-07	
   9.0400248e+03	   4.3298010e-07	
   9.0500231e+03	   4.2523140e-07	
   9.0600224e+03	   4.1934970e-07	
   9.0700207e+03	   4.1448870e-07	
   9.0800200e+03	   4.0900070e-07	
   9.0900183e+03	   4.0448050e-07	
   9.1000175e+03	   4.0003510e-07	
   9.1100159e+03	   3.9478280e-07	
   9.1200151e+03	   3.9023580e-07	
   9.1300430e+03	   3.8600300e-07	
   9.1400423e+03	   3.8175840e-07	
   9.1500702e+03	   3.7722390e-07	
   9.1600103e+03	   3.7250440e-07	
   9.1700382e+03	   3.6690350e-07	
   9.1800375e+03	   3.6269710e-07	
   9.1900358e+03	   3.6050730e-07	
   9.2000351e+03	   3.5670530e-07	
   9.2100334e+03	   3.5023440e-07	
   9.2200327e+03	   3.4421190e-07	
   9.2300606e+03	   3.4062620e-07	
   9.2400007e+03	   3.3822860e-07	
   9.2500296e+03	   3.3576800e-07	
   9.2600279e+03	   3.2924480e-07	
   9.2700272e+03	   3.2578200e-07	
   9.2800255e+03	   3.2310440e-07	
   9.2899952e+03	   3.1944650e-07	
   9.3000231e+03	   3.1604300e-07	
   9.3100224e+03	   3.1247050e-07	
   9.3200207e+03	   3.0784340e-07	
   9.3300200e+03	   3.0390370e-07	
   9.3400183e+03	   3.0042820e-07	
   9.3500175e+03	   2.9656540e-07	
   9.3600159e+03	   2.9252370e-07	
   9.3700151e+03	   2.8867880e-07	
   9.3800144e+03	   2.8501510e-07	
   9.3900423e+03	   2.8135680e-07	
   9.4000406e+03	   2.7783840e-07	
   9.4100103e+03	   2.7469670e-07	
   9.4200382e+03	   2.7075290e-07	
   9.4300375e+03	   2.6717750e-07	
   9.4400072e+03	   2.6365380e-07	
   9.4500351e+03	   2.6038060e-07	
   9.4600334e+03	   2.5752210e-07	
   9.4700327e+03	   2.5386130e-07	
   9.4800024e+03	   2.5039840e-07	
   9.4900303e+03	   2.4731470e-07	
   9.5000000e+03	   2.4418390e-07	
   9.5100279e+03	   2.4145630e-07	
   9.5199976e+03	   2.3770930e-07	
   9.5300255e+03	   2.3466120e-07	
   9.5399952e+03	   2.3164530e-07	
   9.5500231e+03	   2.2813090e-07	
   9.5600224e+03	   2.2459520e-07	
   9.5700207e+03	   2.2197780e-07	
   9.5799904e+03	   2.1799820e-07	
   9.5900183e+03	   2.1489720e-07	
   9.6000175e+03	   2.1147910e-07	
   9.6099873e+03	   2.0844940e-07	
   9.6200151e+03	   2.0531670e-07	
   9.6300430e+03	   2.0169120e-07	
   9.6400423e+03	   1.9883260e-07	
   9.6500120e+03	   1.9656380e-07	
   9.6600399e+03	   1.9298290e-07	
   9.6700382e+03	   1.9001520e-07	
   9.6800079e+03	   1.8805260e-07	
   9.6900358e+03	   1.8463930e-07	
   9.7000351e+03	   1.8146770e-07	
   9.7100048e+03	   1.7917960e-07	
   9.7200327e+03	   1.7674680e-07	
   9.7300310e+03	   1.7428040e-07	
   9.7400007e+03	   1.7183930e-07	
   9.7500000e+03	   1.6896850e-07	
   9.7600279e+03	   1.6611480e-07	
   9.7700272e+03	   1.6358870e-07	
   9.7800255e+03	   1.6143520e-07	
   9.7899952e+03	   1.5918250e-07	
   9.8000231e+03	   1.5693890e-07	
   9.8100224e+03	   1.5464930e-07	
   9.8200207e+03	   1.5271660e-07	
   9.8300200e+03	   1.5081310e-07	
   9.8399897e+03	   1.4946820e-07	
   9.8499880e+03	   1.4779210e-07	
   9.8600159e+03	   1.4585560e-07	
   9.8700151e+03	   1.4431010e-07	
   9.8800144e+03	   1.4324780e-07	
   9.8900423e+03	   1.4135800e-07	
   9.9000406e+03	   1.3944420e-07	
   9.9100103e+03	   1.3845440e-07	
   9.9200382e+03	   1.3676370e-07	
   9.9300079e+03	   1.3522740e-07	
   9.9400358e+03	   1.3381840e-07	
   9.9500351e+03	   1.3194810e-07	
   9.9600334e+03	   1.3063850e-07	
   9.9700031e+03	   1.2873310e-07	
   9.9800310e+03	   1.2712000e-07	
   9.9900007e+03	   1.2557140e-07	
   1.0000030e+04	   1.2366780e-07	
