   6.0000000e+03	   2.8785270e-04	
   6.0099988e+03	   2.8776820e-04	
   6.0200558e+03	   2.8776630e-04	
   6.0299964e+03	   2.8776420e-04	
   6.0400243e+03	   2.8777340e-04	
   6.0500236e+03	   2.8777180e-04	
   6.0600224e+03	   2.8776030e-04	
   6.0700212e+03	   2.8777520e-04	
   6.0800200e+03	   2.8777210e-04	
   6.0900187e+03	   2.8776800e-04	
   6.1000175e+03	   2.8777310e-04	
   6.1100163e+03	   2.8777790e-04	
   6.1200151e+03	   2.8778100e-04	
   6.1300430e+03	   2.8777560e-04	
   6.1400418e+03	   2.8777720e-04	
   6.1500702e+03	   2.8777200e-04	
   6.1600394e+03	   2.8777980e-04	
   6.1700387e+03	   2.8778540e-04	
   6.1800375e+03	   2.8778160e-04	
   6.1900363e+03	   2.8777780e-04	
   6.2000351e+03	   2.8779300e-04	
   6.2100339e+03	   2.8779550e-04	
   6.2200327e+03	   2.8778280e-04	
   6.2300315e+03	   2.8779220e-04	
   6.2400303e+03	   2.8778020e-04	
   6.2500291e+03	   2.8778410e-04	
   6.2600279e+03	   2.8778560e-04	
   6.2700267e+03	   2.8778710e-04	
   6.2800255e+03	   2.8778840e-04	
   6.2900243e+03	   2.8778470e-04	
   6.3000236e+03	   2.8778650e-04	
   6.3100224e+03	   2.8779100e-04	
   6.3200212e+03	   2.8778480e-04	
   6.3300200e+03	   2.8778190e-04	
   6.3400187e+03	   2.8779280e-04	
   6.3500175e+03	   2.8778320e-04	
   6.3600454e+03	   2.8777000e-04	
   6.3699861e+03	   2.8778300e-04	
   6.3800430e+03	   2.8778340e-04	
   6.3900418e+03	   2.8778820e-04	
   6.4000406e+03	   2.8778650e-04	
   6.4100394e+03	   2.8778770e-04	
   6.4200387e+03	   2.8778050e-04	
   6.4300375e+03	   2.8778390e-04	
   6.4400072e+03	   2.8778800e-04	
   6.4500642e+03	   2.8778360e-04	
   6.4600048e+03	   2.8778460e-04	
   6.4700327e+03	   2.8778200e-04	
   6.4800315e+03	   2.8778100e-04	
   6.4900303e+03	   2.8778810e-04	
   6.5000000e+03	   2.8778420e-04	
   6.5100570e+03	   2.8777460e-04	
   6.5200267e+03	   2.8778070e-04	
   6.5300255e+03	   2.8778610e-04	
   6.5400243e+03	   2.8778930e-04	
   6.5500236e+03	   2.8778440e-04	
   6.5600224e+03	   2.8777540e-04	
   6.5700212e+03	   2.8778520e-04	
   6.5800200e+03	   2.8777390e-04	
   6.5900187e+03	   2.8777880e-04	
   6.6000466e+03	   2.8777260e-04	
   6.6100163e+03	   2.8777610e-04	
   6.6200442e+03	   2.8777190e-04	
   6.6300430e+03	   2.8778600e-04	
   6.6400418e+03	   2.8778430e-04	
   6.6500406e+03	   2.8777640e-04	
   6.6600394e+03	   2.8777570e-04	
   6.6700387e+03	   2.8777500e-04	
   6.6800375e+03	   2.8777690e-04	
   6.6900363e+03	   2.8778080e-04	
   6.7000351e+03	   2.8778640e-04	
   6.7100339e+03	   2.8778870e-04	
   6.7200327e+03	   2.8777930e-04	
   6.7300315e+03	   2.8779140e-04	
   6.7400303e+03	   2.8778380e-04	
   6.7500291e+03	   2.8778600e-04	
   6.7600279e+03	   2.8778960e-04	
   6.7700267e+03	   2.8779420e-04	
   6.7800255e+03	   2.8779820e-04	
   6.7900243e+03	   2.8779370e-04	
   6.8000236e+03	   2.8779840e-04	
   6.8100224e+03	   2.8779800e-04	
   6.8200212e+03	   2.8779400e-04	
   6.8300200e+03	   2.8778680e-04	
   6.8399897e+03	   2.8780660e-04	
   6.8500175e+03	   2.8780710e-04	
   6.8600163e+03	   2.8781160e-04	
   6.8700151e+03	   2.8781700e-04	
   6.8800430e+03	   2.8782240e-04	
   6.8900418e+03	   2.8781930e-04	
   6.9000406e+03	   2.8782830e-04	
   6.9100394e+03	   2.8783100e-04	
   6.9200387e+03	   2.8784920e-04	
   6.9300375e+03	   2.8784620e-04	
   6.9400072e+03	   2.8785460e-04	
   6.9500642e+03	   2.8785130e-04	
   6.9600048e+03	   2.8787160e-04	
   6.9700327e+03	   2.8787370e-04	
   6.9800315e+03	   2.8787090e-04	
   6.9900303e+03	   2.8788040e-04	
   7.0000291e+03	   2.8789120e-04	
   7.0100279e+03	   2.8789610e-04	
   7.0200267e+03	   2.8789480e-04	
   7.0300255e+03	   2.8790580e-04	
   7.0400243e+03	   2.8791520e-04	
   7.0500236e+03	   2.8791420e-04	
   7.0600224e+03	   2.8792490e-04	
   7.0700212e+03	   2.8792860e-04	
   7.0800200e+03	   2.8794060e-04	
   7.0900187e+03	   2.8793320e-04	
   7.1000175e+03	   2.8794780e-04	
   7.1100163e+03	   2.8796390e-04	
   7.1200151e+03	   2.8796670e-04	
   7.1300430e+03	   2.8796620e-04	
   7.1400418e+03	   2.8797770e-04	
   7.1500406e+03	   2.8797930e-04	
   7.1600394e+03	   2.8799590e-04	
   7.1700387e+03	   2.8798910e-04	
   7.1800375e+03	   2.8800210e-04	
   7.1900363e+03	   2.8800750e-04	
   7.2000351e+03	   2.8802170e-04	
   7.2100339e+03	   2.8801990e-04	
   7.2200327e+03	   2.8803320e-04	
   7.2300315e+03	   2.8801420e-04	
   7.2400303e+03	   2.8802270e-04	
   7.2500291e+03	   2.8803150e-04	
   7.2600279e+03	   2.8803690e-04	
   7.2700267e+03	   2.8804760e-04	
   7.2800255e+03	   2.8806110e-04	
   7.2900243e+03	   2.8805480e-04	
   7.3000236e+03	   2.8806190e-04	
   7.3100514e+03	   2.8806670e-04	
   7.3200212e+03	   2.8807180e-04	
   7.3300200e+03	   2.8807880e-04	
   7.3400187e+03	   2.8808970e-04	
   7.3500175e+03	   2.8807500e-04	
   7.3600163e+03	   2.8809060e-04	
   7.3700151e+03	   2.8810000e-04	
   7.3800430e+03	   2.8810470e-04	
   7.3900418e+03	   2.8810820e-04	
   7.4000406e+03	   2.8810750e-04	
   7.4100394e+03	   2.8811450e-04	
   7.4200387e+03	   2.8812510e-04	
   7.4300375e+03	   2.8811800e-04	
   7.4400072e+03	   2.8813080e-04	
   7.4500642e+03	   2.8812770e-04	
   7.4600339e+03	   2.8813540e-04	
   7.4700327e+03	   2.8814610e-04	
   7.4800315e+03	   2.8813260e-04	
   7.4900303e+03	   2.8814680e-04	
   7.5000291e+03	   2.8815480e-04	
   7.5100279e+03	   2.8814520e-04	
   7.5200267e+03	   2.8816380e-04	
   7.5300255e+03	   2.8816720e-04	
   7.5400243e+03	   2.8817140e-04	
   7.5500236e+03	   2.8817670e-04	
   7.5600224e+03	   2.8816790e-04	
   7.5700212e+03	   2.8818200e-04	
   7.5800200e+03	   2.8818300e-04	
   7.5900187e+03	   2.8819860e-04	
   7.6000175e+03	   2.8820810e-04	
   7.6100163e+03	   2.8820440e-04	
   7.6200151e+03	   2.8821230e-04	
   7.6300430e+03	   2.8821270e-04	
   7.6400418e+03	   2.8822570e-04	
   7.6500702e+03	   2.8821930e-04	
   7.6600103e+03	   2.8823620e-04	
   7.6700387e+03	   2.8824040e-04	
   7.6800375e+03	   2.8824220e-04	
   7.6900363e+03	   2.8824200e-04	
   7.7000351e+03	   2.8825760e-04	
   7.7100339e+03	   2.8825510e-04	
   7.7200327e+03	   2.8825880e-04	
   7.7300315e+03	   2.8826990e-04	
   7.7400303e+03	   2.8826820e-04	
   7.7500291e+03	   2.8826550e-04	
   7.7600279e+03	   2.8826860e-04	
   7.7700267e+03	   2.8826630e-04	
   7.7800255e+03	   2.8828350e-04	
   7.7900243e+03	   2.8828460e-04	
   7.8000236e+03	   2.8828290e-04	
   7.8100224e+03	   2.8827860e-04	
   7.8200212e+03	   2.8828390e-04	
   7.8300200e+03	   2.8828030e-04	
   7.8400187e+03	   2.8828460e-04	
   7.8500175e+03	   2.8828320e-04	
   7.8600163e+03	   2.8827640e-04	
   7.8699861e+03	   2.8826290e-04	
   7.8800721e+03	   2.8824090e-04	
   7.8900418e+03	   2.8823580e-04	
   7.9000406e+03	   2.8822020e-04	
   7.9100394e+03	   2.8821170e-04	
   7.9200387e+03	   2.8820010e-04	
   7.9300375e+03	   2.8816140e-04	
   7.9400363e+03	   2.8813090e-04	
   7.9500351e+03	   2.8809630e-04	
   7.9600339e+03	   2.8807280e-04	
   7.9700327e+03	   2.8802240e-04	
   7.9800315e+03	   2.8796470e-04	
   7.9900303e+03	   2.8790010e-04	
   8.0000296e+03	   2.8781750e-04	
   8.0100279e+03	   2.8770520e-04	
   8.0200558e+03	   2.8757050e-04	
   8.0299969e+03	   2.8740450e-04	
   8.0400534e+03	   2.8720670e-04	
   8.0499945e+03	   2.8698470e-04	
   8.0600510e+03	   2.8669950e-04	
   8.0699921e+03	   2.8639240e-04	
   8.0800486e+03	   2.8601600e-04	
   8.0900183e+03	   2.8555920e-04	
   8.1000175e+03	   2.8503170e-04	
   8.1100159e+03	   2.8439920e-04	
   8.1200151e+03	   2.8368960e-04	
   8.1300430e+03	   2.8285540e-04	
   8.1400423e+03	   2.8190750e-04	
   8.1500702e+03	   2.8074130e-04	
   8.1600399e+03	   2.7942450e-04	
   8.1700382e+03	   2.7787810e-04	
   8.1800375e+03	   2.7602900e-04	
   8.1900358e+03	   2.7394860e-04	
   8.2000351e+03	   2.7152830e-04	
   8.2100334e+03	   2.6874070e-04	
   8.2200327e+03	   2.6562120e-04	
   8.2300310e+03	   2.6214080e-04	
   8.2400303e+03	   2.5819620e-04	
   8.2500296e+03	   2.5388440e-04	
   8.2600279e+03	   2.4925240e-04	
   8.2700558e+03	   2.4400490e-04	
   8.2800255e+03	   2.3842820e-04	
   8.2900248e+03	   2.3248940e-04	
   8.3000231e+03	   2.2599680e-04	
   8.3100510e+03	   2.1923130e-04	
   8.3199921e+03	   2.1210100e-04	
   8.3300486e+03	   2.0474710e-04	
   8.3400183e+03	   1.9724640e-04	
   8.3500175e+03	   1.8944450e-04	
   8.3600454e+03	   1.8132420e-04	
   8.3700151e+03	   1.7311100e-04	
   8.3800430e+03	   1.6466750e-04	
   8.3900423e+03	   1.5617480e-04	
   8.4000406e+03	   1.4766810e-04	
   8.4100399e+03	   1.3944440e-04	
   8.4200382e+03	   1.3093950e-04	
   8.4300375e+03	   1.2273090e-04	
   8.4400358e+03	   1.1460270e-04	
   8.4500351e+03	   1.0641290e-04	
   8.4600334e+03	   9.8341910e-05	
   8.4700327e+03	   9.0532360e-05	
   8.4800310e+03	   8.2834680e-05	
   8.4900303e+03	   7.5497530e-05	
   8.5000296e+03	   6.8682680e-05	
   8.5100279e+03	   6.1964050e-05	
   8.5200272e+03	   5.5686940e-05	
   8.5300255e+03	   4.9945240e-05	
   8.5400248e+03	   4.4507510e-05	
   8.5500231e+03	   3.9442980e-05	
   8.5600224e+03	   3.4754420e-05	
   8.5700207e+03	   3.0431800e-05	
   8.5800200e+03	   2.6585260e-05	
   8.5900183e+03	   2.3234810e-05	
   8.6000175e+03	   2.0146820e-05	
   8.6100159e+03	   1.7419130e-05	
   8.6200151e+03	   1.4996220e-05	
   8.6300430e+03	   1.2847170e-05	
   8.6400423e+03	   1.1010860e-05	
   8.6500702e+03	   9.3711620e-06	
   8.6600399e+03	   7.9568230e-06	
   8.6700382e+03	   6.7422640e-06	
   8.6800375e+03	   5.6711110e-06	
   8.6900072e+03	   4.7569520e-06	
   8.7000351e+03	   4.0026890e-06	
   8.7100334e+03	   3.3697170e-06	
   8.7200327e+03	   2.8538830e-06	
   8.7300310e+03	   2.4309900e-06	
   8.7400303e+03	   2.1235910e-06	
   8.7500296e+03	   1.8416910e-06	
   8.7599993e+03	   1.6165990e-06	
   8.7700558e+03	   1.4324960e-06	
   8.7800255e+03	   1.2713750e-06	
   8.7900248e+03	   1.1623850e-06	
   8.8000231e+03	   1.0564230e-06	
   8.8100224e+03	   9.5000770e-07	
   8.8200207e+03	   8.4516530e-07	
   8.8300200e+03	   7.6936310e-07	
   8.8400183e+03	   7.0758930e-07	
   8.8500175e+03	   6.5587460e-07	
   8.8600159e+03	   6.0544610e-07	
   8.8700151e+03	   5.6901130e-07	
   8.8800430e+03	   5.3047830e-07	
   8.8900423e+03	   4.9958860e-07	
   8.9000406e+03	   4.7547890e-07	
   8.9100399e+03	   4.6337020e-07	
   8.9200382e+03	   4.5330650e-07	
   8.9300375e+03	   4.4324180e-07	
   8.9400358e+03	   4.3884550e-07	
   8.9500351e+03	   4.3368800e-07	
   8.9600334e+03	   4.2506520e-07	
   8.9700327e+03	   4.1935030e-07	
   8.9800310e+03	   4.1162690e-07	
   8.9900303e+03	   4.0544910e-07	
   9.0000296e+03	   4.0003900e-07	
   9.0100279e+03	   3.9441710e-07	
   9.0200558e+03	   3.8852180e-07	
   9.0300255e+03	   3.8229190e-07	
   9.0400248e+03	   3.7615750e-07	
   9.0500231e+03	   3.6948230e-07	
   9.0600224e+03	   3.6345810e-07	
   9.0700502e+03	   3.5936700e-07	
   9.0799904e+03	   3.5371570e-07	
   9.0900478e+03	   3.4678740e-07	
   9.0999880e+03	   3.4331520e-07	
   9.1100454e+03	   3.3930350e-07	
   9.1200151e+03	   3.3614070e-07	
   9.1300430e+03	   3.3196150e-07	
   9.1400423e+03	   3.2831680e-07	
   9.1500702e+03	   3.2374170e-07	
   9.1600103e+03	   3.1903410e-07	
   9.1700382e+03	   3.1492900e-07	
   9.1800375e+03	   3.1153420e-07	
   9.1900072e+03	   3.0743180e-07	
   9.2000351e+03	   3.0317550e-07	
   9.2100334e+03	   2.9853270e-07	
   9.2200327e+03	   2.9478050e-07	
   9.2300606e+03	   2.9214930e-07	
   9.2400303e+03	   2.8963800e-07	
   9.2500296e+03	   2.8523620e-07	
   9.2600279e+03	   2.8160870e-07	
   9.2700272e+03	   2.7843700e-07	
   9.2800255e+03	   2.7548710e-07	
   9.2899952e+03	   2.7182010e-07	
   9.3000231e+03	   2.6819150e-07	
   9.3100224e+03	   2.6600280e-07	
   9.3200207e+03	   2.6344740e-07	
   9.3300200e+03	   2.5918340e-07	
   9.3399897e+03	   2.5492270e-07	
   9.3500175e+03	   2.5108100e-07	
   9.3600159e+03	   2.4822730e-07	
   9.3700151e+03	   2.4540820e-07	
   9.3800144e+03	   2.4186400e-07	
   9.3900423e+03	   2.3913740e-07	
   9.4000406e+03	   2.3686090e-07	
   9.4100103e+03	   2.3443110e-07	
   9.4200382e+03	   2.3173580e-07	
   9.4300375e+03	   2.2777370e-07	
   9.4400072e+03	   2.2547380e-07	
   9.4500351e+03	   2.2171230e-07	
   9.4600334e+03	   2.2066280e-07	
   9.4700327e+03	   2.1821950e-07	
   9.4800024e+03	   2.1484920e-07	
   9.4900303e+03	   2.1161520e-07	
   9.5000000e+03	   2.0917430e-07	
   9.5100279e+03	   2.0781110e-07	
   9.5199976e+03	   2.0436760e-07	
   9.5300255e+03	   2.0144390e-07	
   9.5399952e+03	   1.9878870e-07	
   9.5500231e+03	   1.9556620e-07	
   9.5600224e+03	   1.9203110e-07	
   9.5699921e+03	   1.9011510e-07	
   9.5800200e+03	   1.8660070e-07	
   9.5900183e+03	   1.8401790e-07	
   9.5999880e+03	   1.8100620e-07	
   9.6100159e+03	   1.7801360e-07	
   9.6199856e+03	   1.7523770e-07	
   9.6300430e+03	   1.7225920e-07	
   9.6400423e+03	   1.6967220e-07	
   9.6500406e+03	   1.6686450e-07	
   9.6600103e+03	   1.6410840e-07	
   9.6700382e+03	   1.6194610e-07	
   9.6800375e+03	   1.5924140e-07	
   9.6900072e+03	   1.5696430e-07	
   9.7000351e+03	   1.5500600e-07	
   9.7100048e+03	   1.5303510e-07	
   9.7200327e+03	   1.5107290e-07	
   9.7300310e+03	   1.4902800e-07	
   9.7400303e+03	   1.4737340e-07	
   9.7500000e+03	   1.4550580e-07	
   9.7600279e+03	   1.4377170e-07	
   9.7700272e+03	   1.4231510e-07	
   9.7800255e+03	   1.4061680e-07	
   9.7899952e+03	   1.3914380e-07	
   9.8000231e+03	   1.3744510e-07	
   9.8100224e+03	   1.3564220e-07	
   9.8199921e+03	   1.3392160e-07	
   9.8300200e+03	   1.3220190e-07	
   9.8399897e+03	   1.3061060e-07	
   9.8499880e+03	   1.2890410e-07	
   9.8600159e+03	   1.2695520e-07	
   9.8700151e+03	   1.2533480e-07	
   9.8800144e+03	   1.2383260e-07	
   9.8900423e+03	   1.2218880e-07	
   9.9000120e+03	   1.2041690e-07	
   9.9100103e+03	   1.1876860e-07	
   9.9200382e+03	   1.1745590e-07	
   9.9300079e+03	   1.1568490e-07	
   9.9400358e+03	   1.1438860e-07	
   9.9500055e+03	   1.1301080e-07	
   9.9600334e+03	   1.1138010e-07	
   9.9700327e+03	   1.1029230e-07	
   9.9800310e+03	   1.0857510e-07	
   9.9900303e+03	   1.0706040e-07	
   1.0000000e+04	   1.0568430e-07	
