   6.0000291e+03	   2.8818590e-04	
   6.0099988e+03	   2.8816620e-04	
   6.0200558e+03	   2.8815450e-04	
   6.0300255e+03	   2.8816130e-04	
   6.0400243e+03	   2.8816880e-04	
   6.0500236e+03	   2.8815980e-04	
   6.0600224e+03	   2.8815980e-04	
   6.0700212e+03	   2.8815770e-04	
   6.0800200e+03	   2.8816490e-04	
   6.0900187e+03	   2.8816910e-04	
   6.1000175e+03	   2.8816240e-04	
   6.1100163e+03	   2.8816340e-04	
   6.1200151e+03	   2.8815760e-04	
   6.1300430e+03	   2.8815290e-04	
   6.1400418e+03	   2.8814910e-04	
   6.1500406e+03	   2.8815630e-04	
   6.1600394e+03	   2.8815330e-04	
   6.1700387e+03	   2.8815540e-04	
   6.1800375e+03	   2.8814940e-04	
   6.1900363e+03	   2.8815070e-04	
   6.2000351e+03	   2.8815520e-04	
   6.2100339e+03	   2.8815570e-04	
   6.2200327e+03	   2.8814410e-04	
   6.2300315e+03	   2.8814780e-04	
   6.2400303e+03	   2.8814700e-04	
   6.2500291e+03	   2.8814940e-04	
   6.2600279e+03	   2.8814680e-04	
   6.2700267e+03	   2.8814040e-04	
   6.2800255e+03	   2.8814130e-04	
   6.2900243e+03	   2.8814610e-04	
   6.3000236e+03	   2.8814740e-04	
   6.3100224e+03	   2.8813740e-04	
   6.3200212e+03	   2.8814190e-04	
   6.3300200e+03	   2.8813880e-04	
   6.3400187e+03	   2.8814190e-04	
   6.3500175e+03	   2.8813440e-04	
   6.3600454e+03	   2.8813040e-04	
   6.3700151e+03	   2.8812520e-04	
   6.3800430e+03	   2.8813860e-04	
   6.3900418e+03	   2.8813180e-04	
   6.4000406e+03	   2.8812900e-04	
   6.4100394e+03	   2.8812940e-04	
   6.4200387e+03	   2.8813530e-04	
   6.4300375e+03	   2.8813390e-04	
   6.4400363e+03	   2.8813160e-04	
   6.4500351e+03	   2.8813880e-04	
   6.4600339e+03	   2.8813320e-04	
   6.4700327e+03	   2.8812960e-04	
   6.4800315e+03	   2.8812460e-04	
   6.4900303e+03	   2.8812670e-04	
   6.5000291e+03	   2.8813320e-04	
   6.5100279e+03	   2.8813560e-04	
   6.5200267e+03	   2.8813740e-04	
   6.5300255e+03	   2.8813460e-04	
   6.5400243e+03	   2.8813160e-04	
   6.5500236e+03	   2.8814250e-04	
   6.5600224e+03	   2.8814620e-04	
   6.5700212e+03	   2.8814300e-04	
   6.5800200e+03	   2.8814590e-04	
   6.5900187e+03	   2.8814650e-04	
   6.6000466e+03	   2.8815220e-04	
   6.6100163e+03	   2.8815800e-04	
   6.6200151e+03	   2.8817100e-04	
   6.6300430e+03	   2.8816550e-04	
   6.6400418e+03	   2.8816740e-04	
   6.6500406e+03	   2.8817400e-04	
   6.6600394e+03	   2.8817520e-04	
   6.6700387e+03	   2.8817750e-04	
   6.6800375e+03	   2.8819430e-04	
   6.6900363e+03	   2.8818950e-04	
   6.7000351e+03	   2.8819290e-04	
   6.7100339e+03	   2.8820310e-04	
   6.7200327e+03	   2.8819860e-04	
   6.7300315e+03	   2.8821740e-04	
   6.7400303e+03	   2.8822340e-04	
   6.7500291e+03	   2.8822610e-04	
   6.7600279e+03	   2.8823460e-04	
   6.7700267e+03	   2.8823990e-04	
   6.7800255e+03	   2.8823970e-04	
   6.7900243e+03	   2.8824930e-04	
   6.8000236e+03	   2.8824290e-04	
   6.8100224e+03	   2.8825360e-04	
   6.8200212e+03	   2.8826550e-04	
   6.8300200e+03	   2.8827670e-04	
   6.8400187e+03	   2.8828460e-04	
   6.8500175e+03	   2.8828440e-04	
   6.8600163e+03	   2.8828250e-04	
   6.8700151e+03	   2.8829040e-04	
   6.8800430e+03	   2.8829700e-04	
   6.8900418e+03	   2.8829960e-04	
   6.9000115e+03	   2.8830330e-04	
   6.9100394e+03	   2.8832140e-04	
   6.9200387e+03	   2.8831800e-04	
   6.9300375e+03	   2.8832760e-04	
   6.9400363e+03	   2.8834020e-04	
   6.9500351e+03	   2.8833850e-04	
   6.9600339e+03	   2.8834440e-04	
   6.9700327e+03	   2.8835230e-04	
   6.9800315e+03	   2.8835550e-04	
   6.9900303e+03	   2.8835620e-04	
   7.0000291e+03	   2.8836760e-04	
   7.0100279e+03	   2.8837430e-04	
   7.0200267e+03	   2.8837770e-04	
   7.0300255e+03	   2.8838390e-04	
   7.0400243e+03	   2.8839490e-04	
   7.0500236e+03	   2.8839680e-04	
   7.0600224e+03	   2.8839760e-04	
   7.0700212e+03	   2.8840430e-04	
   7.0800200e+03	   2.8840790e-04	
   7.0900187e+03	   2.8840490e-04	
   7.1000175e+03	   2.8841470e-04	
   7.1100163e+03	   2.8841630e-04	
   7.1200151e+03	   2.8841540e-04	
   7.1300430e+03	   2.8841860e-04	
   7.1400418e+03	   2.8843230e-04	
   7.1500406e+03	   2.8842790e-04	
   7.1600394e+03	   2.8844150e-04	
   7.1700387e+03	   2.8844470e-04	
   7.1800375e+03	   2.8844040e-04	
   7.1900363e+03	   2.8843850e-04	
   7.2000351e+03	   2.8844640e-04	
   7.2100339e+03	   2.8845990e-04	
   7.2200327e+03	   2.8846570e-04	
   7.2300606e+03	   2.8846840e-04	
   7.2400303e+03	   2.8847590e-04	
   7.2500291e+03	   2.8848090e-04	
   7.2600279e+03	   2.8848580e-04	
   7.2700267e+03	   2.8849340e-04	
   7.2800255e+03	   2.8850340e-04	
   7.2900243e+03	   2.8850570e-04	
   7.3000236e+03	   2.8851050e-04	
   7.3100514e+03	   2.8849910e-04	
   7.3200212e+03	   2.8851730e-04	
   7.3300200e+03	   2.8852940e-04	
   7.3400187e+03	   2.8853030e-04	
   7.3500175e+03	   2.8852770e-04	
   7.3600163e+03	   2.8853410e-04	
   7.3700151e+03	   2.8853760e-04	
   7.3800430e+03	   2.8854860e-04	
   7.3900418e+03	   2.8854790e-04	
   7.4000406e+03	   2.8856470e-04	
   7.4100394e+03	   2.8858030e-04	
   7.4200387e+03	   2.8857500e-04	
   7.4300375e+03	   2.8856630e-04	
   7.4400072e+03	   2.8859890e-04	
   7.4500642e+03	   2.8858280e-04	
   7.4600339e+03	   2.8860610e-04	
   7.4700327e+03	   2.8859950e-04	
   7.4800315e+03	   2.8860760e-04	
   7.4900303e+03	   2.8861230e-04	
   7.5000291e+03	   2.8862240e-04	
   7.5100279e+03	   2.8861080e-04	
   7.5200267e+03	   2.8862620e-04	
   7.5300255e+03	   2.8863290e-04	
   7.5400243e+03	   2.8862790e-04	
   7.5500236e+03	   2.8863810e-04	
   7.5600224e+03	   2.8863470e-04	
   7.5700212e+03	   2.8863440e-04	
   7.5800200e+03	   2.8863260e-04	
   7.5900187e+03	   2.8863640e-04	
   7.6000175e+03	   2.8863990e-04	
   7.6100163e+03	   2.8863280e-04	
   7.6200151e+03	   2.8863980e-04	
   7.6300430e+03	   2.8863660e-04	
   7.6400418e+03	   2.8864040e-04	
   7.6500702e+03	   2.8862520e-04	
   7.6600103e+03	   2.8862720e-04	
   7.6700387e+03	   2.8861870e-04	
   7.6800375e+03	   2.8860920e-04	
   7.6900363e+03	   2.8859590e-04	
   7.7000351e+03	   2.8858650e-04	
   7.7100339e+03	   2.8857240e-04	
   7.7200327e+03	   2.8856750e-04	
   7.7300315e+03	   2.8854440e-04	
   7.7400303e+03	   2.8853740e-04	
   7.7500291e+03	   2.8851030e-04	
   7.7600279e+03	   2.8848810e-04	
   7.7700267e+03	   2.8845250e-04	
   7.7800255e+03	   2.8841990e-04	
   7.7900243e+03	   2.8836800e-04	
   7.8000236e+03	   2.8833310e-04	
   7.8100224e+03	   2.8826140e-04	
   7.8200212e+03	   2.8818740e-04	
   7.8300200e+03	   2.8808710e-04	
   7.8400187e+03	   2.8795130e-04	
   7.8500175e+03	   2.8780190e-04	
   7.8600163e+03	   2.8762340e-04	
   7.8700151e+03	   2.8741200e-04	
   7.8800430e+03	   2.8717300e-04	
   7.8900418e+03	   2.8688210e-04	
   7.9000406e+03	   2.8653940e-04	
   7.9100394e+03	   2.8614480e-04	
   7.9200387e+03	   2.8569190e-04	
   7.9300375e+03	   2.8518050e-04	
   7.9400363e+03	   2.8455810e-04	
   7.9500351e+03	   2.8384610e-04	
   7.9600339e+03	   2.8298520e-04	
   7.9700327e+03	   2.8200850e-04	
   7.9800315e+03	   2.8087870e-04	
   7.9900303e+03	   2.7955710e-04	
   8.0000296e+03	   2.7801010e-04	
   8.0100279e+03	   2.7622890e-04	
   8.0200558e+03	   2.7418310e-04	
   8.0299969e+03	   2.7188580e-04	
   8.0400534e+03	   2.6920500e-04	
   8.0499945e+03	   2.6625940e-04	
   8.0600510e+03	   2.6293310e-04	
   8.0699921e+03	   2.5925800e-04	
   8.0800486e+03	   2.5512040e-04	
   8.0900183e+03	   2.5047040e-04	
   8.1000175e+03	   2.4562390e-04	
   8.1100159e+03	   2.4015900e-04	
   8.1200151e+03	   2.3448820e-04	
   8.1300430e+03	   2.2834640e-04	
   8.1400423e+03	   2.2199440e-04	
   8.1500702e+03	   2.1504830e-04	
   8.1600399e+03	   2.0799500e-04	
   8.1700382e+03	   2.0040920e-04	
   8.1800375e+03	   1.9248390e-04	
   8.1900358e+03	   1.8440930e-04	
   8.2000351e+03	   1.7598370e-04	
   8.2100334e+03	   1.6738440e-04	
   8.2200327e+03	   1.5877460e-04	
   8.2300606e+03	   1.5015690e-04	
   8.2400303e+03	   1.4150770e-04	
   8.2500296e+03	   1.3286010e-04	
   8.2600279e+03	   1.2452810e-04	
   8.2700558e+03	   1.1600520e-04	
   8.2800255e+03	   1.0782060e-04	
   8.2900248e+03	   9.9792760e-05	
   8.3000231e+03	   9.1665190e-05	
   8.3100224e+03	   8.4091950e-05	
   8.3200207e+03	   7.6668080e-05	
   8.3300200e+03	   6.9611730e-05	
   8.3400183e+03	   6.3026160e-05	
   8.3500175e+03	   5.6750140e-05	
   8.3600454e+03	   5.0823320e-05	
   8.3700151e+03	   4.5148910e-05	
   8.3800430e+03	   4.0006390e-05	
   8.3900423e+03	   3.5445270e-05	
   8.4000406e+03	   3.1278250e-05	
   8.4100399e+03	   2.7517970e-05	
   8.4200382e+03	   2.3962320e-05	
   8.4300375e+03	   2.0909600e-05	
   8.4400358e+03	   1.8130210e-05	
   8.4500351e+03	   1.5580140e-05	
   8.4600334e+03	   1.3401400e-05	
   8.4700327e+03	   1.1513710e-05	
   8.4800310e+03	   9.8022170e-06	
   8.4900303e+03	   8.4023860e-06	
   8.5000296e+03	   7.1531320e-06	
   8.5100279e+03	   6.0878460e-06	
   8.5200272e+03	   5.1900250e-06	
   8.5300255e+03	   4.4048710e-06	
   8.5400248e+03	   3.7300920e-06	
   8.5500231e+03	   3.1878050e-06	
   8.5600224e+03	   2.6747250e-06	
   8.5700207e+03	   2.2724120e-06	
   8.5800200e+03	   1.9541730e-06	
   8.5899897e+03	   1.6989150e-06	
   8.6000471e+03	   1.4912250e-06	
   8.6099873e+03	   1.3341610e-06	
   8.6200151e+03	   1.1803910e-06	
   8.6300144e+03	   1.0533000e-06	
   8.6400709e+03	   9.4744110e-07	
   8.6500406e+03	   8.8056850e-07	
   8.6600399e+03	   7.9540030e-07	
   8.6700382e+03	   7.0945410e-07	
   8.6800375e+03	   6.6252390e-07	
   8.6900358e+03	   6.1256560e-07	
   8.7000351e+03	   5.6309510e-07	
   8.7100334e+03	   5.1411860e-07	
   8.7200327e+03	   4.7759140e-07	
   8.7300310e+03	   4.4866890e-07	
   8.7400303e+03	   4.2395070e-07	
   8.7500296e+03	   4.0701980e-07	
   8.7600279e+03	   3.9228210e-07	
   8.7700272e+03	   3.7975780e-07	
   8.7800255e+03	   3.7156750e-07	
   8.7900248e+03	   3.6254700e-07	
   8.8000231e+03	   3.5015310e-07	
   8.8100224e+03	   3.4930840e-07	
   8.8200207e+03	   3.4943310e-07	
   8.8300200e+03	   3.4736330e-07	
   8.8400183e+03	   3.3969060e-07	
   8.8500175e+03	   3.3062830e-07	
   8.8600159e+03	   3.2231930e-07	
   8.8700151e+03	   3.1898610e-07	
   8.8800430e+03	   3.1457840e-07	
   8.8900423e+03	   3.1145110e-07	
   8.9000406e+03	   3.0890400e-07	
   8.9100399e+03	   3.0410010e-07	
   8.9200382e+03	   2.9912090e-07	
   8.9300375e+03	   2.9374830e-07	
   8.9400358e+03	   2.8918530e-07	
   8.9500351e+03	   2.8640140e-07	
   8.9600334e+03	   2.8301370e-07	
   8.9700327e+03	   2.7902680e-07	
   8.9800310e+03	   2.7578970e-07	
   8.9900303e+03	   2.7204980e-07	
   9.0000296e+03	   2.6959400e-07	
   9.0100279e+03	   2.6707060e-07	
   9.0200558e+03	   2.6343190e-07	
   9.0300255e+03	   2.6064620e-07	
   9.0400248e+03	   2.5829460e-07	
   9.0500231e+03	   2.5735160e-07	
   9.0600224e+03	   2.5224650e-07	
   9.0700207e+03	   2.4713260e-07	
   9.0800200e+03	   2.4590770e-07	
   9.0900183e+03	   2.4371290e-07	
   9.1000175e+03	   2.4184730e-07	
   9.1100159e+03	   2.3898110e-07	
   9.1200151e+03	   2.3537310e-07	
   9.1300430e+03	   2.3274800e-07	
   9.1400423e+03	   2.2806160e-07	
   9.1500702e+03	   2.2502820e-07	
   9.1600103e+03	   2.2215570e-07	
   9.1700382e+03	   2.1675460e-07	
   9.1800375e+03	   2.1219510e-07	
   9.1900358e+03	   2.0880660e-07	
   9.2000351e+03	   2.0697420e-07	
   9.2100334e+03	   2.0460100e-07	
   9.2200031e+03	   2.0120300e-07	
   9.2300310e+03	   1.9816870e-07	
   9.2400007e+03	   1.9446640e-07	
   9.2500296e+03	   1.8987060e-07	
   9.2600279e+03	   1.8483150e-07	
   9.2700272e+03	   1.8323670e-07	
   9.2800255e+03	   1.8076720e-07	
   9.2900248e+03	   1.7725080e-07	
   9.2999945e+03	   1.7466020e-07	
   9.3100224e+03	   1.7398900e-07	
   9.3199921e+03	   1.7046420e-07	
   9.3300200e+03	   1.6574350e-07	
   9.3400183e+03	   1.6261660e-07	
   9.3500175e+03	   1.6041240e-07	
   9.3600159e+03	   1.5697270e-07	
   9.3699856e+03	   1.5470240e-07	
   9.3800430e+03	   1.5228350e-07	
   9.3900127e+03	   1.5050350e-07	
   9.4000406e+03	   1.4795070e-07	
   9.4100103e+03	   1.4556890e-07	
   9.4200382e+03	   1.4352350e-07	
   9.4300375e+03	   1.4220800e-07	
   9.4400072e+03	   1.4098540e-07	
   9.4500351e+03	   1.3982880e-07	
   9.4600334e+03	   1.3671980e-07	
   9.4700327e+03	   1.3393680e-07	
   9.4800024e+03	   1.3227350e-07	
   9.4900303e+03	   1.3093070e-07	
   9.5000000e+03	   1.2944660e-07	
   9.5100279e+03	   1.2810920e-07	
   9.5199976e+03	   1.2599030e-07	
   9.5300255e+03	   1.2442450e-07	
   9.5400248e+03	   1.2357370e-07	
   9.5499945e+03	   1.2168240e-07	
   9.5600224e+03	   1.2004060e-07	
   9.5700207e+03	   1.1898750e-07	
   9.5799904e+03	   1.1702740e-07	
   9.5900183e+03	   1.1607880e-07	
   9.5999880e+03	   1.1470890e-07	
   9.6100159e+03	   1.1323620e-07	
   9.6199856e+03	   1.1214330e-07	
   9.6300430e+03	   1.1143730e-07	
   9.6400423e+03	   1.1062810e-07	
   9.6500406e+03	   1.0911530e-07	
   9.6600399e+03	   1.0791470e-07	
   9.6700382e+03	   1.0700590e-07	
   9.6800079e+03	   1.0625060e-07	
   9.6900358e+03	   1.0534790e-07	
   9.7000351e+03	   1.0431610e-07	
   9.7100334e+03	   1.0341360e-07	
   9.7200327e+03	   1.0250040e-07	
   9.7300310e+03	   1.0159090e-07	
   9.7400007e+03	   1.0073310e-07	
   9.7500296e+03	   9.9807980e-08	
   9.7599993e+03	   9.8750280e-08	
   9.7700272e+03	   9.7661100e-08	
   9.7800255e+03	   9.6568100e-08	
   9.7899952e+03	   9.5359250e-08	
   9.8000231e+03	   9.4184250e-08	
   9.8100224e+03	   9.2879380e-08	
   9.8199921e+03	   9.1567810e-08	
   9.8300200e+03	   9.0205700e-08	
   9.8399897e+03	   8.8788050e-08	
   9.8499880e+03	   8.7312590e-08	
   9.8600159e+03	   8.5836440e-08	
   9.8700151e+03	   8.4313930e-08	
   9.8800144e+03	   8.2795080e-08	
   9.8900423e+03	   8.1212630e-08	
   9.9000120e+03	   8.0163280e-08	
   9.9100399e+03	   7.8861110e-08	
   9.9200096e+03	   7.7534290e-08	
   9.9300079e+03	   7.6218470e-08	
   9.9400358e+03	   7.5954670e-08	
   9.9500055e+03	   7.5629120e-08	
   9.9600334e+03	   7.2866560e-08	
   9.9700327e+03	   7.1214530e-08	
   9.9800024e+03	   7.0235130e-08	
   9.9900303e+03	   6.9645970e-08	
   1.0000030e+04	   6.9698180e-08	
