   7.0000000e+03	   2.8862630e-04	
   7.0099988e+03	   2.8862310e-04	
   7.0200267e+03	   2.8861580e-04	
   7.0300255e+03	   2.8864370e-04	
   7.0399952e+03	   2.8865840e-04	
   7.0500236e+03	   2.8865960e-04	
   7.0600224e+03	   2.8865750e-04	
   7.0700212e+03	   2.8866330e-04	
   7.0800200e+03	   2.8868070e-04	
   7.0900187e+03	   2.8869060e-04	
   7.1000175e+03	   2.8868360e-04	
   7.1100163e+03	   2.8870590e-04	
   7.1200151e+03	   2.8871660e-04	
   7.1300430e+03	   2.8872570e-04	
   7.1400418e+03	   2.8873080e-04	
   7.1500406e+03	   2.8873820e-04	
   7.1600394e+03	   2.8875240e-04	
   7.1700387e+03	   2.8875900e-04	
   7.1800375e+03	   2.8877610e-04	
   7.1900363e+03	   2.8878380e-04	
   7.2000351e+03	   2.8879900e-04	
   7.2100339e+03	   2.8880910e-04	
   7.2200327e+03	   2.8881460e-04	
   7.2300315e+03	   2.8882380e-04	
   7.2400303e+03	   2.8883540e-04	
   7.2500291e+03	   2.8885550e-04	
   7.2599988e+03	   2.8886620e-04	
   7.2700267e+03	   2.8886410e-04	
   7.2800255e+03	   2.8887180e-04	
   7.2900243e+03	   2.8887660e-04	
   7.3000236e+03	   2.8889880e-04	
   7.3100224e+03	   2.8889430e-04	
   7.3200212e+03	   2.8890400e-04	
   7.3300200e+03	   2.8891860e-04	
   7.3400187e+03	   2.8891860e-04	
   7.3500175e+03	   2.8892800e-04	
   7.3600163e+03	   2.8894090e-04	
   7.3700151e+03	   2.8894040e-04	
   7.3800430e+03	   2.8894700e-04	
   7.3900418e+03	   2.8895980e-04	
   7.4000406e+03	   2.8896630e-04	
   7.4100394e+03	   2.8897660e-04	
   7.4200387e+03	   2.8899090e-04	
   7.4300375e+03	   2.8898750e-04	
   7.4400072e+03	   2.8900350e-04	
   7.4500642e+03	   2.8900020e-04	
   7.4600339e+03	   2.8900260e-04	
   7.4700327e+03	   2.8902650e-04	
   7.4800315e+03	   2.8902360e-04	
   7.4900303e+03	   2.8902460e-04	
   7.5000291e+03	   2.8903730e-04	
   7.5100279e+03	   2.8903670e-04	
   7.5200267e+03	   2.8904180e-04	
   7.5300255e+03	   2.8905340e-04	
   7.5400243e+03	   2.8905030e-04	
   7.5500236e+03	   2.8906180e-04	
   7.5599928e+03	   2.8907120e-04	
   7.5700212e+03	   2.8908310e-04	
   7.5800200e+03	   2.8908220e-04	
   7.5900187e+03	   2.8909660e-04	
   7.6000175e+03	   2.8910390e-04	
   7.6100163e+03	   2.8911130e-04	
   7.6200151e+03	   2.8911670e-04	
   7.6300430e+03	   2.8912960e-04	
   7.6400418e+03	   2.8913570e-04	
   7.6500702e+03	   2.8912470e-04	
   7.6600103e+03	   2.8914870e-04	
   7.6700387e+03	   2.8915270e-04	
   7.6800375e+03	   2.8915890e-04	
   7.6900363e+03	   2.8917040e-04	
   7.7000351e+03	   2.8918050e-04	
   7.7100339e+03	   2.8918220e-04	
   7.7200327e+03	   2.8918740e-04	
   7.7300315e+03	   2.8919450e-04	
   7.7400303e+03	   2.8920050e-04	
   7.7500291e+03	   2.8920860e-04	
   7.7600279e+03	   2.8921070e-04	
   7.7700267e+03	   2.8921370e-04	
   7.7800255e+03	   2.8923070e-04	
   7.7900243e+03	   2.8921130e-04	
   7.8000236e+03	   2.8921080e-04	
   7.8100224e+03	   2.8920050e-04	
   7.8200212e+03	   2.8919970e-04	
   7.8300200e+03	   2.8920990e-04	
   7.8400187e+03	   2.8920310e-04	
   7.8500175e+03	   2.8920300e-04	
   7.8600163e+03	   2.8918390e-04	
   7.8699861e+03	   2.8919220e-04	
   7.8800721e+03	   2.8915420e-04	
   7.8900418e+03	   2.8914610e-04	
   7.9000406e+03	   2.8913930e-04	
   7.9100394e+03	   2.8913010e-04	
   7.9200387e+03	   2.8910900e-04	
   7.9300375e+03	   2.8906670e-04	
   7.9400363e+03	   2.8904450e-04	
   7.9500351e+03	   2.8901880e-04	
   7.9600339e+03	   2.8897430e-04	
   7.9700327e+03	   2.8892800e-04	
   7.9800315e+03	   2.8886450e-04	
   7.9900303e+03	   2.8878230e-04	
   8.0000296e+03	   2.8870540e-04	
   8.0100279e+03	   2.8860670e-04	
   8.0200272e+03	   2.8848570e-04	
   8.0300255e+03	   2.8833500e-04	
   8.0400248e+03	   2.8815350e-04	
   8.0500231e+03	   2.8796440e-04	
   8.0600224e+03	   2.8775150e-04	
   8.0699921e+03	   2.8749760e-04	
   8.0800200e+03	   2.8720990e-04	
   8.0900183e+03	   2.8687560e-04	
   8.1000175e+03	   2.8647400e-04	
   8.1100159e+03	   2.8599800e-04	
   8.1200151e+03	   2.8545200e-04	
   8.1300430e+03	   2.8481080e-04	
   8.1400423e+03	   2.8407200e-04	
   8.1500702e+03	   2.8318630e-04	
   8.1600399e+03	   2.8218570e-04	
   8.1700382e+03	   2.8097290e-04	
   8.1800375e+03	   2.7957350e-04	
   8.1900358e+03	   2.7796230e-04	
   8.2000351e+03	   2.7610960e-04	
   8.2100334e+03	   2.7396660e-04	
   8.2200327e+03	   2.7160000e-04	
   8.2300606e+03	   2.6891390e-04	
   8.2400303e+03	   2.6587150e-04	
   8.2500296e+03	   2.6250780e-04	
   8.2600279e+03	   2.5888900e-04	
   8.2700272e+03	   2.5478550e-04	
   8.2800255e+03	   2.5032410e-04	
   8.2900248e+03	   2.4556710e-04	
   8.3000231e+03	   2.4028830e-04	
   8.3100224e+03	   2.3472360e-04	
   8.3200207e+03	   2.2868780e-04	
   8.3300200e+03	   2.2233300e-04	
   8.3400183e+03	   2.1578600e-04	
   8.3500175e+03	   2.0872510e-04	
   8.3600159e+03	   2.0122690e-04	
   8.3700151e+03	   1.9348750e-04	
   8.3800430e+03	   1.8551190e-04	
   8.3900423e+03	   1.7739820e-04	
   8.4000406e+03	   1.6893730e-04	
   8.4100399e+03	   1.6069830e-04	
   8.4200382e+03	   1.5198000e-04	
   8.4300375e+03	   1.4341250e-04	
   8.4400358e+03	   1.3492360e-04	
   8.4500351e+03	   1.2635620e-04	
   8.4600334e+03	   1.1788180e-04	
   8.4700327e+03	   1.0969050e-04	
   8.4800310e+03	   1.0153710e-04	
   8.4900303e+03	   9.3756690e-05	
   8.5000296e+03	   8.6433390e-05	
   8.5100279e+03	   7.9272290e-05	
   8.5200272e+03	   7.2518340e-05	
   8.5300255e+03	   6.6303260e-05	
   8.5400248e+03	   6.0196660e-05	
   8.5500231e+03	   5.4442840e-05	
   8.5600224e+03	   4.9041140e-05	
   8.5700207e+03	   4.3918010e-05	
   8.5800200e+03	   3.9213960e-05	
   8.5900183e+03	   3.4859920e-05	
   8.5999880e+03	   3.0835990e-05	
   8.6100159e+03	   2.7032870e-05	
   8.6200151e+03	   2.3732850e-05	
   8.6300430e+03	   2.0716060e-05	
   8.6400423e+03	   1.8033460e-05	
   8.6500406e+03	   1.5658570e-05	
   8.6600399e+03	   1.3537260e-05	
   8.6700382e+03	   1.1686130e-05	
   8.6800375e+03	   1.0057140e-05	
   8.6900358e+03	   8.6258410e-06	
   8.7000351e+03	   7.4022920e-06	
   8.7100334e+03	   6.3487610e-06	
   8.7200327e+03	   5.4508920e-06	
   8.7300310e+03	   4.6540390e-06	
   8.7400303e+03	   3.9783950e-06	
   8.7500296e+03	   3.3882700e-06	
   8.7600279e+03	   2.8815260e-06	
   8.7700272e+03	   2.4667790e-06	
   8.7800255e+03	   2.1021080e-06	
   8.7900248e+03	   1.8138960e-06	
   8.8000231e+03	   1.5750840e-06	
   8.8100224e+03	   1.3769660e-06	
   8.8200502e+03	   1.2067340e-06	
   8.8300200e+03	   1.0733790e-06	
   8.8400183e+03	   9.7112420e-07	
   8.8500175e+03	   8.8398720e-07	
   8.8600159e+03	   8.0997150e-07	
   8.8700151e+03	   7.5290420e-07	
   8.8800430e+03	   6.9328890e-07	
   8.8900423e+03	   6.4153900e-07	
   8.9000406e+03	   5.9213550e-07	
   8.9100399e+03	   5.5435270e-07	
   8.9200382e+03	   5.1362550e-07	
   8.9300375e+03	   4.8255460e-07	
   8.9400358e+03	   4.5410630e-07	
   8.9500351e+03	   4.2717280e-07	
   8.9600334e+03	   4.0499220e-07	
   8.9700327e+03	   3.8518480e-07	
   8.9800310e+03	   3.7009670e-07	
   8.9900303e+03	   3.5789830e-07	
   9.0000296e+03	   3.4773790e-07	
   9.0100279e+03	   3.3966590e-07	
   9.0200272e+03	   3.3429990e-07	
   9.0300255e+03	   3.2705240e-07	
   9.0400248e+03	   3.2178710e-07	
   9.0500231e+03	   3.1790960e-07	
   9.0600224e+03	   3.1497250e-07	
   9.0700207e+03	   3.0876310e-07	
   9.0800200e+03	   3.0367870e-07	
   9.0900183e+03	   3.0125310e-07	
   9.1000175e+03	   2.9879500e-07	
   9.1100159e+03	   2.9434520e-07	
   9.1200151e+03	   2.8981830e-07	
   9.1300430e+03	   2.8666580e-07	
   9.1400423e+03	   2.8232460e-07	
   9.1500702e+03	   2.7865350e-07	
   9.1600103e+03	   2.7359590e-07	
   9.1700382e+03	   2.6870110e-07	
   9.1800375e+03	   2.6594840e-07	
   9.1900358e+03	   2.6257980e-07	
   9.2000351e+03	   2.5927450e-07	
   9.2100334e+03	   2.5575490e-07	
   9.2200031e+03	   2.5196310e-07	
   9.2300606e+03	   2.4872400e-07	
   9.2400007e+03	   2.4666080e-07	
   9.2500296e+03	   2.4364750e-07	
   9.2600279e+03	   2.4058110e-07	
   9.2700272e+03	   2.3943480e-07	
   9.2800255e+03	   2.3662680e-07	
   9.2899952e+03	   2.3249290e-07	
   9.2999945e+03	   2.3011450e-07	
   9.3100510e+03	   2.2714530e-07	
   9.3199921e+03	   2.2444820e-07	
   9.3300200e+03	   2.1956160e-07	
   9.3399897e+03	   2.1632240e-07	
   9.3500175e+03	   2.1347460e-07	
   9.3600159e+03	   2.1077230e-07	
   9.3699856e+03	   2.0792250e-07	
   9.3800430e+03	   2.0526860e-07	
   9.3900127e+03	   2.0262470e-07	
   9.4000406e+03	   2.0019350e-07	
   9.4100103e+03	   1.9811070e-07	
   9.4200382e+03	   1.9512800e-07	
   9.4300375e+03	   1.9322470e-07	
   9.4400072e+03	   1.9055070e-07	
   9.4500351e+03	   1.8841960e-07	
   9.4600334e+03	   1.8622870e-07	
   9.4700327e+03	   1.8403400e-07	
   9.4800024e+03	   1.8139940e-07	
   9.4900303e+03	   1.7922020e-07	
   9.5000000e+03	   1.7664540e-07	
