   7.0000000e+03	   2.8872830e-04	
   7.0099988e+03	   2.8873180e-04	
   7.0200267e+03	   2.8872400e-04	
   7.0300255e+03	   2.8873040e-04	
   7.0400243e+03	   2.8873580e-04	
   7.0500236e+03	   2.8873170e-04	
   7.0600224e+03	   2.8869800e-04	
   7.0700212e+03	   2.8873110e-04	
   7.0800200e+03	   2.8874150e-04	
   7.0900187e+03	   2.8874130e-04	
   7.1000175e+03	   2.8874210e-04	
   7.1100163e+03	   2.8874160e-04	
   7.1200151e+03	   2.8874480e-04	
   7.1300430e+03	   2.8874620e-04	
   7.1400418e+03	   2.8874350e-04	
   7.1500406e+03	   2.8874660e-04	
   7.1600394e+03	   2.8875160e-04	
   7.1700387e+03	   2.8876290e-04	
   7.1800375e+03	   2.8875590e-04	
   7.1900363e+03	   2.8876440e-04	
   7.2000351e+03	   2.8876590e-04	
   7.2100339e+03	   2.8876990e-04	
   7.2200327e+03	   2.8875660e-04	
   7.2300315e+03	   2.8875990e-04	
   7.2400303e+03	   2.8875390e-04	
   7.2500291e+03	   2.8876580e-04	
   7.2599988e+03	   2.8877110e-04	
   7.2700267e+03	   2.8876100e-04	
   7.2800255e+03	   2.8876610e-04	
   7.2900243e+03	   2.8876530e-04	
   7.3000236e+03	   2.8876240e-04	
   7.3100224e+03	   2.8875860e-04	
   7.3200212e+03	   2.8875390e-04	
   7.3300200e+03	   2.8876260e-04	
   7.3400187e+03	   2.8876070e-04	
   7.3500175e+03	   2.8876270e-04	
   7.3600163e+03	   2.8875540e-04	
   7.3700151e+03	   2.8876730e-04	
   7.3800430e+03	   2.8876720e-04	
   7.3900418e+03	   2.8876890e-04	
   7.4000406e+03	   2.8876250e-04	
   7.4100394e+03	   2.8876260e-04	
   7.4200387e+03	   2.8876030e-04	
   7.4300375e+03	   2.8875330e-04	
   7.4400072e+03	   2.8876290e-04	
   7.4500642e+03	   2.8873720e-04	
   7.4600339e+03	   2.8875910e-04	
   7.4700327e+03	   2.8876400e-04	
   7.4800315e+03	   2.8876450e-04	
   7.4900303e+03	   2.8874470e-04	
   7.5000291e+03	   2.8874840e-04	
   7.5100279e+03	   2.8874130e-04	
   7.5200267e+03	   2.8873810e-04	
   7.5300255e+03	   2.8873470e-04	
   7.5400243e+03	   2.8873420e-04	
   7.5500236e+03	   2.8873010e-04	
   7.5600224e+03	   2.8874500e-04	
   7.5700212e+03	   2.8872660e-04	
   7.5800200e+03	   2.8872970e-04	
   7.5900187e+03	   2.8872740e-04	
   7.6000175e+03	   2.8872310e-04	
   7.6100163e+03	   2.8871770e-04	
   7.6200151e+03	   2.8870870e-04	
   7.6300430e+03	   2.8871180e-04	
   7.6400418e+03	   2.8870650e-04	
   7.6500406e+03	   2.8870950e-04	
   7.6600394e+03	   2.8869550e-04	
   7.6700387e+03	   2.8869450e-04	
   7.6800079e+03	   2.8869550e-04	
   7.6900363e+03	   2.8868520e-04	
   7.7000351e+03	   2.8867550e-04	
   7.7100339e+03	   2.8868110e-04	
   7.7200327e+03	   2.8867180e-04	
   7.7300315e+03	   2.8865810e-04	
   7.7400303e+03	   2.8865920e-04	
   7.7500291e+03	   2.8865620e-04	
   7.7600279e+03	   2.8863920e-04	
   7.7700267e+03	   2.8864540e-04	
   7.7800255e+03	   2.8864400e-04	
   7.7900243e+03	   2.8863710e-04	
   7.8000236e+03	   2.8862540e-04	
   7.8100224e+03	   2.8861400e-04	
   7.8200212e+03	   2.8860140e-04	
   7.8300200e+03	   2.8860250e-04	
   7.8400187e+03	   2.8858470e-04	
   7.8500175e+03	   2.8857150e-04	
   7.8600163e+03	   2.8856540e-04	
   7.8699861e+03	   2.8854680e-04	
   7.8800721e+03	   2.8852540e-04	
   7.8900418e+03	   2.8851060e-04	
   7.9000406e+03	   2.8850620e-04	
   7.9100394e+03	   2.8847930e-04	
   7.9200387e+03	   2.8846390e-04	
   7.9300079e+03	   2.8844200e-04	
   7.9400363e+03	   2.8840320e-04	
   7.9500351e+03	   2.8835730e-04	
   7.9600339e+03	   2.8832800e-04	
   7.9700327e+03	   2.8828290e-04	
   7.9800315e+03	   2.8822130e-04	
   7.9900303e+03	   2.8814840e-04	
   8.0000296e+03	   2.8803760e-04	
   8.0100279e+03	   2.8793080e-04	
   8.0200272e+03	   2.8779090e-04	
   8.0300255e+03	   2.8764970e-04	
   8.0400248e+03	   2.8747060e-04	
   8.0500231e+03	   2.8727720e-04	
   8.0600224e+03	   2.8704510e-04	
   8.0699921e+03	   2.8677740e-04	
   8.0800200e+03	   2.8645780e-04	
   8.0899897e+03	   2.8609010e-04	
   8.1000175e+03	   2.8567210e-04	
   8.1100159e+03	   2.8519740e-04	
   8.1200151e+03	   2.8462110e-04	
   8.1300430e+03	   2.8395870e-04	
   8.1400423e+03	   2.8317230e-04	
   8.1500702e+03	   2.8221970e-04	
   8.1600399e+03	   2.8116170e-04	
   8.1700382e+03	   2.7991280e-04	
   8.1800375e+03	   2.7843930e-04	
   8.1900358e+03	   2.7678700e-04	
   8.2000351e+03	   2.7484620e-04	
   8.2100334e+03	   2.7259810e-04	
   8.2200327e+03	   2.7006740e-04	
   8.2300310e+03	   2.6727450e-04	
   8.2400303e+03	   2.6408350e-04	
   8.2500296e+03	   2.6063300e-04	
   8.2600279e+03	   2.5689180e-04	
   8.2700272e+03	   2.5265040e-04	
   8.2800255e+03	   2.4808660e-04	
   8.2900248e+03	   2.4313840e-04	
   8.3000231e+03	   2.3767050e-04	
   8.3100224e+03	   2.3197150e-04	
   8.3200207e+03	   2.2584120e-04	
   8.3300200e+03	   2.1931870e-04	
   8.3400183e+03	   2.1255900e-04	
   8.3500175e+03	   2.0539730e-04	
   8.3600159e+03	   1.9784480e-04	
   8.3699856e+03	   1.8996060e-04	
   8.3800430e+03	   1.8174810e-04	
   8.3900423e+03	   1.7340490e-04	
   8.4000406e+03	   1.6501730e-04	
   8.4100399e+03	   1.5672520e-04	
   8.4200382e+03	   1.4806690e-04	
   8.4300375e+03	   1.3966960e-04	
   8.4400072e+03	   1.3119910e-04	
   8.4500351e+03	   1.2265330e-04	
   8.4600334e+03	   1.1427700e-04	
   8.4700327e+03	   1.0611030e-04	
   8.4800310e+03	   9.8183340e-05	
   8.4900303e+03	   9.0612090e-05	
   8.5000000e+03	   8.3495350e-05	
   8.5100279e+03	   7.6593880e-05	
   8.5200272e+03	   7.0113540e-05	
   8.5300255e+03	   6.3940230e-05	
   8.5400248e+03	   5.7897180e-05	
   8.5499945e+03	   5.2371560e-05	
   8.5600224e+03	   4.7086050e-05	
   8.5700207e+03	   4.2148960e-05	
   8.5800200e+03	   3.7602010e-05	
   8.5899897e+03	   3.3433750e-05	
   8.6000471e+03	   2.9506090e-05	
   8.6099873e+03	   2.5940480e-05	
   8.6200151e+03	   2.2745090e-05	
   8.6300144e+03	   1.9901280e-05	
   8.6400423e+03	   1.7285280e-05	
   8.6500406e+03	   1.5019440e-05	
   8.6600399e+03	   1.2977100e-05	
   8.6700382e+03	   1.1206010e-05	
   8.6800375e+03	   9.6373000e-06	
   8.6900358e+03	   8.2606700e-06	
   8.7000351e+03	   7.0855570e-06	
   8.7100334e+03	   6.0756770e-06	
   8.7200327e+03	   5.1926480e-06	
   8.7300310e+03	   4.4283590e-06	
   8.7400303e+03	   3.7867650e-06	
   8.7500296e+03	   3.2342010e-06	
   8.7600279e+03	   2.7383920e-06	
   8.7700272e+03	   2.3483250e-06	
   8.7800255e+03	   2.0115290e-06	
   8.7900248e+03	   1.7363940e-06	
   8.8000231e+03	   1.4900440e-06	
   8.8100224e+03	   1.3101210e-06	
   8.8200207e+03	   1.1496160e-06	
   8.8300200e+03	   1.0304110e-06	
   8.8400183e+03	   9.2611450e-07	
   8.8500175e+03	   8.3514160e-07	
   8.8600159e+03	   7.6019200e-07	
   8.8700151e+03	   6.9603730e-07	
   8.8800430e+03	   6.4388250e-07	
   8.8900423e+03	   5.9991420e-07	
   8.9000406e+03	   5.6035010e-07	
   8.9100399e+03	   5.1809990e-07	
   8.9200382e+03	   4.7920100e-07	
   8.9300375e+03	   4.4501600e-07	
   8.9400358e+03	   4.1520190e-07	
   8.9500351e+03	   3.8948890e-07	
   8.9600334e+03	   3.6849560e-07	
   8.9700327e+03	   3.5104700e-07	
   8.9800310e+03	   3.3658070e-07	
   8.9900303e+03	   3.2532450e-07	
   9.0000296e+03	   3.1643940e-07	
   9.0100279e+03	   3.0949130e-07	
   9.0200272e+03	   3.0326650e-07	
   9.0300255e+03	   2.9889950e-07	
   9.0400248e+03	   2.9528280e-07	
   9.0500231e+03	   2.8800600e-07	
   9.0600224e+03	   2.8386440e-07	
   9.0700207e+03	   2.8240520e-07	
   9.0800200e+03	   2.7816660e-07	
   9.0900183e+03	   2.7281660e-07	
   9.1000175e+03	   2.7198120e-07	
   9.1100159e+03	   2.6829360e-07	
   9.1200151e+03	   2.6640590e-07	
   9.1300430e+03	   2.6286560e-07	
   9.1400423e+03	   2.5654050e-07	
   9.1500702e+03	   2.5180510e-07	
   9.1600103e+03	   2.4884260e-07	
   9.1700382e+03	   2.4541770e-07	
   9.1800375e+03	   2.4054020e-07	
   9.1900358e+03	   2.3888190e-07	
   9.2000351e+03	   2.3712720e-07	
   9.2100334e+03	   2.3134920e-07	
   9.2200327e+03	   2.2762490e-07	
   9.2300606e+03	   2.2426980e-07	
   9.2400007e+03	   2.2039770e-07	
   9.2500296e+03	   2.1810500e-07	
   9.2600279e+03	   2.1488140e-07	
   9.2700272e+03	   2.1200400e-07	
   9.2800255e+03	   2.0858820e-07	
   9.2899952e+03	   2.0637570e-07	
   9.2999945e+03	   2.0277330e-07	
   9.3100224e+03	   1.9988770e-07	
   9.3199921e+03	   1.9693650e-07	
   9.3300200e+03	   1.9394640e-07	
   9.3399897e+03	   1.9127780e-07	
   9.3500175e+03	   1.8886650e-07	
   9.3600159e+03	   1.8597720e-07	
   9.3700151e+03	   1.8331680e-07	
   9.3800144e+03	   1.8091090e-07	
   9.3900423e+03	   1.7840450e-07	
   9.4000406e+03	   1.7582780e-07	
   9.4100399e+03	   1.7324090e-07	
   9.4200382e+03	   1.7088940e-07	
   9.4300375e+03	   1.6832870e-07	
   9.4400072e+03	   1.6633330e-07	
   9.4500351e+03	   1.6396970e-07	
   9.4600334e+03	   1.6147280e-07	
   9.4700327e+03	   1.5889900e-07	
   9.4800024e+03	   1.5731960e-07	
   9.4900303e+03	   1.5526720e-07	
   9.5000000e+03	   1.5331150e-07	
