   7.0000000e+03	   2.8812660e-04	
   7.0100279e+03	   2.8813840e-04	
   7.0200267e+03	   2.8814560e-04	
   7.0300255e+03	   2.8815270e-04	
   7.0400243e+03	   2.8815270e-04	
   7.0500236e+03	   2.8814040e-04	
   7.0600224e+03	   2.8815430e-04	
   7.0700212e+03	   2.8816580e-04	
   7.0800200e+03	   2.8816990e-04	
   7.0900187e+03	   2.8817420e-04	
   7.1000175e+03	   2.8817420e-04	
   7.1100163e+03	   2.8817700e-04	
   7.1200442e+03	   2.8817360e-04	
   7.1300430e+03	   2.8818540e-04	
   7.1400418e+03	   2.8818900e-04	
   7.1500406e+03	   2.8819840e-04	
   7.1600394e+03	   2.8820670e-04	
   7.1700387e+03	   2.8820710e-04	
   7.1800375e+03	   2.8821610e-04	
   7.1900363e+03	   2.8822340e-04	
   7.2000351e+03	   2.8821900e-04	
   7.2100339e+03	   2.8822420e-04	
   7.2200327e+03	   2.8822980e-04	
   7.2300606e+03	   2.8822710e-04	
   7.2400303e+03	   2.8823980e-04	
   7.2500291e+03	   2.8824600e-04	
   7.2600279e+03	   2.8825520e-04	
   7.2700558e+03	   2.8824450e-04	
   7.2800255e+03	   2.8825930e-04	
   7.2900243e+03	   2.8825880e-04	
   7.3000236e+03	   2.8825690e-04	
   7.3100514e+03	   2.8825780e-04	
   7.3200212e+03	   2.8826230e-04	
   7.3300200e+03	   2.8827040e-04	
   7.3400187e+03	   2.8826690e-04	
   7.3500175e+03	   2.8827250e-04	
   7.3600163e+03	   2.8828470e-04	
   7.3700151e+03	   2.8827610e-04	
   7.3800430e+03	   2.8828280e-04	
   7.3900418e+03	   2.8829130e-04	
   7.4000406e+03	   2.8830320e-04	
   7.4100394e+03	   2.8830130e-04	
   7.4200387e+03	   2.8829490e-04	
   7.4300375e+03	   2.8828780e-04	
   7.4400072e+03	   2.8829890e-04	
   7.4500642e+03	   2.8830500e-04	
   7.4600339e+03	   2.8830760e-04	
   7.4700327e+03	   2.8831080e-04	
   7.4800315e+03	   2.8831060e-04	
   7.4900303e+03	   2.8830930e-04	
   7.5000291e+03	   2.8831380e-04	
   7.5100279e+03	   2.8831780e-04	
   7.5200267e+03	   2.8831000e-04	
   7.5300255e+03	   2.8830860e-04	
   7.5400243e+03	   2.8830370e-04	
   7.5500236e+03	   2.8832130e-04	
   7.5599928e+03	   2.8832100e-04	
   7.5700502e+03	   2.8831650e-04	
   7.5800200e+03	   2.8832360e-04	
   7.5900187e+03	   2.8831910e-04	
   7.6000466e+03	   2.8831320e-04	
   7.6100163e+03	   2.8832020e-04	
   7.6200151e+03	   2.8832000e-04	
   7.6300430e+03	   2.8831990e-04	
   7.6400418e+03	   2.8832560e-04	
   7.6500702e+03	   2.8832400e-04	
   7.6600394e+03	   2.8833080e-04	
   7.6700387e+03	   2.8831850e-04	
   7.6800375e+03	   2.8832670e-04	
   7.6900363e+03	   2.8833290e-04	
   7.7000351e+03	   2.8829500e-04	
   7.7100339e+03	   2.8829430e-04	
   7.7200327e+03	   2.8830330e-04	
   7.7300315e+03	   2.8831670e-04	
   7.7400303e+03	   2.8831630e-04	
   7.7500291e+03	   2.8832180e-04	
   7.7600279e+03	   2.8832910e-04	
   7.7700267e+03	   2.8833340e-04	
   7.7800255e+03	   2.8832680e-04	
   7.7900243e+03	   2.8834240e-04	
   7.8000236e+03	   2.8834420e-04	
   7.8100224e+03	   2.8834300e-04	
   7.8200212e+03	   2.8833830e-04	
   7.8300200e+03	   2.8834670e-04	
   7.8400187e+03	   2.8836140e-04	
   7.8500175e+03	   2.8833560e-04	
   7.8600163e+03	   2.8834320e-04	
   7.8699861e+03	   2.8835280e-04	
   7.8800721e+03	   2.8834420e-04	
   7.8900418e+03	   2.8833420e-04	
   7.9000406e+03	   2.8833610e-04	
   7.9100394e+03	   2.8833190e-04	
   7.9200387e+03	   2.8831460e-04	
   7.9300375e+03	   2.8831240e-04	
   7.9400363e+03	   2.8830630e-04	
   7.9500351e+03	   2.8831410e-04	
   7.9600339e+03	   2.8829460e-04	
   7.9700327e+03	   2.8826980e-04	
   7.9800606e+03	   2.8826740e-04	
   7.9900303e+03	   2.8825680e-04	
   8.0000296e+03	   2.8824710e-04	
   8.0100279e+03	   2.8822710e-04	
   8.0200272e+03	   2.8820150e-04	
   8.0300255e+03	   2.8817480e-04	
   8.0400248e+03	   2.8813700e-04	
   8.0500231e+03	   2.8811150e-04	
   8.0600224e+03	   2.8805690e-04	
   8.0699921e+03	   2.8799910e-04	
   8.0800486e+03	   2.8792230e-04	
   8.0900183e+03	   2.8785220e-04	
   8.1000175e+03	   2.8777890e-04	
   8.1100159e+03	   2.8766710e-04	
   8.1200447e+03	   2.8753450e-04	
   8.1300430e+03	   2.8740930e-04	
   8.1400423e+03	   2.8726720e-04	
   8.1500702e+03	   2.8708940e-04	
   8.1600399e+03	   2.8688710e-04	
   8.1700382e+03	   2.8666230e-04	
   8.1800375e+03	   2.8639460e-04	
   8.1900358e+03	   2.8608360e-04	
   8.2000351e+03	   2.8573870e-04	
   8.2100334e+03	   2.8531550e-04	
   8.2200327e+03	   2.8483200e-04	
   8.2300310e+03	   2.8425640e-04	
   8.2400303e+03	   2.8359870e-04	
   8.2500296e+03	   2.8282440e-04	
   8.2600279e+03	   2.8193550e-04	
   8.2700558e+03	   2.8085050e-04	
   8.2800255e+03	   2.7961160e-04	
   8.2900248e+03	   2.7821830e-04	
   8.3000526e+03	   2.7655190e-04	
   8.3100224e+03	   2.7472370e-04	
   8.3200207e+03	   2.7258800e-04	
   8.3300486e+03	   2.7020000e-04	
   8.3400183e+03	   2.6761970e-04	
   8.3500175e+03	   2.6470500e-04	
   8.3600454e+03	   2.6146030e-04	
   8.3700151e+03	   2.5796280e-04	
   8.3800430e+03	   2.5408610e-04	
   8.3900423e+03	   2.4996210e-04	
   8.4000406e+03	   2.4543700e-04	
   8.4100399e+03	   2.4076950e-04	
   8.4200382e+03	   2.3548330e-04	
   8.4300375e+03	   2.3002890e-04	
   8.4400358e+03	   2.2407500e-04	
   8.4500351e+03	   2.1763540e-04	
   8.4600630e+03	   2.1084780e-04	
   8.4700327e+03	   2.0379680e-04	
   8.4800310e+03	   1.9628040e-04	
   8.4900303e+03	   1.8865470e-04	
   8.5000296e+03	   1.8084330e-04	
   8.5100279e+03	   1.7278520e-04	
   8.5200272e+03	   1.6469610e-04	
   8.5300255e+03	   1.5659710e-04	
   8.5400248e+03	   1.4816150e-04	
   8.5500231e+03	   1.3970570e-04	
   8.5600224e+03	   1.3142220e-04	
   8.5700207e+03	   1.2313780e-04	
   8.5800200e+03	   1.1501230e-04	
   8.5900183e+03	   1.0701500e-04	
   8.6000175e+03	   9.9294170e-05	
   8.6100159e+03	   9.1456100e-05	
   8.6200151e+03	   8.4486220e-05	
   8.6300144e+03	   7.7665310e-05	
   8.6400709e+03	   7.0765330e-05	
   8.6500406e+03	   6.4719530e-05	
   8.6600399e+03	   5.8911460e-05	
   8.6700382e+03	   5.3179150e-05	
   8.6800375e+03	   4.8103110e-05	
   8.6900358e+03	   4.3359370e-05	
   8.7000351e+03	   3.8787130e-05	
   8.7100334e+03	   3.4665510e-05	
   8.7200327e+03	   3.0828480e-05	
   8.7300310e+03	   2.7212960e-05	
   8.7400303e+03	   2.4008850e-05	
   8.7500296e+03	   2.1041650e-05	
   8.7599993e+03	   1.8410580e-05	
   8.7700558e+03	   1.6120770e-05	
   8.7800255e+03	   1.3993540e-05	
   8.7900248e+03	   1.2036860e-05	
   8.8000231e+03	   1.0389660e-05	
   8.8100224e+03	   9.0240400e-06	
   8.8200207e+03	   7.8314300e-06	
   8.8299904e+03	   6.7076280e-06	
   8.8400183e+03	   5.7366500e-06	
   8.8500175e+03	   4.8673680e-06	
   8.8600159e+03	   4.1904920e-06	
   8.8700151e+03	   3.6029640e-06	
   8.8800430e+03	   3.1034190e-06	
   8.8900423e+03	   2.6699310e-06	
   8.9000406e+03	   2.3026800e-06	
   8.9100399e+03	   1.9906640e-06	
   8.9200096e+03	   1.7211470e-06	
   8.9300375e+03	   1.4800110e-06	
   8.9400358e+03	   1.2852300e-06	
   8.9500351e+03	   1.1198690e-06	
   8.9600334e+03	   9.9258180e-07	
   8.9700327e+03	   8.9170810e-07	
   8.9800310e+03	   8.0394640e-07	
   8.9900007e+03	   7.2368420e-07	
   9.0000296e+03	   6.6516250e-07	
   9.0100279e+03	   6.1455780e-07	
   9.0200272e+03	   5.7432560e-07	
   9.0300255e+03	   5.3558770e-07	
   9.0400248e+03	   5.0177750e-07	
   9.0500231e+03	   4.7483390e-07	
   9.0600224e+03	   4.5207620e-07	
   9.0700207e+03	   4.2319150e-07	
   9.0800200e+03	   4.0030700e-07	
   9.0900183e+03	   3.7953300e-07	
   9.1000175e+03	   3.6143020e-07	
   9.1100159e+03	   3.4395810e-07	
   9.1200151e+03	   3.2810310e-07	
   9.1300430e+03	   3.1436750e-07	
   9.1400423e+03	   3.0339240e-07	
   9.1500702e+03	   2.9411850e-07	
   9.1600103e+03	   2.8368350e-07	
   9.1700382e+03	   2.7420170e-07	
   9.1800375e+03	   2.6743830e-07	
   9.1900072e+03	   2.6496910e-07	
   9.2000351e+03	   2.6182390e-07	
   9.2100334e+03	   2.5971350e-07	
   9.2200327e+03	   2.5603370e-07	
   9.2300606e+03	   2.5297540e-07	
   9.2400303e+03	   2.5036370e-07	
   9.2500296e+03	   2.4720990e-07	
   9.2600279e+03	   2.4262960e-07	
   9.2700272e+03	   2.3906690e-07	
   9.2800255e+03	   2.3533460e-07	
   9.2899952e+03	   2.3197460e-07	
   9.3000231e+03	   2.2850180e-07	
   9.3099928e+03	   2.2486380e-07	
   9.3200207e+03	   2.2115390e-07	
   9.3300200e+03	   2.1842370e-07	
   9.3399897e+03	   2.1592560e-07	
   9.3500175e+03	   2.1214510e-07	
   9.3600159e+03	   2.0840950e-07	
   9.3699856e+03	   2.0506780e-07	
   9.3800430e+03	   2.0203930e-07	
   9.3900127e+03	   1.9873600e-07	
   9.4000406e+03	   1.9608170e-07	
   9.4100103e+03	   1.9394380e-07	
   9.4200382e+03	   1.9137850e-07	
   9.4300375e+03	   1.8898960e-07	
   9.4400072e+03	   1.8667540e-07	
   9.4500351e+03	   1.8256710e-07	
   9.4600334e+03	   1.8012260e-07	
   9.4700327e+03	   1.7825840e-07	
   9.4800310e+03	   1.7587050e-07	
   9.4900303e+03	   1.7320610e-07	
   9.5000000e+03	   1.7090940e-07	
