   7.0000000e+03	   2.8807110e-04	
   7.0099988e+03	   2.8807380e-04	
   7.0200558e+03	   2.8807360e-04	
   7.0300255e+03	   2.8807620e-04	
   7.0400243e+03	   2.8806760e-04	
   7.0500236e+03	   2.8807590e-04	
   7.0600224e+03	   2.8807270e-04	
   7.0700212e+03	   2.8804910e-04	
   7.0800200e+03	   2.8805970e-04	
   7.0900187e+03	   2.8805340e-04	
   7.1000175e+03	   2.8805650e-04	
   7.1100163e+03	   2.8805320e-04	
   7.1200151e+03	   2.8804880e-04	
   7.1300430e+03	   2.8804640e-04	
   7.1400418e+03	   2.8804550e-04	
   7.1500702e+03	   2.8803980e-04	
   7.1600394e+03	   2.8803010e-04	
   7.1700387e+03	   2.8802010e-04	
   7.1800375e+03	   2.8801980e-04	
   7.1900363e+03	   2.8801190e-04	
   7.2000351e+03	   2.8801090e-04	
   7.2100339e+03	   2.8799200e-04	
   7.2200327e+03	   2.8798760e-04	
   7.2300315e+03	   2.8798310e-04	
   7.2400303e+03	   2.8797050e-04	
   7.2500291e+03	   2.8794710e-04	
   7.2600279e+03	   2.8794690e-04	
   7.2700267e+03	   2.8792070e-04	
   7.2800255e+03	   2.8791590e-04	
   7.2900243e+03	   2.8788560e-04	
   7.3000236e+03	   2.8784660e-04	
   7.3100514e+03	   2.8781520e-04	
   7.3200212e+03	   2.8777540e-04	
   7.3300200e+03	   2.8774250e-04	
   7.3400187e+03	   2.8768410e-04	
   7.3500175e+03	   2.8762990e-04	
   7.3600163e+03	   2.8754150e-04	
   7.3700151e+03	   2.8745510e-04	
   7.3800430e+03	   2.8736400e-04	
   7.3900418e+03	   2.8726650e-04	
   7.4000406e+03	   2.8714340e-04	
   7.4100394e+03	   2.8701540e-04	
   7.4200387e+03	   2.8685120e-04	
   7.4300375e+03	   2.8667030e-04	
   7.4400072e+03	   2.8647480e-04	
   7.4500642e+03	   2.8624170e-04	
   7.4600339e+03	   2.8598470e-04	
   7.4700327e+03	   2.8566950e-04	
   7.4800315e+03	   2.8529820e-04	
   7.4900303e+03	   2.8486250e-04	
   7.5000291e+03	   2.8438150e-04	
   7.5100279e+03	   2.8380840e-04	
   7.5200267e+03	   2.8316300e-04	
   7.5300255e+03	   2.8240250e-04	
   7.5400243e+03	   2.8151490e-04	
   7.5500236e+03	   2.8046200e-04	
   7.5599928e+03	   2.7927520e-04	
   7.5700502e+03	   2.7787920e-04	
   7.5800200e+03	   2.7630130e-04	
   7.5900187e+03	   2.7457990e-04	
   7.6000175e+03	   2.7263880e-04	
   7.6100163e+03	   2.7045060e-04	
   7.6200151e+03	   2.6807700e-04	
   7.6300430e+03	   2.6537130e-04	
   7.6400418e+03	   2.6231230e-04	
   7.6500406e+03	   2.5894320e-04	
   7.6600394e+03	   2.5535510e-04	
   7.6700387e+03	   2.5136590e-04	
   7.6800079e+03	   2.4706870e-04	
   7.6900363e+03	   2.4244830e-04	
   7.7000351e+03	   2.3741330e-04	
   7.7100339e+03	   2.3209970e-04	
   7.7200327e+03	   2.2624930e-04	
   7.7300315e+03	   2.2010060e-04	
   7.7400303e+03	   2.1364670e-04	
   7.7500291e+03	   2.0674740e-04	
   7.7599988e+03	   1.9939080e-04	
   7.7700267e+03	   1.9188590e-04	
   7.7800255e+03	   1.8406770e-04	
   7.7900243e+03	   1.7563790e-04	
   7.8000236e+03	   1.6732730e-04	
   7.8100224e+03	   1.5847060e-04	
   7.8200212e+03	   1.4981150e-04	
   7.8300200e+03	   1.4123140e-04	
   7.8400187e+03	   1.3249340e-04	
   7.8500175e+03	   1.2384630e-04	
   7.8600163e+03	   1.1558700e-04	
   7.8700151e+03	   1.0751560e-04	
   7.8800430e+03	   9.9423050e-05	
   7.8900418e+03	   9.1716540e-05	
   7.9000406e+03	   8.4321970e-05	
   7.9100394e+03	   7.7340250e-05	
   7.9200387e+03	   7.0803090e-05	
   7.9300375e+03	   6.4506010e-05	
   7.9400072e+03	   5.8673000e-05	
   7.9500351e+03	   5.3163850e-05	
   7.9600339e+03	   4.8006220e-05	
   7.9700327e+03	   4.3263150e-05	
   7.9800315e+03	   3.8864830e-05	
   7.9900303e+03	   3.4902690e-05	
   8.0000296e+03	   3.1120400e-05	
   8.0100279e+03	   2.7695290e-05	
   8.0200272e+03	   2.4494040e-05	
   8.0300255e+03	   2.1628750e-05	
   8.0400248e+03	   1.9016400e-05	
   8.0499945e+03	   1.6688730e-05	
   8.0600224e+03	   1.4555510e-05	
   8.0699921e+03	   1.2642260e-05	
   8.0800200e+03	   1.0944210e-05	
   8.0900183e+03	   9.4009350e-06	
   8.1000175e+03	   8.1633100e-06	
   8.1100159e+03	   6.9506410e-06	
   8.1200151e+03	   5.9723930e-06	
   8.1300430e+03	   5.1711950e-06	
   8.1400423e+03	   4.4331520e-06	
   8.1500702e+03	   3.8103240e-06	
   8.1600399e+03	   3.2830780e-06	
   8.1700382e+03	   2.8328970e-06	
   8.1800375e+03	   2.4346170e-06	
   8.1900358e+03	   2.1158960e-06	
   8.2000351e+03	   1.8136470e-06	
   8.2100334e+03	   1.5635450e-06	
   8.2200327e+03	   1.3612650e-06	
   8.2300310e+03	   1.1873910e-06	
   8.2400303e+03	   1.0420400e-06	
   8.2500296e+03	   9.2536820e-07	
   8.2600279e+03	   8.1413170e-07	
   8.2700272e+03	   7.2856540e-07	
   8.2800255e+03	   6.5832740e-07	
   8.2900248e+03	   5.9852410e-07	
   8.3000231e+03	   5.5255590e-07	
   8.3100224e+03	   5.1376140e-07	
   8.3200207e+03	   4.8042270e-07	
   8.3300200e+03	   4.5500480e-07	
   8.3400183e+03	   4.3984530e-07	
   8.3500175e+03	   4.1001460e-07	
   8.3600159e+03	   3.9581910e-07	
   8.3700151e+03	   3.7479300e-07	
   8.3800430e+03	   3.5519140e-07	
   8.3900423e+03	   3.3972130e-07	
   8.4000406e+03	   3.2380390e-07	
   8.4100399e+03	   3.1012980e-07	
   8.4200382e+03	   2.9664070e-07	
   8.4300375e+03	   2.8556510e-07	
   8.4400358e+03	   2.7468780e-07	
   8.4500351e+03	   2.6605700e-07	
   8.4600334e+03	   2.5846840e-07	
   8.4700327e+03	   2.5209970e-07	
   8.4800310e+03	   2.4752460e-07	
   8.4900303e+03	   2.4388970e-07	
   8.5000296e+03	   2.4143020e-07	
   8.5100279e+03	   2.3857040e-07	
   8.5200272e+03	   2.3594680e-07	
   8.5300255e+03	   2.3317250e-07	
   8.5400248e+03	   2.3083810e-07	
   8.5500231e+03	   2.2806300e-07	
   8.5600224e+03	   2.2518690e-07	
   8.5700207e+03	   2.2308520e-07	
   8.5800200e+03	   2.2082350e-07	
   8.5900183e+03	   2.1637670e-07	
   8.6000175e+03	   2.1412280e-07	
   8.6100159e+03	   2.1186580e-07	
   8.6200151e+03	   2.0774760e-07	
   8.6300144e+03	   2.0425990e-07	
   8.6400709e+03	   2.0218390e-07	
   8.6500406e+03	   2.0026270e-07	
   8.6600103e+03	   1.9670420e-07	
   8.6700382e+03	   1.9406300e-07	
   8.6800375e+03	   1.9152260e-07	
   8.6900358e+03	   1.8814350e-07	
   8.7000351e+03	   1.8540100e-07	
   8.7100334e+03	   1.8289830e-07	
   8.7200327e+03	   1.8121650e-07	
   8.7300310e+03	   1.7890270e-07	
   8.7400303e+03	   1.7701590e-07	
   8.7500296e+03	   1.7464640e-07	
   8.7599993e+03	   1.7189040e-07	
   8.7700558e+03	   1.6930410e-07	
   8.7800255e+03	   1.6701060e-07	
   8.7900248e+03	   1.6485230e-07	
   8.8000231e+03	   1.6249490e-07	
   8.8100224e+03	   1.6022950e-07	
   8.8200207e+03	   1.5812980e-07	
   8.8300200e+03	   1.5558450e-07	
   8.8400183e+03	   1.5314450e-07	
   8.8500175e+03	   1.5067250e-07	
   8.8600159e+03	   1.4814070e-07	
   8.8699856e+03	   1.4589220e-07	
   8.8800430e+03	   1.4311420e-07	
   8.8900423e+03	   1.4111800e-07	
   8.9000120e+03	   1.3863400e-07	
   8.9100685e+03	   1.3618010e-07	
   8.9200382e+03	   1.3400170e-07	
   8.9300375e+03	   1.3150100e-07	
   8.9400358e+03	   1.2983420e-07	
   8.9500351e+03	   1.2808750e-07	
   8.9600334e+03	   1.2644820e-07	
   8.9700031e+03	   1.2440020e-07	
   8.9800606e+03	   1.2276080e-07	
   8.9900007e+03	   1.2107040e-07	
   9.0000296e+03	   1.1947170e-07	
   9.0100279e+03	   1.1799030e-07	
   9.0200272e+03	   1.1643960e-07	
   9.0300255e+03	   1.1485030e-07	
   9.0400248e+03	   1.1334450e-07	
   9.0500231e+03	   1.1184720e-07	
   9.0600224e+03	   1.1040780e-07	
   9.0700207e+03	   1.0870950e-07	
   9.0800200e+03	   1.0713960e-07	
   9.0900183e+03	   1.0575620e-07	
   9.1000175e+03	   1.0431390e-07	
   9.1100159e+03	   1.0278230e-07	
   9.1200151e+03	   1.0124620e-07	
   9.1300430e+03	   9.9502510e-08	
   9.1400423e+03	   9.7780340e-08	
   9.1500702e+03	   9.6128370e-08	
   9.1600103e+03	   9.4487540e-08	
   9.1700382e+03	   9.2766950e-08	
   9.1800375e+03	   9.1104660e-08	
   9.1900358e+03	   8.9446700e-08	
   9.2000351e+03	   8.7816640e-08	
   9.2100334e+03	   8.6198880e-08	
   9.2200031e+03	   8.4432660e-08	
   9.2300606e+03	   8.2754120e-08	
   9.2400303e+03	   8.1304900e-08	
   9.2500296e+03	   8.0177100e-08	
   9.2600279e+03	   7.9120670e-08	
   9.2700272e+03	   7.7811850e-08	
   9.2800255e+03	   7.6249480e-08	
   9.2899952e+03	   7.4868640e-08	
   9.3000231e+03	   7.3651790e-08	
   9.3100224e+03	   7.2888490e-08	
   9.3200207e+03	   7.1585280e-08	
   9.3300200e+03	   7.0858350e-08	
   9.3399897e+03	   7.0009410e-08	
   9.3500175e+03	   6.9131670e-08	
   9.3600159e+03	   6.8293160e-08	
   9.3699856e+03	   6.7149450e-08	
   9.3800430e+03	   6.6516210e-08	
   9.3900423e+03	   6.5535830e-08	
   9.4000120e+03	   6.4714630e-08	
   9.4100399e+03	   6.4143400e-08	
   9.4200096e+03	   6.3547640e-08	
   9.4300375e+03	   6.2876420e-08	
   9.4400072e+03	   6.2350840e-08	
   9.4500351e+03	   6.1616060e-08	
   9.4600334e+03	   6.0983440e-08	
   9.4700327e+03	   6.0449440e-08	
   9.4800024e+03	   5.9712600e-08	
   9.4900303e+03	   5.9228460e-08	
   9.5000000e+03	   5.8664720e-08	
