   7.0000291e+03	   3.2818970e-04	
   7.0100279e+03	   2.8753500e-04	
   7.0200267e+03	   2.8753860e-04	
   7.0300255e+03	   2.8753820e-04	
   7.0400243e+03	   2.8756160e-04	
   7.0499940e+03	   2.8756080e-04	
   7.0600224e+03	   2.8757320e-04	
   7.0700212e+03	   2.8756930e-04	
   7.0800200e+03	   2.8757480e-04	
   7.0900187e+03	   2.8757690e-04	
   7.1000175e+03	   2.8759470e-04	
   7.1100163e+03	   2.8760290e-04	
   7.1200151e+03	   2.8760690e-04	
   7.1300430e+03	   2.8762220e-04	
   7.1400418e+03	   2.8762950e-04	
   7.1500406e+03	   2.8763690e-04	
   7.1600394e+03	   2.8765370e-04	
   7.1700387e+03	   2.8766320e-04	
   7.1800375e+03	   2.8766650e-04	
   7.1900363e+03	   2.8767670e-04	
   7.2000351e+03	   2.8768850e-04	
   7.2100339e+03	   2.8768990e-04	
   7.2200327e+03	   2.8769790e-04	
   7.2300315e+03	   2.8771070e-04	
   7.2400303e+03	   2.8771440e-04	
   7.2500291e+03	   2.8772350e-04	
   7.2600279e+03	   2.8773090e-04	
   7.2700267e+03	   2.8774170e-04	
   7.2800255e+03	   2.8774980e-04	
   7.2900243e+03	   2.8775110e-04	
   7.3000236e+03	   2.8775960e-04	
   7.3100224e+03	   2.8777020e-04	
   7.3200212e+03	   2.8777670e-04	
   7.3300200e+03	   2.8778430e-04	
   7.3400187e+03	   2.8779560e-04	
   7.3500175e+03	   2.8779810e-04	
   7.3600163e+03	   2.8780790e-04	
   7.3700151e+03	   2.8780810e-04	
   7.3800430e+03	   2.8781340e-04	
   7.3900418e+03	   2.8781550e-04	
   7.4000406e+03	   2.8782170e-04	
   7.4100394e+03	   2.8782950e-04	
   7.4200387e+03	   2.8782570e-04	
   7.4300375e+03	   2.8783700e-04	
   7.4400072e+03	   2.8784400e-04	
   7.4500642e+03	   2.8784270e-04	
   7.4600339e+03	   2.8784850e-04	
   7.4700327e+03	   2.8784630e-04	
   7.4800315e+03	   2.8785210e-04	
   7.4900303e+03	   2.8785630e-04	
   7.5000291e+03	   2.8784940e-04	
   7.5100279e+03	   2.8785780e-04	
   7.5200267e+03	   2.8786580e-04	
   7.5300255e+03	   2.8786130e-04	
   7.5400243e+03	   2.8786540e-04	
   7.5500236e+03	   2.8787240e-04	
   7.5599928e+03	   2.8787270e-04	
   7.5700502e+03	   2.8787990e-04	
   7.5800200e+03	   2.8787860e-04	
   7.5900187e+03	   2.8788360e-04	
   7.6000175e+03	   2.8788790e-04	
   7.6100163e+03	   2.8788420e-04	
   7.6200151e+03	   2.8789140e-04	
   7.6300430e+03	   2.8789620e-04	
   7.6400418e+03	   2.8790110e-04	
   7.6500406e+03	   2.8790040e-04	
   7.6600394e+03	   2.8789530e-04	
   7.6700387e+03	   2.8790690e-04	
   7.6800079e+03	   2.8791190e-04	
   7.6900363e+03	   2.8791980e-04	
   7.7000351e+03	   2.8792180e-04	
   7.7100339e+03	   2.8792370e-04	
   7.7200327e+03	   2.8792370e-04	
   7.7300315e+03	   2.8792840e-04	
   7.7400303e+03	   2.8793200e-04	
   7.7500291e+03	   2.8793230e-04	
   7.7600279e+03	   2.8792900e-04	
   7.7700267e+03	   2.8792950e-04	
   7.7800255e+03	   2.8793090e-04	
   7.7900243e+03	   2.8793540e-04	
   7.8000236e+03	   2.8793520e-04	
   7.8100224e+03	   2.8793020e-04	
   7.8200212e+03	   2.8792860e-04	
   7.8300200e+03	   2.8793330e-04	
   7.8400187e+03	   2.8791670e-04	
   7.8500175e+03	   2.8792530e-04	
   7.8600163e+03	   2.8792660e-04	
   7.8699861e+03	   2.8791940e-04	
   7.8800721e+03	   2.8789500e-04	
   7.8900418e+03	   2.8789120e-04	
   7.9000115e+03	   2.8790010e-04	
   7.9100394e+03	   2.8788030e-04	
   7.9200387e+03	   2.8785700e-04	
   7.9300375e+03	   2.8783630e-04	
   7.9400072e+03	   2.8780320e-04	
   7.9500351e+03	   2.8776590e-04	
   7.9600339e+03	   2.8772180e-04	
   7.9700327e+03	   2.8768680e-04	
   7.9800315e+03	   2.8763090e-04	
   7.9900303e+03	   2.8756400e-04	
   8.0000000e+03	   2.8750610e-04	
   8.0100279e+03	   2.8741920e-04	
   8.0200272e+03	   2.8732480e-04	
   8.0300255e+03	   2.8722770e-04	
   8.0400248e+03	   2.8711430e-04	
   8.0500231e+03	   2.8697950e-04	
   8.0600224e+03	   2.8683600e-04	
   8.0699921e+03	   2.8668230e-04	
   8.0800200e+03	   2.8649500e-04	
   8.0900183e+03	   2.8625510e-04	
   8.1000175e+03	   2.8599540e-04	
   8.1100159e+03	   2.8568040e-04	
   8.1200151e+03	   2.8530750e-04	
   8.1300430e+03	   2.8489410e-04	
   8.1400423e+03	   2.8439360e-04	
   8.1500702e+03	   2.8379350e-04	
   8.1600103e+03	   2.8312620e-04	
   8.1700382e+03	   2.8232250e-04	
   8.1800375e+03	   2.8137360e-04	
   8.1900358e+03	   2.8031420e-04	
   8.2000351e+03	   2.7909300e-04	
   8.2100334e+03	   2.7770660e-04	
   8.2200327e+03	   2.7617660e-04	
   8.2300310e+03	   2.7448270e-04	
   8.2400303e+03	   2.7251500e-04	
   8.2500296e+03	   2.7037280e-04	
   8.2600279e+03	   2.6802010e-04	
   8.2700272e+03	   2.6534980e-04	
   8.2800255e+03	   2.6238880e-04	
   8.2900248e+03	   2.5919280e-04	
   8.3000231e+03	   2.5562760e-04	
   8.3100224e+03	   2.5178230e-04	
   8.3200207e+03	   2.4758510e-04	
   8.3300200e+03	   2.4305930e-04	
   8.3400183e+03	   2.3821350e-04	
   8.3500175e+03	   2.3297770e-04	
   8.3600159e+03	   2.2730980e-04	
   8.3700151e+03	   2.2129790e-04	
   8.3800430e+03	   2.1478040e-04	
   8.3900423e+03	   2.0819870e-04	
   8.4000406e+03	   2.0115060e-04	
   8.4100103e+03	   1.9407110e-04	
   8.4200382e+03	   1.8632100e-04	
   8.4300375e+03	   1.7848660e-04	
   8.4400358e+03	   1.7035640e-04	
   8.4500351e+03	   1.6187150e-04	
   8.4600334e+03	   1.5341720e-04	
   8.4700327e+03	   1.4516550e-04	
   8.4800310e+03	   1.3662230e-04	
   8.4900303e+03	   1.2831370e-04	
   8.5000296e+03	   1.2030790e-04	
   8.5100279e+03	   1.1211570e-04	
   8.5200272e+03	   1.0431300e-04	
   8.5300255e+03	   9.6867010e-05	
   8.5400248e+03	   8.9512960e-05	
   8.5499945e+03	   8.2515100e-05	
   8.5600224e+03	   7.5898290e-05	
   8.5700207e+03	   6.9561350e-05	
   8.5800200e+03	   6.3553190e-05	
   8.5900183e+03	   5.7993670e-05	
   8.6000175e+03	   5.2749020e-05	
   8.6100159e+03	   4.7717000e-05	
   8.6200151e+03	   4.3265920e-05	
   8.6300144e+03	   3.9020750e-05	
   8.6400709e+03	   3.5014690e-05	
   8.6500120e+03	   3.1423810e-05	
   8.6600399e+03	   2.8142030e-05	
   8.6700382e+03	   2.4980230e-05	
   8.6800375e+03	   2.2176030e-05	
   8.6900072e+03	   1.9552450e-05	
   8.7000351e+03	   1.7268390e-05	
   8.7100334e+03	   1.5200220e-05	
   8.7200327e+03	   1.3276750e-05	
   8.7300310e+03	   1.1587050e-05	
   8.7400303e+03	   1.0069550e-05	
   8.7500296e+03	   8.7393940e-06	
   8.7599993e+03	   7.5268710e-06	
   8.7700558e+03	   6.5048300e-06	
   8.7799969e+03	   5.5940580e-06	
   8.7900248e+03	   4.8197820e-06	
   8.8000231e+03	   4.1699390e-06	
   8.8100224e+03	   3.6152000e-06	
   8.8200207e+03	   3.1194020e-06	
   8.8300200e+03	   2.7000260e-06	
   8.8400183e+03	   2.3431720e-06	
   8.8500175e+03	   2.0183350e-06	
   8.8599873e+03	   1.7568000e-06	
   8.8700151e+03	   1.5304530e-06	
   8.8800430e+03	   1.3364870e-06	
   8.8900423e+03	   1.1728190e-06	
   8.9000120e+03	   1.0329780e-06	
   8.9100399e+03	   9.1614810e-07	
   8.9200382e+03	   8.0624910e-07	
   8.9300375e+03	   7.2405700e-07	
   8.9400358e+03	   6.4938310e-07	
   8.9500351e+03	   5.9147210e-07	
   8.9600334e+03	   5.4225980e-07	
   8.9700031e+03	   5.0158140e-07	
   8.9800310e+03	   4.7134640e-07	
   8.9900007e+03	   4.4350030e-07	
   9.0000296e+03	   4.2425860e-07	
   9.0100279e+03	   4.0100370e-07	
   9.0200272e+03	   3.8421620e-07	
   9.0299969e+03	   3.6821130e-07	
   9.0400534e+03	   3.5470260e-07	
   9.0500231e+03	   3.4020780e-07	
   9.0599928e+03	   3.2211450e-07	
   9.0700502e+03	   3.1094570e-07	
   9.0799904e+03	   3.0149120e-07	
   9.0900183e+03	   2.8888940e-07	
   9.1000175e+03	   2.7457710e-07	
   9.1100159e+03	   2.6513980e-07	
   9.1200151e+03	   2.5293830e-07	
   9.1300430e+03	   2.4673700e-07	
   9.1400423e+03	   2.4022400e-07	
   9.1500702e+03	   2.3460370e-07	
   9.1600103e+03	   2.2747490e-07	
   9.1700382e+03	   2.2132360e-07	
   9.1800375e+03	   2.1666300e-07	
   9.1900358e+03	   2.1389580e-07	
   9.2000351e+03	   2.1273520e-07	
   9.2100334e+03	   2.0782850e-07	
   9.2200031e+03	   2.0751640e-07	
   9.2300606e+03	   2.0248170e-07	
   9.2400007e+03	   1.9754240e-07	
   9.2500296e+03	   1.9323980e-07	
   9.2600279e+03	   1.8968760e-07	
   9.2700272e+03	   1.8746190e-07	
   9.2799969e+03	   1.8306270e-07	
   9.2900248e+03	   1.8030290e-07	
   9.3000231e+03	   1.7755320e-07	
   9.3100224e+03	   1.7426290e-07	
   9.3199921e+03	   1.7206610e-07	
   9.3300200e+03	   1.6991870e-07	
   9.3399897e+03	   1.6752930e-07	
   9.3500175e+03	   1.6409070e-07	
   9.3600159e+03	   1.6196480e-07	
   9.3699856e+03	   1.5959940e-07	
   9.3800430e+03	   1.5733890e-07	
   9.3900127e+03	   1.5525050e-07	
   9.4000406e+03	   1.5300520e-07	
   9.4100103e+03	   1.5080680e-07	
   9.4200382e+03	   1.4790490e-07	
   9.4300375e+03	   1.4610980e-07	
   9.4400072e+03	   1.4380230e-07	
   9.4500351e+03	   1.4131810e-07	
   9.4600334e+03	   1.4000880e-07	
   9.4700327e+03	   1.3817960e-07	
   9.4800024e+03	   1.3666620e-07	
   9.4900303e+03	   1.3500410e-07	
   9.5000000e+03	   1.3329350e-07	
