   6.0000000e+03	   2.8765020e-04	
   6.0100279e+03	   2.8764260e-04	
   6.0200267e+03	   2.8763280e-04	
   6.0300255e+03	   2.8764560e-04	
   6.0400243e+03	   2.8764320e-04	
   6.0500236e+03	   2.8763780e-04	
   6.0600224e+03	   2.8763260e-04	
   6.0700212e+03	   2.8763650e-04	
   6.0800200e+03	   2.8764070e-04	
   6.0900187e+03	   2.8763740e-04	
   6.1000175e+03	   2.8763230e-04	
   6.1100454e+03	   2.8763830e-04	
   6.1200151e+03	   2.8765210e-04	
   6.1300721e+03	   2.8764080e-04	
   6.1400418e+03	   2.8763640e-04	
   6.1500702e+03	   2.8763930e-04	
   6.1600394e+03	   2.8764450e-04	
   6.1700387e+03	   2.8764030e-04	
   6.1800666e+03	   2.8763280e-04	
   6.1900363e+03	   2.8764320e-04	
   6.2000642e+03	   2.8764160e-04	
   6.2100339e+03	   2.8763230e-04	
   6.2200327e+03	   2.8764000e-04	
   6.2300315e+03	   2.8763600e-04	
   6.2400303e+03	   2.8761980e-04	
   6.2500291e+03	   2.8763200e-04	
   6.2600279e+03	   2.8762750e-04	
   6.2700267e+03	   2.8761940e-04	
   6.2800546e+03	   2.8761900e-04	
   6.2900243e+03	   2.8762640e-04	
   6.3000526e+03	   2.8761830e-04	
   6.3100224e+03	   2.8762150e-04	
   6.3200502e+03	   2.8761480e-04	
   6.3300200e+03	   2.8761580e-04	
   6.3400187e+03	   2.8762310e-04	
   6.3500466e+03	   2.8761290e-04	
   6.3600454e+03	   2.8761310e-04	
   6.3700151e+03	   2.8761590e-04	
   6.3800430e+03	   2.8761690e-04	
   6.3900709e+03	   2.8761380e-04	
   6.4000406e+03	   2.8761470e-04	
   6.4100690e+03	   2.8761590e-04	
   6.4200387e+03	   2.8761540e-04	
   6.4300666e+03	   2.8761500e-04	
   6.4400363e+03	   2.8761250e-04	
   6.4500642e+03	   2.8761060e-04	
   6.4600339e+03	   2.8761060e-04	
   6.4700327e+03	   2.8761410e-04	
   6.4800606e+03	   2.8761070e-04	
   6.4900303e+03	   2.8760920e-04	
   6.5000291e+03	   2.8760730e-04	
   6.5100279e+03	   2.8761100e-04	
   6.5200267e+03	   2.8760900e-04	
   6.5300546e+03	   2.8760890e-04	
   6.5400243e+03	   2.8761730e-04	
   6.5500526e+03	   2.8761510e-04	
   6.5600224e+03	   2.8760900e-04	
   6.5700212e+03	   2.8762310e-04	
   6.5800490e+03	   2.8763060e-04	
   6.5900187e+03	   2.8762660e-04	
   6.6000466e+03	   2.8762560e-04	
   6.6100163e+03	   2.8762690e-04	
   6.6200442e+03	   2.8762610e-04	
   6.6300430e+03	   2.8763340e-04	
   6.6400709e+03	   2.8763790e-04	
   6.6500406e+03	   2.8763990e-04	
   6.6600690e+03	   2.8763620e-04	
   6.6700387e+03	   2.8764270e-04	
   6.6800375e+03	   2.8763510e-04	
   6.6900363e+03	   2.8765040e-04	
   6.7000351e+03	   2.8765240e-04	
   6.7100339e+03	   2.8765560e-04	
   6.7200327e+03	   2.8765760e-04	
   6.7300315e+03	   2.8766370e-04	
   6.7400594e+03	   2.8766310e-04	
   6.7500291e+03	   2.8766590e-04	
   6.7600279e+03	   2.8766650e-04	
   6.7700267e+03	   2.8768320e-04	
   6.7800255e+03	   2.8768730e-04	
   6.7900243e+03	   2.8767970e-04	
   6.8000526e+03	   2.8768310e-04	
   6.8100224e+03	   2.8769890e-04	
   6.8200212e+03	   2.8769900e-04	
   6.8300490e+03	   2.8769990e-04	
   6.8400187e+03	   2.8770930e-04	
   6.8500175e+03	   2.8770550e-04	
   6.8600163e+03	   2.8770950e-04	
   6.8700151e+03	   2.8771620e-04	
   6.8800430e+03	   2.8772950e-04	
   6.8900709e+03	   2.8772290e-04	
   6.9000406e+03	   2.8773960e-04	
   6.9100394e+03	   2.8773670e-04	
   6.9200387e+03	   2.8774360e-04	
   6.9300375e+03	   2.8774650e-04	
   6.9400363e+03	   2.8775640e-04	
   6.9500351e+03	   2.8774750e-04	
   6.9600339e+03	   2.8776380e-04	
   6.9700327e+03	   2.8777380e-04	
   6.9800315e+03	   2.8777230e-04	
   6.9900594e+03	   2.8777360e-04	
   7.0000291e+03	   2.8778130e-04	
   7.0100279e+03	   2.8778920e-04	
   7.0200267e+03	   2.8778790e-04	
   7.0300255e+03	   2.8779710e-04	
   7.0400243e+03	   2.8778700e-04	
   7.0500236e+03	   2.8779930e-04	
   7.0600224e+03	   2.8779150e-04	
   7.0700212e+03	   2.8780500e-04	
   7.0800200e+03	   2.8780250e-04	
   7.0900187e+03	   2.8779860e-04	
   7.1000175e+03	   2.8780670e-04	
   7.1100163e+03	   2.8782490e-04	
   7.1200151e+03	   2.8781380e-04	
   7.1300430e+03	   2.8782840e-04	
   7.1400418e+03	   2.8782590e-04	
   7.1500702e+03	   2.8782240e-04	
   7.1600394e+03	   2.8783220e-04	
   7.1700387e+03	   2.8782860e-04	
   7.1800375e+03	   2.8782950e-04	
   7.1900363e+03	   2.8783730e-04	
   7.2000351e+03	   2.8784010e-04	
   7.2100630e+03	   2.8782880e-04	
   7.2200327e+03	   2.8783490e-04	
   7.2300606e+03	   2.8784030e-04	
   7.2400303e+03	   2.8784360e-04	
   7.2500291e+03	   2.8784060e-04	
   7.2600279e+03	   2.8784420e-04	
   7.2700558e+03	   2.8784490e-04	
   7.2800255e+03	   2.8785170e-04	
   7.2900243e+03	   2.8784870e-04	
   7.3000526e+03	   2.8784150e-04	
   7.3100224e+03	   2.8784460e-04	
   7.3200212e+03	   2.8785090e-04	
   7.3300200e+03	   2.8785090e-04	
   7.3400187e+03	   2.8785340e-04	
   7.3500175e+03	   2.8786220e-04	
   7.3600454e+03	   2.8784880e-04	
   7.3700151e+03	   2.8786320e-04	
   7.3800430e+03	   2.8786040e-04	
   7.3900418e+03	   2.8785660e-04	
   7.4000406e+03	   2.8786170e-04	
   7.4100394e+03	   2.8786320e-04	
   7.4200387e+03	   2.8785770e-04	
   7.4300666e+03	   2.8784780e-04	
   7.4400072e+03	   2.8785570e-04	
   7.4500642e+03	   2.8783650e-04	
   7.4600339e+03	   2.8783640e-04	
   7.4700327e+03	   2.8783150e-04	
   7.4800315e+03	   2.8782650e-04	
   7.4900303e+03	   2.8782880e-04	
   7.5000291e+03	   2.8780620e-04	
   7.5100279e+03	   2.8779680e-04	
   7.5200267e+03	   2.8779190e-04	
   7.5300255e+03	   2.8777420e-04	
   7.5400243e+03	   2.8777360e-04	
   7.5500236e+03	   2.8776010e-04	
   7.5599928e+03	   2.8775730e-04	
   7.5700502e+03	   2.8774960e-04	
   7.5800200e+03	   2.8772450e-04	
   7.5900187e+03	   2.8771990e-04	
   7.6000466e+03	   2.8771660e-04	
   7.6100163e+03	   2.8770250e-04	
   7.6200151e+03	   2.8768310e-04	
   7.6300430e+03	   2.8767200e-04	
   7.6400418e+03	   2.8765990e-04	
   7.6500702e+03	   2.8762880e-04	
   7.6600103e+03	   2.8761580e-04	
   7.6700387e+03	   2.8759440e-04	
   7.6800375e+03	   2.8756790e-04	
   7.6900363e+03	   2.8751330e-04	
   7.7000351e+03	   2.8749250e-04	
   7.7100339e+03	   2.8744260e-04	
   7.7200327e+03	   2.8738730e-04	
   7.7300315e+03	   2.8733720e-04	
   7.7400303e+03	   2.8726500e-04	
   7.7500291e+03	   2.8718100e-04	
   7.7600279e+03	   2.8707480e-04	
   7.7700558e+03	   2.8698320e-04	
   7.7800255e+03	   2.8687750e-04	
   7.7900243e+03	   2.8673910e-04	
   7.8000236e+03	   2.8657210e-04	
   7.8100224e+03	   2.8640020e-04	
   7.8200212e+03	   2.8621960e-04	
   7.8300200e+03	   2.8602480e-04	
   7.8400187e+03	   2.8578820e-04	
   7.8500175e+03	   2.8551080e-04	
   7.8600163e+03	   2.8522030e-04	
   7.8700151e+03	   2.8490200e-04	
   7.8800430e+03	   2.8455390e-04	
   7.8900418e+03	   2.8418850e-04	
   7.9000406e+03	   2.8375080e-04	
   7.9100394e+03	   2.8326230e-04	
   7.9200387e+03	   2.8275610e-04	
   7.9300079e+03	   2.8218520e-04	
   7.9400363e+03	   2.8159490e-04	
   7.9500351e+03	   2.8090730e-04	
   7.9600339e+03	   2.8015650e-04	
   7.9700327e+03	   2.7930660e-04	
   7.9800315e+03	   2.7838260e-04	
   7.9900303e+03	   2.7736750e-04	
   8.0000296e+03	   2.7627320e-04	
   8.0100279e+03	   2.7508800e-04	
   8.0200272e+03	   2.7377980e-04	
   8.0300255e+03	   2.7234320e-04	
   8.0400248e+03	   2.7071420e-04	
   8.0500231e+03	   2.6897130e-04	
   8.0600224e+03	   2.6704530e-04	
   8.0700207e+03	   2.6498350e-04	
   8.0800200e+03	   2.6273160e-04	
   8.0900183e+03	   2.6028620e-04	
   8.1000175e+03	   2.5768710e-04	
   8.1100159e+03	   2.5477000e-04	
   8.1200151e+03	   2.5163500e-04	
   8.1300430e+03	   2.4823430e-04	
   8.1400423e+03	   2.4465790e-04	
   8.1500702e+03	   2.4077740e-04	
   8.1600399e+03	   2.3692290e-04	
   8.1700382e+03	   2.3287060e-04	
   8.1800375e+03	   2.2841940e-04	
   8.1900358e+03	   2.2375260e-04	
   8.2000351e+03	   2.1877260e-04	
   8.2100334e+03	   2.1344700e-04	
   8.2200623e+03	   2.0792620e-04	
   8.2300310e+03	   2.0227030e-04	
   8.2400303e+03	   1.9632090e-04	
   8.2500296e+03	   1.9039390e-04	
   8.2600279e+03	   1.8447870e-04	
   8.2700558e+03	   1.7826920e-04	
   8.2800255e+03	   1.7190600e-04	
   8.2900248e+03	   1.6546920e-04	
   8.3000231e+03	   1.5888630e-04	
   8.3100510e+03	   1.5239070e-04	
   8.3200207e+03	   1.4580460e-04	
   8.3300200e+03	   1.3936540e-04	
   8.3400183e+03	   1.3304410e-04	
   8.3500471e+03	   1.2635830e-04	
   8.3600159e+03	   1.2016660e-04	
   8.3700151e+03	   1.1393560e-04	
   8.3800430e+03	   1.0767150e-04	
   8.3900423e+03	   1.0145300e-04	
   8.4000406e+03	   9.5480350e-05	
   8.4100399e+03	   8.9869530e-05	
   8.4200382e+03	   8.4122290e-05	
   8.4300375e+03	   7.8705320e-05	
   8.4400358e+03	   7.3333500e-05	
   8.4500351e+03	   6.8096400e-05	
   8.4600334e+03	   6.3194540e-05	
   8.4700327e+03	   5.8539560e-05	
   8.4800310e+03	   5.4035400e-05	
   8.4900303e+03	   4.9965110e-05	
   8.5000296e+03	   4.6108060e-05	
   8.5100279e+03	   4.2386770e-05	
   8.5200272e+03	   3.9169390e-05	
   8.5300255e+03	   3.6101100e-05	
   8.5400248e+03	   3.3076840e-05	
   8.5500231e+03	   3.0343930e-05	
   8.5600224e+03	   2.7823480e-05	
   8.5700207e+03	   2.5479300e-05	
   8.5800200e+03	   2.3333290e-05	
   8.5900183e+03	   2.1317870e-05	
   8.6000175e+03	   1.9401600e-05	
   8.6099873e+03	   1.7664750e-05	
   8.6200151e+03	   1.6112660e-05	
   8.6300144e+03	   1.4643320e-05	
   8.6400709e+03	   1.3316030e-05	
   8.6500120e+03	   1.2119980e-05	
   8.6600399e+03	   1.0937550e-05	
   8.6700382e+03	   9.9750980e-06	
   8.6800375e+03	   9.0468870e-06	
   8.6900358e+03	   8.2054170e-06	
   8.7000351e+03	   7.4017320e-06	
   8.7100334e+03	   6.7172260e-06	
   8.7200327e+03	   6.1189870e-06	
   8.7300310e+03	   5.5123620e-06	
   8.7400303e+03	   4.9612070e-06	
   8.7500296e+03	   4.4470460e-06	
   8.7600279e+03	   4.0218820e-06	
   8.7700272e+03	   3.6265450e-06	
   8.7800255e+03	   3.2672360e-06	
   8.7900248e+03	   2.9663390e-06	
   8.8000231e+03	   2.6523910e-06	
   8.8100224e+03	   2.3729880e-06	
   8.8200207e+03	   2.1238430e-06	
   8.8300200e+03	   1.8552780e-06	
   8.8400183e+03	   1.6774470e-06	
   8.8500175e+03	   1.5127150e-06	
   8.8600159e+03	   1.3528700e-06	
   8.8700151e+03	   1.2043700e-06	
   8.8800430e+03	   1.0580710e-06	
   8.8900423e+03	   9.3523500e-07	
   8.9000406e+03	   8.2425370e-07	
   8.9100399e+03	   7.3482770e-07	
   8.9200382e+03	   6.6033530e-07	
   8.9300375e+03	   5.9901810e-07	
   8.9400358e+03	   5.3272730e-07	
   8.9500351e+03	   4.7763440e-07	
   8.9600334e+03	   4.3281310e-07	
   8.9700327e+03	   4.0041510e-07	
   8.9800310e+03	   3.7254570e-07	
   8.9900303e+03	   3.4225320e-07	
   9.0000296e+03	   3.1770130e-07	
   9.0100279e+03	   3.0628660e-07	
   9.0200558e+03	   2.8952250e-07	
   9.0300255e+03	   2.7841650e-07	
   9.0400248e+03	   2.6215630e-07	
   9.0500231e+03	   2.4624260e-07	
   9.0600224e+03	   2.3773700e-07	
   9.0700207e+03	   2.3483570e-07	
   9.0800200e+03	   2.2842770e-07	
   9.0900183e+03	   2.2117260e-07	
   9.1000175e+03	   2.1420890e-07	
   9.1100159e+03	   2.0668340e-07	
   9.1200151e+03	   2.0296410e-07	
   9.1300430e+03	   1.9916370e-07	
   9.1400423e+03	   1.9464800e-07	
   9.1500702e+03	   1.9029720e-07	
   9.1600399e+03	   1.8589100e-07	
   9.1700382e+03	   1.8203280e-07	
   9.1800375e+03	   1.7848390e-07	
   9.1900358e+03	   1.7499850e-07	
   9.2000351e+03	   1.7211450e-07	
   9.2100334e+03	   1.6816030e-07	
   9.2200327e+03	   1.6529150e-07	
   9.2300606e+03	   1.6267130e-07	
   9.2400007e+03	   1.6028420e-07	
   9.2500296e+03	   1.5782890e-07	
   9.2600279e+03	   1.5473270e-07	
   9.2700272e+03	   1.5223950e-07	
   9.2800255e+03	   1.5038890e-07	
   9.2899952e+03	   1.4859390e-07	
   9.3000231e+03	   1.4649360e-07	
   9.3100224e+03	   1.4422110e-07	
   9.3199921e+03	   1.4166730e-07	
   9.3300200e+03	   1.3938540e-07	
   9.3400183e+03	   1.3733520e-07	
   9.3499880e+03	   1.3495460e-07	
   9.3600454e+03	   1.3286180e-07	
   9.3699856e+03	   1.3056790e-07	
   9.3800430e+03	   1.2781900e-07	
   9.3900127e+03	   1.2578600e-07	
   9.4000406e+03	   1.2363560e-07	
   9.4100103e+03	   1.2146880e-07	
   9.4200382e+03	   1.1920530e-07	
   9.4300375e+03	   1.1697530e-07	
   9.4400072e+03	   1.1451680e-07	
   9.4500351e+03	   1.1268900e-07	
   9.4600334e+03	   1.1103870e-07	
   9.4700327e+03	   1.0928080e-07	
   9.4800024e+03	   1.0655960e-07	
   9.4900303e+03	   1.0518630e-07	
   9.5000000e+03	   1.0275360e-07	
