   7.0000000e+03	   2.8772910e-04	
   7.0100279e+03	   2.8769830e-04	
   7.0200267e+03	   2.8769190e-04	
   7.0300255e+03	   2.8767650e-04	
   7.0400243e+03	   2.8766060e-04	
   7.0500236e+03	   2.8762040e-04	
   7.0600224e+03	   2.8762450e-04	
   7.0700212e+03	   2.8760660e-04	
   7.0800200e+03	   2.8756920e-04	
   7.0900187e+03	   2.8754980e-04	
   7.1000175e+03	   2.8750850e-04	
   7.1100163e+03	   2.8747010e-04	
   7.1200151e+03	   2.8743880e-04	
   7.1300430e+03	   2.8738470e-04	
   7.1400418e+03	   2.8733750e-04	
   7.1500702e+03	   2.8727960e-04	
   7.1600103e+03	   2.8722800e-04	
   7.1700678e+03	   2.8716060e-04	
   7.1800375e+03	   2.8710370e-04	
   7.1900363e+03	   2.8703080e-04	
   7.2000351e+03	   2.8696820e-04	
   7.2100339e+03	   2.8690210e-04	
   7.2200327e+03	   2.8679680e-04	
   7.2300315e+03	   2.8667420e-04	
   7.2400594e+03	   2.8657060e-04	
   7.2500291e+03	   2.8645980e-04	
   7.2600279e+03	   2.8632620e-04	
   7.2700267e+03	   2.8618210e-04	
   7.2800255e+03	   2.8605210e-04	
   7.2900243e+03	   2.8589630e-04	
   7.3000236e+03	   2.8567910e-04	
   7.3100224e+03	   2.8550030e-04	
   7.3200212e+03	   2.8531870e-04	
   7.3300200e+03	   2.8511350e-04	
   7.3400187e+03	   2.8489010e-04	
   7.3500175e+03	   2.8459710e-04	
   7.3600454e+03	   2.8429020e-04	
   7.3700151e+03	   2.8401170e-04	
   7.3800430e+03	   2.8370980e-04	
   7.3900418e+03	   2.8332250e-04	
   7.4000406e+03	   2.8288280e-04	
   7.4100394e+03	   2.8241800e-04	
   7.4200387e+03	   2.8190710e-04	
   7.4300375e+03	   2.8138190e-04	
   7.4400072e+03	   2.8083340e-04	
   7.4500642e+03	   2.8021100e-04	
   7.4600339e+03	   2.7957860e-04	
   7.4700327e+03	   2.7883230e-04	
   7.4800315e+03	   2.7797070e-04	
   7.4900303e+03	   2.7707920e-04	
   7.5000291e+03	   2.7611440e-04	
   7.5100279e+03	   2.7504020e-04	
   7.5200267e+03	   2.7392390e-04	
   7.5300255e+03	   2.7274760e-04	
   7.5400243e+03	   2.7146010e-04	
   7.5500236e+03	   2.7008050e-04	
   7.5599928e+03	   2.6863390e-04	
   7.5700502e+03	   2.6704610e-04	
   7.5800200e+03	   2.6534860e-04	
   7.5900187e+03	   2.6360340e-04	
   7.6000175e+03	   2.6173050e-04	
   7.6100163e+03	   2.5975010e-04	
   7.6200151e+03	   2.5763320e-04	
   7.6300430e+03	   2.5535360e-04	
   7.6400418e+03	   2.5288170e-04	
   7.6500702e+03	   2.5025870e-04	
   7.6600103e+03	   2.4760920e-04	
   7.6700387e+03	   2.4479370e-04	
   7.6800079e+03	   2.4183380e-04	
   7.6900363e+03	   2.3873500e-04	
   7.7000351e+03	   2.3551750e-04	
   7.7100339e+03	   2.3225850e-04	
   7.7200327e+03	   2.2869470e-04	
   7.7300315e+03	   2.2501380e-04	
   7.7400303e+03	   2.2133510e-04	
   7.7500291e+03	   2.1745620e-04	
   7.7600279e+03	   2.1342450e-04	
   7.7700267e+03	   2.0922220e-04	
   7.7800255e+03	   2.0495970e-04	
   7.7900243e+03	   2.0045180e-04	
   7.7999940e+03	   1.9593070e-04	
   7.8100224e+03	   1.9136400e-04	
   7.8200212e+03	   1.8663020e-04	
   7.8300200e+03	   1.8188510e-04	
   7.8400187e+03	   1.7702710e-04	
   7.8500175e+03	   1.7214600e-04	
   7.8600163e+03	   1.6729980e-04	
   7.8699861e+03	   1.6221160e-04	
   7.8800721e+03	   1.5710910e-04	
   7.8900418e+03	   1.5204890e-04	
   7.9000406e+03	   1.4701560e-04	
   7.9100394e+03	   1.4205010e-04	
   7.9200387e+03	   1.3708890e-04	
   7.9300079e+03	   1.3196400e-04	
   7.9400363e+03	   1.2696410e-04	
   7.9500351e+03	   1.2193620e-04	
   7.9600339e+03	   1.1699390e-04	
   7.9700036e+03	   1.1208600e-04	
   7.9800606e+03	   1.0732810e-04	
   7.9900012e+03	   1.0259330e-04	
   8.0000296e+03	   9.7863650e-05	
   8.0100279e+03	   9.3266540e-05	
   8.0200272e+03	   8.8728510e-05	
   8.0300255e+03	   8.4353160e-05	
   8.0400248e+03	   8.0006580e-05	
   8.0499945e+03	   7.5867060e-05	
   8.0600224e+03	   7.1820080e-05	
   8.0699921e+03	   6.7919240e-05	
   8.0800200e+03	   6.4090030e-05	
   8.0900183e+03	   6.0338340e-05	
   8.1000175e+03	   5.6823760e-05	
   8.1100159e+03	   5.3325560e-05	
   8.1200151e+03	   5.0019110e-05	
   8.1300430e+03	   4.6854270e-05	
   8.1400423e+03	   4.3870440e-05	
   8.1500702e+03	   4.0927970e-05	
   8.1600103e+03	   3.8227270e-05	
   8.1700382e+03	   3.5549400e-05	
   8.1800375e+03	   3.2964350e-05	
   8.1900358e+03	   3.0677710e-05	
   8.2000351e+03	   2.8454060e-05	
   8.2100334e+03	   2.6329630e-05	
   8.2200327e+03	   2.4401740e-05	
   8.2300310e+03	   2.2556230e-05	
   8.2400303e+03	   2.0850420e-05	
   8.2500296e+03	   1.9234930e-05	
   8.2600279e+03	   1.7749950e-05	
   8.2700272e+03	   1.6362140e-05	
   8.2800255e+03	   1.5029720e-05	
   8.2900248e+03	   1.3852660e-05	
   8.3000231e+03	   1.2732330e-05	
   8.3100224e+03	   1.1676010e-05	
   8.3200207e+03	   1.0738910e-05	
   8.3300200e+03	   9.8916010e-06	
   8.3400183e+03	   9.0926800e-06	
   8.3500175e+03	   8.3790560e-06	
   8.3600159e+03	   7.6727990e-06	
   8.3700151e+03	   7.0597720e-06	
   8.3800430e+03	   6.4534580e-06	
   8.3900423e+03	   5.9414770e-06	
   8.4000406e+03	   5.4341850e-06	
   8.4100399e+03	   5.0130530e-06	
   8.4200382e+03	   4.6012580e-06	
   8.4300375e+03	   4.2345920e-06	
   8.4400358e+03	   3.9012340e-06	
   8.4500351e+03	   3.5890670e-06	
   8.4600334e+03	   3.3031080e-06	
   8.4700327e+03	   3.0414580e-06	
   8.4800310e+03	   2.7999550e-06	
   8.4900303e+03	   2.5852500e-06	
   8.5000296e+03	   2.3817490e-06	
   8.5099993e+03	   2.1882140e-06	
   8.5200272e+03	   2.0161520e-06	
   8.5300255e+03	   1.8533550e-06	
   8.5399952e+03	   1.7176320e-06	
   8.5500231e+03	   1.5834870e-06	
   8.5600224e+03	   1.4616710e-06	
   8.5700207e+03	   1.3388220e-06	
   8.5799904e+03	   1.2309600e-06	
   8.5900183e+03	   1.1362690e-06	
   8.6000175e+03	   1.0480000e-06	
   8.6099873e+03	   9.5944780e-07	
   8.6200151e+03	   8.8137380e-07	
   8.6300144e+03	   8.0441040e-07	
   8.6400423e+03	   7.3793070e-07	
   8.6500406e+03	   6.7516700e-07	
   8.6600103e+03	   6.1290260e-07	
   8.6700382e+03	   5.6086380e-07	
   8.6800375e+03	   5.0925090e-07	
   8.6900072e+03	   4.6222230e-07	
   8.7000351e+03	   4.2442020e-07	
   8.7100334e+03	   3.8535080e-07	
   8.7200031e+03	   3.4504210e-07	
   8.7300310e+03	   3.1374040e-07	
   8.7400303e+03	   2.8247660e-07	
   8.7500296e+03	   2.5576560e-07	
   8.7599993e+03	   2.2899900e-07	
   8.7700272e+03	   2.1033680e-07	
   8.7799969e+03	   1.8810940e-07	
   8.7899952e+03	   1.7322340e-07	
   8.8000231e+03	   1.6149820e-07	
   8.8100224e+03	   1.4740740e-07	
   8.8200207e+03	   1.3709530e-07	
   8.8300200e+03	   1.2611150e-07	
   8.8400183e+03	   1.2070510e-07	
   8.8499880e+03	   1.1305730e-07	
   8.8600159e+03	   1.0617410e-07	
   8.8700151e+03	   1.0137030e-07	
   8.8800430e+03	   9.6545360e-08	
   8.8900423e+03	   9.3381960e-08	
   8.9000120e+03	   9.0119530e-08	
   8.9100399e+03	   8.8790630e-08	
   8.9200096e+03	   8.5874460e-08	
   8.9300375e+03	   8.4960020e-08	
   8.9400358e+03	   8.2234760e-08	
   8.9500351e+03	   8.1146140e-08	
   8.9600048e+03	   7.9508010e-08	
   8.9700327e+03	   7.7566930e-08	
   8.9800310e+03	   7.7263610e-08	
   8.9900007e+03	   7.6248350e-08	
   9.0000296e+03	   7.4378140e-08	
   9.0100279e+03	   7.3718820e-08	
   9.0200272e+03	   7.3616150e-08	
   9.0300255e+03	   7.2946880e-08	
   9.0400248e+03	   7.0486060e-08	
   9.0500231e+03	   6.8553310e-08	
   9.0600224e+03	   6.6911480e-08	
   9.0700207e+03	   6.5182530e-08	
   9.0800200e+03	   6.4069840e-08	
   9.0899897e+03	   6.3391470e-08	
   9.1000175e+03	   6.1945730e-08	
   9.1100159e+03	   6.0639540e-08	
   9.1200151e+03	   5.9576180e-08	
   9.1300144e+03	   5.8451140e-08	
   9.1400423e+03	   5.7368800e-08	
   9.1500702e+03	   5.6633160e-08	
   9.1600103e+03	   5.5196580e-08	
   9.1700382e+03	   5.4117650e-08	
   9.1800375e+03	   5.3485690e-08	
   9.1900358e+03	   5.2369480e-08	
   9.2000351e+03	   5.1310160e-08	
   9.2100334e+03	   5.0643190e-08	
   9.2200031e+03	   5.0090940e-08	
   9.2300606e+03	   4.9169780e-08	
   9.2400007e+03	   4.8415530e-08	
   9.2500296e+03	   4.7747460e-08	
   9.2600279e+03	   4.7152070e-08	
   9.2700272e+03	   4.6494660e-08	
   9.2800255e+03	   4.5943940e-08	
   9.2899952e+03	   4.5308820e-08	
   9.3000231e+03	   4.4772080e-08	
   9.3100224e+03	   4.4237420e-08	
   9.3200207e+03	   4.3685580e-08	
   9.3300200e+03	   4.3100630e-08	
   9.3400183e+03	   4.2547730e-08	
   9.3499880e+03	   4.1821950e-08	
   9.3600454e+03	   4.1318940e-08	
   9.3699856e+03	   4.0700230e-08	
   9.3800430e+03	   4.0032830e-08	
   9.3900127e+03	   3.9479160e-08	
   9.4000406e+03	   3.8671570e-08	
   9.4100103e+03	   3.8169680e-08	
   9.4200382e+03	   3.7457270e-08	
   9.4300375e+03	   3.6790460e-08	
   9.4400072e+03	   3.6194180e-08	
   9.4500351e+03	   3.5509020e-08	
   9.4600334e+03	   3.4964960e-08	
   9.4700327e+03	   3.4376810e-08	
   9.4800024e+03	   3.3850190e-08	
   9.4900303e+03	   3.3303180e-08	
   9.5000000e+03	   3.2765880e-08	
