   7.5000000e+03	   2.8782680e-04	
   7.5099988e+03	   2.8782950e-04	
   7.5200267e+03	   2.8782590e-04	
   7.5300255e+03	   2.8783330e-04	
   7.5400243e+03	   2.8782190e-04	
   7.5499940e+03	   2.8784100e-04	
   7.5600224e+03	   2.8783840e-04	
   7.5700212e+03	   2.8785940e-04	
   7.5800200e+03	   2.8785010e-04	
   7.5900187e+03	   2.8786060e-04	
   7.6000175e+03	   2.8785710e-04	
   7.6100163e+03	   2.8786770e-04	
   7.6200151e+03	   2.8787450e-04	
   7.6300430e+03	   2.8786870e-04	
   7.6400418e+03	   2.8787390e-04	
   7.6500406e+03	   2.8787880e-04	
   7.6600394e+03	   2.8788440e-04	
   7.6700387e+03	   2.8788860e-04	
   7.6800079e+03	   2.8788980e-04	
   7.6900654e+03	   2.8788800e-04	
   7.7000351e+03	   2.8789210e-04	
   7.7100339e+03	   2.8790290e-04	
   7.7200327e+03	   2.8790960e-04	
   7.7300315e+03	   2.8790830e-04	
   7.7400303e+03	   2.8790700e-04	
   7.7500291e+03	   2.8791580e-04	
   7.7599988e+03	   2.8791900e-04	
   7.7700267e+03	   2.8791930e-04	
   7.7800255e+03	   2.8792160e-04	
   7.7900243e+03	   2.8793000e-04	
   7.8000236e+03	   2.8793360e-04	
   7.8100224e+03	   2.8793280e-04	
   7.8200212e+03	   2.8793750e-04	
   7.8300200e+03	   2.8793670e-04	
   7.8399897e+03	   2.8794140e-04	
   7.8500175e+03	   2.8794560e-04	
   7.8600163e+03	   2.8794870e-04	
   7.8699861e+03	   2.8794010e-04	
   7.8800721e+03	   2.8793940e-04	
   7.8900418e+03	   2.8794740e-04	
   7.9000406e+03	   2.8793830e-04	
   7.9100394e+03	   2.8793920e-04	
   7.9200387e+03	   2.8792710e-04	
   7.9300375e+03	   2.8792750e-04	
   7.9400072e+03	   2.8792110e-04	
   7.9500351e+03	   2.8790940e-04	
   7.9600048e+03	   2.8790520e-04	
   7.9700327e+03	   2.8789100e-04	
   7.9800315e+03	   2.8788660e-04	
   7.9900303e+03	   2.8787710e-04	
   8.0000296e+03	   2.8786250e-04	
   8.0100279e+03	   2.8786080e-04	
   8.0200272e+03	   2.8784090e-04	
   8.0300255e+03	   2.8782110e-04	
   8.0400248e+03	   2.8780670e-04	
   8.0500231e+03	   2.8778620e-04	
   8.0600224e+03	   2.8777690e-04	
   8.0699921e+03	   2.8775420e-04	
   8.0800200e+03	   2.8774250e-04	
   8.0900183e+03	   2.8771450e-04	
   8.1000175e+03	   2.8768020e-04	
   8.1100159e+03	   2.8766350e-04	
   8.1200151e+03	   2.8763770e-04	
   8.1300430e+03	   2.8759330e-04	
   8.1400423e+03	   2.8756640e-04	
   8.1500406e+03	   2.8752500e-04	
   8.1600399e+03	   2.8749940e-04	
   8.1700382e+03	   2.8745620e-04	
   8.1800375e+03	   2.8741370e-04	
   8.1900358e+03	   2.8736410e-04	
   8.2000351e+03	   2.8730180e-04	
   8.2100334e+03	   2.8723850e-04	
   8.2200327e+03	   2.8718000e-04	
   8.2300310e+03	   2.8711190e-04	
   8.2400303e+03	   2.8704770e-04	
   8.2500296e+03	   2.8695270e-04	
   8.2600279e+03	   2.8688610e-04	
   8.2700272e+03	   2.8678190e-04	
   8.2800255e+03	   2.8668180e-04	
   8.2900248e+03	   2.8658320e-04	
   8.3000231e+03	   2.8646120e-04	
   8.3100510e+03	   2.8632910e-04	
   8.3199921e+03	   2.8620700e-04	
   8.3300200e+03	   2.8603580e-04	
   8.3399897e+03	   2.8586410e-04	
   8.3500175e+03	   2.8568900e-04	
   8.3600159e+03	   2.8550350e-04	
   8.3700151e+03	   2.8527920e-04	
   8.3800430e+03	   2.8504520e-04	
   8.3900423e+03	   2.8479710e-04	
   8.4000406e+03	   2.8451930e-04	
   8.4100399e+03	   2.8424720e-04	
   8.4200382e+03	   2.8393000e-04	
   8.4300375e+03	   2.8358580e-04	
   8.4400358e+03	   2.8323550e-04	
   8.4500351e+03	   2.8284960e-04	
   8.4600334e+03	   2.8242500e-04	
   8.4700327e+03	   2.8195540e-04	
   8.4800310e+03	   2.8144170e-04	
   8.4900303e+03	   2.8091120e-04	
   8.5000000e+03	   2.8036110e-04	
   8.5100279e+03	   2.7973450e-04	
   8.5200272e+03	   2.7907010e-04	
   8.5300255e+03	   2.7835190e-04	
   8.5400248e+03	   2.7758100e-04	
   8.5499945e+03	   2.7680310e-04	
   8.5600224e+03	   2.7595610e-04	
   8.5700207e+03	   2.7503660e-04	
   8.5799904e+03	   2.7405350e-04	
   8.5899897e+03	   2.7300260e-04	
   8.6000175e+03	   2.7188000e-04	
   8.6100159e+03	   2.7067320e-04	
   8.6200151e+03	   2.6945990e-04	
   8.6300144e+03	   2.6818160e-04	
   8.6400709e+03	   2.6680760e-04	
   8.6500120e+03	   2.6541850e-04	
   8.6600103e+03	   2.6389870e-04	
   8.6700382e+03	   2.6234140e-04	
   8.6800375e+03	   2.6073560e-04	
   8.6900072e+03	   2.5900690e-04	
   8.7000351e+03	   2.5720420e-04	
   8.7100334e+03	   2.5536660e-04	
   8.7200031e+03	   2.5346300e-04	
   8.7300310e+03	   2.5144000e-04	
   8.7400303e+03	   2.4936220e-04	
   8.7500296e+03	   2.4718380e-04	
   8.7600279e+03	   2.4503920e-04	
   8.7700272e+03	   2.4257830e-04	
   8.7800255e+03	   2.4020390e-04	
   8.7900248e+03	   2.3768030e-04	
   8.8000231e+03	   2.3529290e-04	
   8.8100224e+03	   2.3230280e-04	
   8.8200207e+03	   2.2976140e-04	
   8.8299904e+03	   2.2687070e-04	
   8.8400183e+03	   2.2392080e-04	
   8.8500175e+03	   2.2112070e-04	
   8.8600159e+03	   2.1765510e-04	
   8.8700151e+03	   2.1434860e-04	
   8.8800430e+03	   2.1106610e-04	
   8.8900423e+03	   2.0775360e-04	
   8.9000120e+03	   2.0423210e-04	
   8.9100685e+03	   2.0071860e-04	
   8.9200096e+03	   1.9744220e-04	
   8.9300375e+03	   1.9383630e-04	
   8.9400358e+03	   1.9032610e-04	
   8.9500351e+03	   1.8669730e-04	
   8.9600048e+03	   1.8310350e-04	
   8.9700327e+03	   1.7938020e-04	
   8.9800310e+03	   1.7568700e-04	
   8.9900007e+03	   1.7207930e-04	
   9.0000296e+03	   1.6820960e-04	
   9.0100279e+03	   1.6440540e-04	
   9.0200272e+03	   1.6057280e-04	
   9.0300255e+03	   1.5660530e-04	
   9.0400248e+03	   1.5278210e-04	
   9.0500231e+03	   1.4867560e-04	
   9.0599928e+03	   1.4475270e-04	
   9.0700207e+03	   1.4071310e-04	
   9.0799904e+03	   1.3688160e-04	
   9.0900183e+03	   1.3292610e-04	
   9.0999880e+03	   1.2908080e-04	
   9.1100159e+03	   1.2529230e-04	
   9.1199856e+03	   1.2138190e-04	
   9.1300430e+03	   1.1746230e-04	
   9.1400423e+03	   1.1353570e-04	
   9.1500406e+03	   1.0971190e-04	
   9.1600399e+03	   1.0596930e-04	
   9.1700382e+03	   1.0217310e-04	
   9.1800375e+03	   9.8417480e-05	
   9.1900358e+03	   9.4726200e-05	
   9.2000351e+03	   9.0997640e-05	
   9.2100334e+03	   8.7348440e-05	
   9.2200031e+03	   8.3851380e-05	
   9.2300606e+03	   8.0453380e-05	
   9.2400303e+03	   7.7079440e-05	
   9.2500296e+03	   7.3785300e-05	
   9.2600279e+03	   7.0544690e-05	
   9.2700272e+03	   6.7283170e-05	
   9.2800255e+03	   6.4255970e-05	
   9.2899952e+03	   6.1337490e-05	
   9.3000231e+03	   5.8484430e-05	
   9.3100224e+03	   5.5762640e-05	
   9.3200207e+03	   5.3087330e-05	
   9.3300200e+03	   5.0424680e-05	
   9.3400183e+03	   4.7858160e-05	
   9.3500175e+03	   4.5434670e-05	
   9.3600159e+03	   4.3065190e-05	
   9.3700151e+03	   4.0800570e-05	
   9.3800144e+03	   3.8595780e-05	
   9.3900423e+03	   3.6458140e-05	
   9.4000406e+03	   3.4473900e-05	
   9.4100103e+03	   3.2602700e-05	
   9.4200382e+03	   3.0737260e-05	
   9.4300375e+03	   2.8933790e-05	
   9.4400072e+03	   2.7239460e-05	
   9.4500351e+03	   2.5587850e-05	
   9.4600334e+03	   2.4047390e-05	
   9.4700327e+03	   2.2610510e-05	
   9.4800024e+03	   2.1245760e-05	
   9.4900303e+03	   1.9939640e-05	
   9.5000000e+03	   1.8642420e-05	
   9.5100279e+03	   1.7473610e-05	
   9.5199976e+03	   1.6346110e-05	
   9.5299969e+03	   1.5334320e-05	
   9.5400248e+03	   1.4290340e-05	
   9.5499945e+03	   1.3393420e-05	
   9.5600224e+03	   1.2530830e-05	
   9.5699921e+03	   1.1558040e-05	
   9.5800200e+03	   1.0947230e-05	
   9.5899897e+03	   1.0037280e-05	
   9.6000175e+03	   9.3111320e-06	
   9.6099873e+03	   8.6493780e-06	
   9.6200151e+03	   8.0237630e-06	
   9.6300144e+03	   7.4567390e-06	
   9.6400423e+03	   6.9065150e-06	
   9.6500406e+03	   6.4210150e-06	
   9.6600103e+03	   5.9342790e-06	
   9.6700382e+03	   5.5002050e-06	
   9.6800375e+03	   5.1009410e-06	
   9.6900358e+03	   4.7465050e-06	
   9.7000351e+03	   4.4023290e-06	
   9.7100334e+03	   4.0846450e-06	
   9.7200031e+03	   3.7879640e-06	
   9.7300310e+03	   3.5334200e-06	
   9.7400303e+03	   3.2952510e-06	
   9.7500296e+03	   3.0627120e-06	
   9.7600279e+03	   2.8450540e-06	
   9.7700272e+03	   2.6458150e-06	
   9.7800255e+03	   2.4573380e-06	
   9.7899952e+03	   2.2854490e-06	
   9.8000231e+03	   2.1277400e-06	
   9.8099928e+03	   1.9717590e-06	
   9.8199921e+03	   1.8380210e-06	
   9.8300200e+03	   1.7177670e-06	
   9.8399897e+03	   1.6034060e-06	
   9.8499880e+03	   1.4973660e-06	
   9.8600159e+03	   1.4004380e-06	
   9.8700151e+03	   1.3089460e-06	
   9.8800144e+03	   1.2217300e-06	
   9.8900709e+03	   1.1439250e-06	
   9.9000120e+03	   1.0721760e-06	
   9.9100399e+03	   1.0013350e-06	
   9.9200096e+03	   9.3718390e-07	
   9.9300375e+03	   8.8153670e-07	
   9.9400072e+03	   8.3077600e-07	
   9.9500351e+03	   7.7727840e-07	
   9.9600334e+03	   7.2743060e-07	
   9.9700031e+03	   6.8090880e-07	
   9.9800310e+03	   6.3745670e-07	
   9.9900303e+03	   5.9340530e-07	
   1.0000000e+04	   5.5817360e-07	
   1.0010028e+04	   5.1951990e-07	
   1.0020027e+04	   4.8603690e-07	
   1.0030025e+04	   4.4964120e-07	
   1.0039995e+04	   4.2030710e-07	
   1.0050023e+04	   3.9048120e-07	
   1.0060022e+04	   3.6092780e-07	
   1.0070021e+04	   3.3730200e-07	
   1.0080020e+04	   3.1107580e-07	
   1.0090018e+04	   2.8706950e-07	
   1.0099988e+04	   2.6277980e-07	
   1.0110016e+04	   2.4183040e-07	
   1.0119986e+04	   2.2218040e-07	
   1.0130043e+04	   2.0389750e-07	
   1.0140013e+04	   1.8678700e-07	
   1.0150041e+04	   1.7075930e-07	
   1.0160010e+04	   1.5368620e-07	
   1.0170038e+04	   1.4098430e-07	
   1.0180008e+04	   1.2864200e-07	
   1.0190007e+04	   1.1716170e-07	
   1.0200035e+04	   1.0646260e-07	
   1.0210033e+04	   9.7095550e-08	
   1.0220003e+04	   8.7890360e-08	
   1.0230031e+04	   7.9239280e-08	
   1.0240001e+04	   7.2251590e-08	
   1.0250030e+04	   6.5903950e-08	
   1.0259999e+04	   6.0990520e-08	
   1.0270027e+04	   5.5922400e-08	
   1.0280025e+04	   5.1082780e-08	
   1.0289995e+04	   4.7001710e-08	
   1.0300023e+04	   4.4122360e-08	
   1.0309993e+04	   4.0559180e-08	
   1.0320021e+04	   3.7832700e-08	
   1.0330020e+04	   3.5217280e-08	
   1.0339990e+04	   3.3814060e-08	
   1.0350018e+04	   3.1797980e-08	
   1.0360016e+04	   3.0491700e-08	
   1.0369986e+04	   2.9103400e-08	
   1.0380043e+04	   2.8037410e-08	
   1.0390013e+04	   2.7100420e-08	
   1.0400041e+04	   2.6239020e-08	
   1.0410010e+04	   2.5606920e-08	
   1.0420038e+04	   2.4950450e-08	
   1.0430037e+04	   2.4569380e-08	
   1.0440007e+04	   2.3839830e-08	
   1.0450035e+04	   2.3458290e-08	
   1.0460033e+04	   2.2859140e-08	
   1.0470033e+04	   2.2264760e-08	
   1.0480002e+04	   2.2006400e-08	
   1.0490030e+04	   2.1746020e-08	
   1.0500000e+04	   2.1159270e-08	
