   8.0000000e+03	   2.8818010e-04	
   8.0099993e+03	   2.8816810e-04	
   8.0200272e+03	   2.8816420e-04	
   8.0300255e+03	   2.8816170e-04	
   8.0400248e+03	   2.8816880e-04	
   8.0500231e+03	   2.8816420e-04	
   8.0600224e+03	   2.8816610e-04	
   8.0700207e+03	   2.8816820e-04	
   8.0800200e+03	   2.8816440e-04	
   8.0900183e+03	   2.8816850e-04	
   8.1000175e+03	   2.8817300e-04	
   8.1100159e+03	   2.8815810e-04	
   8.1200151e+03	   2.8816440e-04	
   8.1300430e+03	   2.8815960e-04	
   8.1400423e+03	   2.8816610e-04	
   8.1500406e+03	   2.8816290e-04	
   8.1600399e+03	   2.8816550e-04	
   8.1700382e+03	   2.8817690e-04	
   8.1800375e+03	   2.8816900e-04	
   8.1900358e+03	   2.8817000e-04	
   8.2000351e+03	   2.8816030e-04	
   8.2100334e+03	   2.8816210e-04	
   8.2200327e+03	   2.8816490e-04	
   8.2300310e+03	   2.8816120e-04	
   8.2400303e+03	   2.8815760e-04	
   8.2500296e+03	   2.8816350e-04	
   8.2600279e+03	   2.8816140e-04	
   8.2700272e+03	   2.8815830e-04	
   8.2800255e+03	   2.8816120e-04	
   8.2900248e+03	   2.8814900e-04	
   8.3000231e+03	   2.8815620e-04	
   8.3100224e+03	   2.8813860e-04	
   8.3200207e+03	   2.8814330e-04	
   8.3300200e+03	   2.8813960e-04	
   8.3400183e+03	   2.8813390e-04	
   8.3500175e+03	   2.8812530e-04	
   8.3600159e+03	   2.8812570e-04	
   8.3700151e+03	   2.8811700e-04	
   8.3800430e+03	   2.8812100e-04	
   8.3900423e+03	   2.8810710e-04	
   8.4000406e+03	   2.8809390e-04	
   8.4100399e+03	   2.8808930e-04	
   8.4200382e+03	   2.8808500e-04	
   8.4300375e+03	   2.8808020e-04	
   8.4400358e+03	   2.8807800e-04	
   8.4500055e+03	   2.8806780e-04	
   8.4600334e+03	   2.8806530e-04	
   8.4700327e+03	   2.8805730e-04	
   8.4800310e+03	   2.8804990e-04	
   8.4900303e+03	   2.8803830e-04	
   8.5000296e+03	   2.8802530e-04	
   8.5100279e+03	   2.8800800e-04	
   8.5200272e+03	   2.8800710e-04	
   8.5300255e+03	   2.8798410e-04	
   8.5400248e+03	   2.8796740e-04	
   8.5500231e+03	   2.8797040e-04	
   8.5600224e+03	   2.8795170e-04	
   8.5700207e+03	   2.8792870e-04	
   8.5799904e+03	   2.8791090e-04	
   8.5899897e+03	   2.8791020e-04	
   8.6000175e+03	   2.8786610e-04	
   8.6099873e+03	   2.8786370e-04	
   8.6200151e+03	   2.8784480e-04	
   8.6300144e+03	   2.8783420e-04	
   8.6400709e+03	   2.8778730e-04	
   8.6500406e+03	   2.8777050e-04	
   8.6600399e+03	   2.8774310e-04	
   8.6700382e+03	   2.8771900e-04	
   8.6800375e+03	   2.8768640e-04	
   8.6900072e+03	   2.8765470e-04	
   8.7000351e+03	   2.8762590e-04	
   8.7100334e+03	   2.8757890e-04	
   8.7200031e+03	   2.8753430e-04	
   8.7300310e+03	   2.8748720e-04	
   8.7400303e+03	   2.8744150e-04	
   8.7500296e+03	   2.8737440e-04	
   8.7600279e+03	   2.8731190e-04	
   8.7700558e+03	   2.8722930e-04	
   8.7800255e+03	   2.8718300e-04	
   8.7900248e+03	   2.8710890e-04	
   8.8000231e+03	   2.8702900e-04	
   8.8100224e+03	   2.8694850e-04	
   8.8200207e+03	   2.8684510e-04	
   8.8299904e+03	   2.8675230e-04	
   8.8400183e+03	   2.8663420e-04	
   8.8500175e+03	   2.8651960e-04	
   8.8600159e+03	   2.8637810e-04	
   8.8699856e+03	   2.8625130e-04	
   8.8800726e+03	   2.8608980e-04	
   8.8900423e+03	   2.8593710e-04	
   8.9000406e+03	   2.8576780e-04	
   8.9100685e+03	   2.8559310e-04	
   8.9200096e+03	   2.8538150e-04	
   8.9300661e+03	   2.8516820e-04	
   8.9400358e+03	   2.8493810e-04	
   8.9500351e+03	   2.8470540e-04	
   8.9600334e+03	   2.8443950e-04	
   8.9700327e+03	   2.8415030e-04	
   8.9800310e+03	   2.8383650e-04	
   8.9900303e+03	   2.8353600e-04	
   9.0000296e+03	   2.8314750e-04	
   9.0100279e+03	   2.8280960e-04	
   9.0200272e+03	   2.8243200e-04	
   9.0300255e+03	   2.8201410e-04	
   9.0400248e+03	   2.8158070e-04	
   9.0500231e+03	   2.8109440e-04	
   9.0600224e+03	   2.8060480e-04	
   9.0700502e+03	   2.8005750e-04	
   9.0799904e+03	   2.7949810e-04	
   9.0900183e+03	   2.7891260e-04	
   9.1000175e+03	   2.7827070e-04	
   9.1100159e+03	   2.7762530e-04	
   9.1200151e+03	   2.7691670e-04	
   9.1300430e+03	   2.7616900e-04	
   9.1400423e+03	   2.7535120e-04	
   9.1500406e+03	   2.7452790e-04	
   9.1600103e+03	   2.7371380e-04	
   9.1700382e+03	   2.7281120e-04	
   9.1800375e+03	   2.7184730e-04	
   9.1900358e+03	   2.7084590e-04	
   9.2000351e+03	   2.6978320e-04	
   9.2100334e+03	   2.6866210e-04	
   9.2200031e+03	   2.6753870e-04	
   9.2300606e+03	   2.6632540e-04	
   9.2400007e+03	   2.6512370e-04	
   9.2500296e+03	   2.6385780e-04	
   9.2600279e+03	   2.6250230e-04	
   9.2700272e+03	   2.6112490e-04	
   9.2800255e+03	   2.5970020e-04	
   9.2899952e+03	   2.5820010e-04	
   9.3000231e+03	   2.5665290e-04	
   9.3100224e+03	   2.5505740e-04	
   9.3199921e+03	   2.5340690e-04	
   9.3300486e+03	   2.5166220e-04	
   9.3399897e+03	   2.4987190e-04	
   9.3500175e+03	   2.4811890e-04	
   9.3600159e+03	   2.4626670e-04	
   9.3700151e+03	   2.4439600e-04	
   9.3800144e+03	   2.4239870e-04	
   9.3900423e+03	   2.4029920e-04	
   9.4000406e+03	   2.3825330e-04	
   9.4100103e+03	   2.3616670e-04	
   9.4200382e+03	   2.3396750e-04	
   9.4300375e+03	   2.3170740e-04	
   9.4400072e+03	   2.2947560e-04	
   9.4500351e+03	   2.2719850e-04	
   9.4600334e+03	   2.2481290e-04	
   9.4700327e+03	   2.2242640e-04	
   9.4800024e+03	   2.1924060e-04	
   9.4900303e+03	   2.1739510e-04	
   9.5000000e+03	   2.1484890e-04	
   9.5100279e+03	   2.1228860e-04	
   9.5199976e+03	   2.0960490e-04	
   9.5300255e+03	   2.0690360e-04	
   9.5399952e+03	   2.0416190e-04	
   9.5500231e+03	   2.0128730e-04	
   9.5599928e+03	   1.9845940e-04	
   9.5700207e+03	   1.9552170e-04	
   9.5799904e+03	   1.9249300e-04	
   9.5900183e+03	   1.8958660e-04	
   9.6000175e+03	   1.8655980e-04	
   9.6099873e+03	   1.8350900e-04	
   9.6200151e+03	   1.8044160e-04	
   9.6300430e+03	   1.7751080e-04	
   9.6400127e+03	   1.7435190e-04	
   9.6500406e+03	   1.7127290e-04	
   9.6600103e+03	   1.6811980e-04	
   9.6700382e+03	   1.6498170e-04	
   9.6800375e+03	   1.6191270e-04	
   9.6900358e+03	   1.5873550e-04	
   9.7000351e+03	   1.5553230e-04	
   9.7100048e+03	   1.5233410e-04	
   9.7200031e+03	   1.4922740e-04	
   9.7300310e+03	   1.4601710e-04	
   9.7400303e+03	   1.4293400e-04	
   9.7500296e+03	   1.3977970e-04	
   9.7599993e+03	   1.3660790e-04	
   9.7700272e+03	   1.3343000e-04	
   9.7800255e+03	   1.3026910e-04	
   9.7899952e+03	   1.2700440e-04	
   9.8000231e+03	   1.2386450e-04	
   9.8100224e+03	   1.2066270e-04	
   9.8199921e+03	   1.1759030e-04	
   9.8299904e+03	   1.1430990e-04	
   9.8399897e+03	   1.1117450e-04	
   9.8499880e+03	   1.0806430e-04	
   9.8600159e+03	   1.0502360e-04	
   9.8700151e+03	   1.0191760e-04	
   9.8800144e+03	   9.8852220e-05	
   9.8900423e+03	   9.5847830e-05	
   9.9000120e+03	   9.2946790e-05	
   9.9100399e+03	   9.0045010e-05	
   9.9200096e+03	   8.7321550e-05	
   9.9300375e+03	   8.4562770e-05	
   9.9400072e+03	   8.1733950e-05	
   9.9500351e+03	   7.9033940e-05	
   9.9600334e+03	   7.6360800e-05	
   9.9700031e+03	   7.3713560e-05	
   9.9800310e+03	   7.1117390e-05	
   9.9900303e+03	   6.8602970e-05	
   1.0000030e+04	   6.6487220e-05	
   1.0009999e+04	   6.3977260e-05	
   1.0020027e+04	   6.1459010e-05	
   1.0029997e+04	   5.9038670e-05	
   1.0040025e+04	   5.6660360e-05	
   1.0049994e+04	   5.4358900e-05	
   1.0060022e+04	   5.2081050e-05	
   1.0069992e+04	   4.9950220e-05	
   1.0080020e+04	   4.7872760e-05	
   1.0090018e+04	   4.5842150e-05	
   1.0100018e+04	   4.3854140e-05	
   1.0109987e+04	   4.2017290e-05	
   1.0120015e+04	   4.0078950e-05	
   1.0130014e+04	   3.8238240e-05	
   1.0140042e+04	   3.6444970e-05	
   1.0150041e+04	   3.4690630e-05	
   1.0160010e+04	   3.2974720e-05	
   1.0170038e+04	   3.1311010e-05	
   1.0180008e+04	   2.9725120e-05	
   1.0190007e+04	   2.8242340e-05	
   1.0200035e+04	   2.6781510e-05	
   1.0210033e+04	   2.5391730e-05	
   1.0220003e+04	   2.4055270e-05	
   1.0230031e+04	   2.2793110e-05	
   1.0240001e+04	   2.1566370e-05	
   1.0250030e+04	   2.0388840e-05	
   1.0259999e+04	   1.9283060e-05	
   1.0270027e+04	   1.8210990e-05	
   1.0280025e+04	   1.7185200e-05	
   1.0289995e+04	   1.6225450e-05	
   1.0300023e+04	   1.5291190e-05	
   1.0309993e+04	   1.4399500e-05	
   1.0320021e+04	   1.3558170e-05	
   1.0329990e+04	   1.2743610e-05	
   1.0340018e+04	   1.2003800e-05	
   1.0350018e+04	   1.1282860e-05	
   1.0359987e+04	   1.0588210e-05	
   1.0370015e+04	   9.9307300e-06	
   1.0380014e+04	   9.2894320e-06	
   1.0390042e+04	   8.6933990e-06	
   1.0400012e+04	   8.1487340e-06	
   1.0410040e+04	   7.6280680e-06	
   1.0420010e+04	   7.1309130e-06	
   1.0430037e+04	   6.6666670e-06	
   1.0440007e+04	   6.2403460e-06	
   1.0450035e+04	   5.8257650e-06	
   1.0460005e+04	   5.4480780e-06	
   1.0470033e+04	   5.0934740e-06	
   1.0480031e+04	   4.7465860e-06	
   1.0490001e+04	   4.4174290e-06	
   1.0500030e+04	   4.1304490e-06	
   1.0510028e+04	   3.8508740e-06	
   1.0519998e+04	   3.5947130e-06	
   1.0530025e+04	   3.3593320e-06	
   1.0539995e+04	   3.1340040e-06	
   1.0550023e+04	   2.9260940e-06	
   1.0559993e+04	   2.7364400e-06	
   1.0570021e+04	   2.5547590e-06	
   1.0580020e+04	   2.3851800e-06	
   1.0589990e+04	   2.2321220e-06	
   1.0600018e+04	   2.0865560e-06	
   1.0609987e+04	   1.9521130e-06	
   1.0620015e+04	   1.8262830e-06	
   1.0630014e+04	   1.7089700e-06	
   1.0640042e+04	   1.5990510e-06	
   1.0650012e+04	   1.4988490e-06	
   1.0660040e+04	   1.4053680e-06	
   1.0670010e+04	   1.3179370e-06	
   1.0680037e+04	   1.2403670e-06	
   1.0690036e+04	   1.1637940e-06	
   1.0700006e+04	   1.0941160e-06	
   1.0710033e+04	   1.0293330e-06	
   1.0720003e+04	   9.6782320e-07	
   1.0730031e+04	   9.1109980e-07	
   1.0740001e+04	   8.5799070e-07	
   1.0750030e+04	   8.0719340e-07	
   1.0759999e+04	   7.6382900e-07	
   1.0770027e+04	   7.2344850e-07	
   1.0779997e+04	   6.8294990e-07	
   1.0790025e+04	   6.4578210e-07	
   1.0800023e+04	   6.1155770e-07	
   1.0810022e+04	   5.7707530e-07	
   1.0819992e+04	   5.4606510e-07	
   1.0830020e+04	   5.1554540e-07	
   1.0839990e+04	   4.8929660e-07	
   1.0850018e+04	   4.6354610e-07	
   1.0860016e+04	   4.3808110e-07	
   1.0869986e+04	   4.1451590e-07	
   1.0880043e+04	   3.9281790e-07	
   1.0890042e+04	   3.7316960e-07	
   1.0900012e+04	   3.5292790e-07	
   1.0910010e+04	   3.3407300e-07	
   1.0920038e+04	   3.1412880e-07	
   1.0930037e+04	   2.9552320e-07	
   1.0940007e+04	   2.7868130e-07	
   1.0950035e+04	   2.6209660e-07	
   1.0960033e+04	   2.4733060e-07	
   1.0970003e+04	   2.3340760e-07	
   1.0980002e+04	   2.1910400e-07	
   1.0990030e+04	   2.0497000e-07	
   1.1000000e+04	   1.9274080e-07	
   1.1010028e+04	   1.8054800e-07	
   1.1019998e+04	   1.6905250e-07	
   1.1030025e+04	   1.5878920e-07	
   1.1040025e+04	   1.4887600e-07	
   1.1049994e+04	   1.3817130e-07	
   1.1060022e+04	   1.2875770e-07	
   1.1070021e+04	   1.2000880e-07	
   1.1079990e+04	   1.1152800e-07	
   1.1090018e+04	   1.0335950e-07	
   1.1100018e+04	   9.5960390e-08	
   1.1110016e+04	   8.8823400e-08	
   1.1119986e+04	   8.1777990e-08	
   1.1130043e+04	   7.5257820e-08	
   1.1140013e+04	   6.9080980e-08	
   1.1150041e+04	   6.3494110e-08	
   1.1160040e+04	   5.8144120e-08	
   1.1170010e+04	   5.3525930e-08	
   1.1180037e+04	   4.9097710e-08	
   1.1190036e+04	   4.5216200e-08	
   1.1200006e+04	   4.1498520e-08	
   1.1210033e+04	   3.7952300e-08	
   1.1220003e+04	   3.4663670e-08	
   1.1230031e+04	   3.1796610e-08	
   1.1240001e+04	   2.9062310e-08	
   1.1250030e+04	   2.6778250e-08	
   1.1260028e+04	   2.4802250e-08	
   1.1269998e+04	   2.3050990e-08	
   1.1280025e+04	   2.1462480e-08	
   1.1289995e+04	   2.0249030e-08	
   1.1300023e+04	   1.9151350e-08	
   1.1309993e+04	   1.8167890e-08	
   1.1320021e+04	   1.7440580e-08	
   1.1330020e+04	   1.6777040e-08	
   1.1339990e+04	   1.6143400e-08	
   1.1350018e+04	   1.5659740e-08	
   1.1360016e+04	   1.5311840e-08	
   1.1369986e+04	   1.4947080e-08	
   1.1380043e+04	   1.4642680e-08	
   1.1390013e+04	   1.4374940e-08	
   1.1400041e+04	   1.4139850e-08	
   1.1410010e+04	   1.3856880e-08	
   1.1420038e+04	   1.3628110e-08	
   1.1430008e+04	   1.3424660e-08	
   1.1440036e+04	   1.3222250e-08	
   1.1450035e+04	   1.3027460e-08	
   1.1460033e+04	   1.2868830e-08	
   1.1470033e+04	   1.2646610e-08	
   1.1480031e+04	   1.2379040e-08	
   1.1490001e+04	   1.2158060e-08	
   1.1500030e+04	   1.1906490e-08	
   1.1510028e+04	   1.1785960e-08	
   1.1520027e+04	   1.1484730e-08	
   1.1529997e+04	   1.1216780e-08	
   1.1540025e+04	   1.0971780e-08	
   1.1549994e+04	   1.0755610e-08	
   1.1560022e+04	   1.0416520e-08	
   1.1570021e+04	   1.0180590e-08	
   1.1580020e+04	   9.9044040e-09	
   1.1589990e+04	   9.6583860e-09	
   1.1600018e+04	   9.3676510e-09	
   1.1609987e+04	   9.0422050e-09	
   1.1620015e+04	   8.7409050e-09	
   1.1630043e+04	   8.4635520e-09	
   1.1640042e+04	   8.1919870e-09	
   1.1650041e+04	   7.9094910e-09	
   1.1660040e+04	   7.6467170e-09	
   1.1670010e+04	   7.3832760e-09	
   1.1680037e+04	   7.1026720e-09	
   1.1690007e+04	   6.8722070e-09	
   1.1700035e+04	   6.6629390e-09	
   1.1710033e+04	   6.4353630e-09	
   1.1720033e+04	   6.1996540e-09	
   1.1730031e+04	   6.0014540e-09	
   1.1740001e+04	   5.8538260e-09	
   1.1750030e+04	   5.6557940e-09	
   1.1759999e+04	   5.5255530e-09	
   1.1770027e+04	   5.3321510e-09	
   1.1780025e+04	   5.2141250e-09	
   1.1789995e+04	   5.0577910e-09	
   1.1800023e+04	   4.9845550e-09	
   1.1810022e+04	   4.8396070e-09	
   1.1820021e+04	   4.7324620e-09	
   1.1829990e+04	   4.6146650e-09	
   1.1839990e+04	   4.5226130e-09	
   1.1850018e+04	   4.4417720e-09	
   1.1860016e+04	   4.3771400e-09	
   1.1869986e+04	   4.3087550e-09	
   1.1880073e+04	   4.2491650e-09	
   1.1890013e+04	   4.1859680e-09	
   1.1900041e+04	   4.1191090e-09	
   1.1910010e+04	   4.0974490e-09	
   1.1920038e+04	   4.0576610e-09	
   1.1930008e+04	   4.0203910e-09	
   1.1940036e+04	   3.9788800e-09	
   1.1950035e+04	   3.9542680e-09	
   1.1960005e+04	   3.9271690e-09	
   1.1970033e+04	   3.9038610e-09	
   1.1980002e+04	   3.8785720e-09	
   1.1990030e+04	   3.8567580e-09	
   1.2000000e+04	   3.8294570e-09	
