   8.0000296e+03	   2.9840310e-04	
   8.0099993e+03	   2.5814310e-04	
   8.0200272e+03	   2.5815900e-04	
   8.0300255e+03	   2.5817390e-04	
   8.0400248e+03	   2.5819980e-04	
   8.0500231e+03	   2.5822080e-04	
   8.0600224e+03	   2.5823830e-04	
   8.0700207e+03	   2.5825370e-04	
   8.0799904e+03	   2.5827820e-04	
   8.0900478e+03	   2.5828160e-04	
   8.0999880e+03	   2.5829620e-04	
   8.1100159e+03	   2.5830420e-04	
   8.1200151e+03	   2.5832210e-04	
   8.1300144e+03	   2.5832410e-04	
   8.1400423e+03	   2.5832420e-04	
   8.1500120e+03	   2.5834090e-04	
   8.1600399e+03	   2.5832700e-04	
   8.1700382e+03	   2.5832800e-04	
   8.1800375e+03	   2.5832040e-04	
   8.1900358e+03	   2.5832060e-04	
   8.2000055e+03	   2.5832050e-04	
   8.2100334e+03	   2.5831910e-04	
   8.2200031e+03	   2.5831240e-04	
   8.2300310e+03	   2.5829840e-04	
   8.2400303e+03	   2.5830250e-04	
   8.2500000e+03	   2.5829700e-04	
   8.2600279e+03	   2.5830120e-04	
   8.2700272e+03	   2.5829960e-04	
   8.2800255e+03	   2.5831340e-04	
   8.2900248e+03	   2.5833620e-04	
   8.2999945e+03	   2.5836730e-04	
   8.3100224e+03	   2.5840400e-04	
   8.3200207e+03	   2.5845830e-04	
   8.3300200e+03	   2.5852070e-04	
   8.3399897e+03	   2.5858190e-04	
   8.3500175e+03	   2.5864290e-04	
   8.3599873e+03	   2.5871380e-04	
   8.3700151e+03	   2.5876050e-04	
   8.3800144e+03	   2.5881440e-04	
   8.3900423e+03	   2.5884840e-04	
   8.4000406e+03	   2.5887450e-04	
   8.4100399e+03	   2.5889360e-04	
   8.4200096e+03	   2.5890190e-04	
   8.4300375e+03	   2.5887890e-04	
   8.4400358e+03	   2.5886770e-04	
   8.4500055e+03	   2.5884340e-04	
   8.4600334e+03	   2.5882050e-04	
   8.4700031e+03	   2.5878950e-04	
   8.4800310e+03	   2.5877570e-04	
   8.4900303e+03	   2.5878070e-04	
   8.5000000e+03	   2.5880810e-04	
   8.5100279e+03	   2.5883650e-04	
   8.5199976e+03	   2.5888460e-04	
   8.5300255e+03	   2.5895460e-04	
   8.5399952e+03	   2.5902230e-04	
   8.5500231e+03	   2.5910260e-04	
   8.5600224e+03	   2.5918720e-04	
   8.5700207e+03	   2.5926300e-04	
   8.5799904e+03	   2.5933340e-04	
   8.5900183e+03	   2.5938080e-04	
   8.5999880e+03	   2.5942770e-04	
   8.6100159e+03	   2.5944010e-04	
   8.6200151e+03	   2.5943210e-04	
   8.6300144e+03	   2.5942230e-04	
   8.6400423e+03	   2.5938470e-04	
   8.6500406e+03	   2.5935880e-04	
   8.6600103e+03	   2.5933710e-04	
   8.6700382e+03	   2.5931020e-04	
   8.6800079e+03	   2.5929230e-04	
   8.6900358e+03	   2.5927230e-04	
   8.7000351e+03	   2.5925620e-04	
   8.7100048e+03	   2.5924080e-04	
   8.7200327e+03	   2.5921780e-04	
   8.7300310e+03	   2.5920390e-04	
   8.7400303e+03	   2.5918400e-04	
   8.7500296e+03	   2.5917410e-04	
   8.7600279e+03	   2.5916600e-04	
   8.7699976e+03	   2.5914410e-04	
   8.7800255e+03	   2.5913500e-04	
   8.7900248e+03	   2.5911410e-04	
   8.8000231e+03	   2.5910280e-04	
   8.8099928e+03	   2.5907410e-04	
   8.8200207e+03	   2.5905860e-04	
   8.8300200e+03	   2.5904000e-04	
   8.8399897e+03	   2.5901870e-04	
   8.8500175e+03	   2.5897650e-04	
   8.8600159e+03	   2.5895360e-04	
   8.8700151e+03	   2.5893700e-04	
   8.8800430e+03	   2.5891800e-04	
   8.8900423e+03	   2.5890730e-04	
   8.9000120e+03	   2.5890310e-04	
   8.9100685e+03	   2.5888600e-04	
   8.9200096e+03	   2.5889940e-04	
   8.9300375e+03	   2.5890370e-04	
   8.9400358e+03	   2.5891080e-04	
   8.9500351e+03	   2.5890980e-04	
   8.9600334e+03	   2.5891860e-04	
   8.9700031e+03	   2.5892170e-04	
   8.9800310e+03	   2.5891190e-04	
   8.9900303e+03	   2.5889310e-04	
   9.0000296e+03	   2.5888540e-04	
   9.0100279e+03	   2.5884520e-04	
   9.0200272e+03	   2.5883710e-04	
   9.0300255e+03	   2.5881220e-04	
   9.0400248e+03	   2.5878560e-04	
   9.0500231e+03	   2.5876180e-04	
   9.0600224e+03	   2.5874160e-04	
   9.0700207e+03	   2.5872490e-04	
   9.0800200e+03	   2.5869830e-04	
   9.0900183e+03	   2.5868810e-04	
   9.1000175e+03	   2.5868440e-04	
   9.1099873e+03	   2.5870890e-04	
   9.1200151e+03	   2.5872330e-04	
   9.1300144e+03	   2.5876470e-04	
   9.1400423e+03	   2.5879510e-04	
   9.1500406e+03	   2.5882630e-04	
   9.1600103e+03	   2.5884170e-04	
   9.1700382e+03	   2.5885560e-04	
   9.1800079e+03	   2.5884720e-04	
   9.1900358e+03	   2.5880780e-04	
   9.2000055e+03	   2.5877970e-04	
   9.2100334e+03	   2.5872620e-04	
   9.2200031e+03	   2.5869100e-04	
   9.2300310e+03	   2.5866290e-04	
   9.2400007e+03	   2.5862830e-04	
   9.2500296e+03	   2.5860680e-04	
   9.2599993e+03	   2.5860190e-04	
   9.2700272e+03	   2.5858170e-04	
   9.2799969e+03	   2.5859130e-04	
   9.2900248e+03	   2.5858950e-04	
   9.2999945e+03	   2.5859400e-04	
   9.3099928e+03	   2.5857890e-04	
   9.3200207e+03	   2.5857560e-04	
   9.3300200e+03	   2.5857080e-04	
   9.3399897e+03	   2.5856600e-04	
   9.3500175e+03	   2.5855240e-04	
   9.3599873e+03	   2.5854680e-04	
   9.3700151e+03	   2.5853040e-04	
   9.3800430e+03	   2.5852080e-04	
   9.3900127e+03	   2.5850820e-04	
   9.4000406e+03	   2.5850600e-04	
   9.4100103e+03	   2.5849220e-04	
   9.4200382e+03	   2.5846980e-04	
   9.4300375e+03	   2.5846840e-04	
   9.4400072e+03	   2.5846000e-04	
   9.4500351e+03	   2.5844370e-04	
   9.4600334e+03	   2.5843470e-04	
   9.4700031e+03	   2.5843540e-04	
   9.4800310e+03	   2.5841910e-04	
   9.4900007e+03	   2.5841660e-04	
   9.5000296e+03	   2.5839610e-04	
   9.5100279e+03	   2.5837190e-04	
   9.5199976e+03	   2.5835770e-04	
   9.5300255e+03	   2.5831950e-04	
   9.5399952e+03	   2.5831000e-04	
   9.5500231e+03	   2.5828340e-04	
   9.5599928e+03	   2.5825850e-04	
   9.5700207e+03	   2.5822780e-04	
   9.5799904e+03	   2.5821200e-04	
   9.5900183e+03	   2.5817640e-04	
   9.5999880e+03	   2.5814210e-04	
   9.6100159e+03	   2.5808930e-04	
   9.6199856e+03	   2.5801450e-04	
   9.6300144e+03	   2.5788160e-04	
   9.6400423e+03	   2.5773310e-04	
   9.6500120e+03	   2.5753220e-04	
   9.6600399e+03	   2.5719880e-04	
   9.6700382e+03	   2.5685650e-04	
   9.6800079e+03	   2.5642670e-04	
   9.6900072e+03	   2.5584370e-04	
   9.7000351e+03	   2.5512100e-04	
   9.7100334e+03	   2.5416290e-04	
   9.7200031e+03	   2.5294700e-04	
   9.7300310e+03	   2.5142510e-04	
   9.7400303e+03	   2.4941920e-04	
   9.7500000e+03	   2.4684560e-04	
   9.7600279e+03	   2.4364280e-04	
   9.7699976e+03	   2.3966580e-04	
   9.7800255e+03	   2.3487220e-04	
   9.7900248e+03	   2.2915410e-04	
   9.7999945e+03	   2.2245010e-04	
   9.8100224e+03	   2.1462900e-04	
   9.8200207e+03	   2.0588380e-04	
   9.8299904e+03	   1.9628850e-04	
   9.8400183e+03	   1.8565930e-04	
   9.8499880e+03	   1.7476010e-04	
   9.8600159e+03	   1.6259940e-04	
   9.8699856e+03	   1.5029550e-04	
   9.8800430e+03	   1.3740500e-04	
   9.8900127e+03	   1.2409610e-04	
   9.9000406e+03	   1.1115130e-04	
   9.9100399e+03	   9.8395250e-05	
   9.9200096e+03	   8.6845440e-05	
   9.9300375e+03	   7.5639970e-05	
   9.9400072e+03	   6.5116180e-05	
   9.9500351e+03	   5.5612560e-05	
   9.9600048e+03	   4.6631130e-05	
   9.9700327e+03	   3.8673170e-05	
   9.9800024e+03	   3.1875950e-05	
   9.9900303e+03	   2.5952930e-05	
   1.0000000e+04	   2.1000660e-05	
   1.0010028e+04	   1.6791330e-05	
   1.0019998e+04	   1.3403950e-05	
   1.0030025e+04	   1.0796650e-05	
   1.0040025e+04	   8.7458530e-06	
   1.0050023e+04	   7.1803640e-06	
   1.0060022e+04	   5.9603810e-06	
   1.0069992e+04	   4.9504930e-06	
   1.0080020e+04	   4.2658800e-06	
   1.0090018e+04	   3.7553330e-06	
   1.0099988e+04	   3.3627000e-06	
   1.0110016e+04	   3.0537420e-06	
   1.0119986e+04	   2.8592920e-06	
   1.0130043e+04	   2.7230730e-06	
   1.0140013e+04	   2.6101630e-06	
   1.0150041e+04	   2.5066590e-06	
   1.0160010e+04	   2.4128540e-06	
   1.0170038e+04	   2.3153340e-06	
   1.0180008e+04	   2.2360410e-06	
   1.0190036e+04	   2.1730070e-06	
   1.0200006e+04	   2.1196300e-06	
   1.0210033e+04	   2.0778940e-06	
   1.0220003e+04	   2.0437520e-06	
   1.0230031e+04	   2.0147720e-06	
   1.0240001e+04	   1.9792800e-06	
   1.0250030e+04	   1.9540050e-06	
   1.0259999e+04	   1.9320510e-06	
   1.0270027e+04	   1.9092190e-06	
   1.0279997e+04	   1.8875610e-06	
   1.0290025e+04	   1.8693990e-06	
   1.0299994e+04	   1.8486770e-06	
   1.0309993e+04	   1.8263690e-06	
   1.0320021e+04	   1.8051280e-06	
   1.0329990e+04	   1.7833890e-06	
   1.0340018e+04	   1.7637730e-06	
   1.0349988e+04	   1.7492300e-06	
   1.0360016e+04	   1.7381410e-06	
   1.0369986e+04	   1.7277320e-06	
   1.0380043e+04	   1.7163150e-06	
   1.0390013e+04	   1.6996710e-06	
   1.0400041e+04	   1.6797430e-06	
   1.0410040e+04	   1.6587400e-06	
   1.0420010e+04	   1.6361750e-06	
   1.0430037e+04	   1.6154880e-06	
   1.0440007e+04	   1.5969870e-06	
   1.0450006e+04	   1.5807080e-06	
   1.0460033e+04	   1.5625050e-06	
   1.0470003e+04	   1.5469710e-06	
   1.0480031e+04	   1.5308570e-06	
   1.0490030e+04	   1.5147780e-06	
   1.0500000e+04	   1.4967210e-06	
   1.0510028e+04	   1.4784400e-06	
   1.0519998e+04	   1.4577470e-06	
   1.0530025e+04	   1.4377380e-06	
   1.0539995e+04	   1.4199280e-06	
   1.0550023e+04	   1.4044020e-06	
   1.0559993e+04	   1.3938080e-06	
   1.0569992e+04	   1.3875370e-06	
   1.0580020e+04	   1.3788590e-06	
   1.0589990e+04	   1.3664760e-06	
   1.0599988e+04	   1.3516740e-06	
   1.0610016e+04	   1.3351380e-06	
   1.0620015e+04	   1.3191890e-06	
   1.0630014e+04	   1.3038700e-06	
   1.0640013e+04	   1.2920500e-06	
   1.0650041e+04	   1.2804230e-06	
   1.0660010e+04	   1.2711100e-06	
   1.0670038e+04	   1.2604050e-06	
   1.0680037e+04	   1.2484430e-06	
   1.0690007e+04	   1.2385720e-06	
   1.0700035e+04	   1.2284440e-06	
   1.0710005e+04	   1.2166640e-06	
   1.0720033e+04	   1.2039920e-06	
   1.0730031e+04	   1.1912810e-06	
   1.0740001e+04	   1.1775940e-06	
   1.0750030e+04	   1.1637220e-06	
   1.0759999e+04	   1.1485110e-06	
   1.0769998e+04	   1.1335300e-06	
   1.0780025e+04	   1.1170690e-06	
   1.0790025e+04	   1.1024980e-06	
   1.0800023e+04	   1.0879670e-06	
   1.0809993e+04	   1.0760100e-06	
   1.0820021e+04	   1.0655050e-06	
   1.0829990e+04	   1.0558930e-06	
   1.0840018e+04	   1.0478450e-06	
   1.0849988e+04	   1.0415090e-06	
   1.0860016e+04	   1.0368700e-06	
   1.0869986e+04	   1.0300030e-06	
   1.0880014e+04	   1.0205650e-06	
   1.0890013e+04	   1.0113630e-06	
   1.0900041e+04	   1.0005810e-06	
   1.0910010e+04	   9.9143370e-07	
   1.0920038e+04	   9.8248170e-07	
   1.0930008e+04	   9.7561610e-07	
   1.0940036e+04	   9.7016820e-07	
   1.0950006e+04	   9.6467890e-07	
   1.0960033e+04	   9.5811210e-07	
   1.0970033e+04	   9.5011350e-07	
   1.0980002e+04	   9.4121450e-07	
   1.0990030e+04	   9.3296400e-07	
   1.1000000e+04	   9.2452680e-07	
   1.1009999e+04	   9.1665940e-07	
   1.1020027e+04	   9.1065740e-07	
   1.1029997e+04	   9.0449830e-07	
   1.1040025e+04	   8.9882780e-07	
   1.1049994e+04	   8.9229270e-07	
   1.1060022e+04	   8.8552460e-07	
   1.1070021e+04	   8.7949640e-07	
   1.1079990e+04	   8.7527490e-07	
   1.1090018e+04	   8.7094270e-07	
   1.1099988e+04	   8.6756900e-07	
   1.1110016e+04	   8.6553230e-07	
   1.1119986e+04	   8.6372590e-07	
   1.1130043e+04	   8.6300990e-07	
   1.1140013e+04	   8.6265340e-07	
   1.1150041e+04	   8.6335060e-07	
   1.1160040e+04	   8.6396350e-07	
   1.1170010e+04	   8.6305800e-07	
   1.1180037e+04	   8.6308920e-07	
   1.1190007e+04	   8.6180430e-07	
   1.1200035e+04	   8.5952590e-07	
   1.1210033e+04	   8.5583090e-07	
   1.1220003e+04	   8.5041440e-07	
   1.1230031e+04	   8.4402570e-07	
   1.1240001e+04	   8.3654880e-07	
   1.1250030e+04	   8.2853360e-07	
   1.1259999e+04	   8.1865790e-07	
   1.1270027e+04	   8.0859170e-07	
   1.1279997e+04	   7.9830910e-07	
   1.1290025e+04	   7.8829130e-07	
   1.1299994e+04	   7.7628980e-07	
   1.1310022e+04	   7.6331530e-07	
   1.1320021e+04	   7.5041860e-07	
   1.1329990e+04	   7.3856180e-07	
   1.1339990e+04	   7.2772410e-07	
   1.1350018e+04	   7.2012120e-07	
   1.1359987e+04	   7.1335310e-07	
   1.1370015e+04	   7.0777120e-07	
   1.1380014e+04	   7.0217390e-07	
   1.1390042e+04	   6.9644650e-07	
   1.1400012e+04	   6.9038540e-07	
   1.1410040e+04	   6.8429410e-07	
   1.1420010e+04	   6.7751540e-07	
   1.1430037e+04	   6.6988500e-07	
   1.1440007e+04	   6.6206170e-07	
   1.1450035e+04	   6.5337930e-07	
   1.1460005e+04	   6.4408520e-07	
   1.1470033e+04	   6.3476730e-07	
   1.1480031e+04	   6.2665550e-07	
   1.1490001e+04	   6.1849690e-07	
   1.1500030e+04	   6.1124910e-07	
   1.1510028e+04	   6.0555500e-07	
   1.1519998e+04	   6.0096800e-07	
   1.1530025e+04	   5.9724340e-07	
   1.1539995e+04	   5.9261140e-07	
   1.1550023e+04	   5.8617450e-07	
   1.1560022e+04	   5.8180670e-07	
   1.1570021e+04	   5.7866110e-07	
   1.1580020e+04	   5.7570650e-07	
   1.1590018e+04	   5.7099170e-07	
   1.1599988e+04	   5.6585360e-07	
   1.1610016e+04	   5.5955380e-07	
   1.1620015e+04	   5.5193630e-07	
   1.1630043e+04	   5.4354020e-07	
   1.1640013e+04	   5.3539630e-07	
   1.1650041e+04	   5.2896810e-07	
   1.1660040e+04	   5.2385770e-07	
   1.1670010e+04	   5.2128970e-07	
   1.1680037e+04	   5.1794760e-07	
   1.1690036e+04	   5.1532080e-07	
   1.1700006e+04	   5.1363640e-07	
   1.1710033e+04	   5.1128370e-07	
   1.1720003e+04	   5.0769690e-07	
   1.1730031e+04	   5.0324990e-07	
   1.1740001e+04	   4.9794180e-07	
   1.1750030e+04	   4.9187670e-07	
   1.1759999e+04	   4.8567130e-07	
   1.1770027e+04	   4.7833550e-07	
   1.1779997e+04	   4.7117010e-07	
   1.1790025e+04	   4.6377510e-07	
   1.1799994e+04	   4.5715140e-07	
   1.1810022e+04	   4.5265440e-07	
   1.1820021e+04	   4.4901020e-07	
   1.1829990e+04	   4.4546620e-07	
   1.1840018e+04	   4.4098000e-07	
   1.1850018e+04	   4.3455070e-07	
   1.1860016e+04	   4.2687720e-07	
   1.1869986e+04	   4.1913920e-07	
   1.1880043e+04	   4.1212620e-07	
   1.1890013e+04	   4.0620030e-07	
   1.1900041e+04	   4.0105450e-07	
   1.1910040e+04	   3.9698920e-07	
   1.1920010e+04	   3.9260380e-07	
   1.1930037e+04	   3.8819590e-07	
   1.1940007e+04	   3.8365570e-07	
   1.1950035e+04	   3.7856050e-07	
   1.1960033e+04	   3.7423370e-07	
   1.1970003e+04	   3.6997060e-07	
   1.1980031e+04	   3.6662350e-07	
   1.1990030e+04	   3.6361870e-07	
   1.2000000e+04	   3.6065470e-07	
