   8.5000000e+03	   2.9886170e-04	
   8.5099993e+03	   2.5797940e-04	
   8.5200272e+03	   2.5797120e-04	
   8.5300255e+03	   2.5795510e-04	
   8.5399952e+03	   2.5794330e-04	
   8.5500231e+03	   2.5790970e-04	
   8.5600224e+03	   2.5788240e-04	
   8.5699921e+03	   2.5787450e-04	
   8.5800200e+03	   2.5784340e-04	
   8.5899897e+03	   2.5783110e-04	
   8.6000175e+03	   2.5780270e-04	
   8.6099873e+03	   2.5778200e-04	
   8.6200151e+03	   2.5776860e-04	
   8.6300144e+03	   2.5778560e-04	
   8.6400423e+03	   2.5775160e-04	
   8.6500406e+03	   2.5776860e-04	
   8.6600103e+03	   2.5776860e-04	
   8.6700382e+03	   2.5775550e-04	
   8.6800079e+03	   2.5777020e-04	
   8.6900358e+03	   2.5775150e-04	
   8.7000351e+03	   2.5775990e-04	
   8.7100334e+03	   2.5776420e-04	
   8.7200031e+03	   2.5774470e-04	
   8.7300310e+03	   2.5772540e-04	
   8.7400007e+03	   2.5772720e-04	
   8.7500296e+03	   2.5773380e-04	
   8.7600279e+03	   2.5772590e-04	
   8.7699976e+03	   2.5772980e-04	
   8.7800255e+03	   2.5771530e-04	
   8.7900248e+03	   2.5771660e-04	
   8.8000231e+03	   2.5774270e-04	
   8.8100224e+03	   2.5774130e-04	
   8.8200207e+03	   2.5774220e-04	
   8.8300200e+03	   2.5773470e-04	
   8.8400183e+03	   2.5772160e-04	
   8.8500175e+03	   2.5770590e-04	
   8.8600159e+03	   2.5768780e-04	
   8.8699856e+03	   2.5767300e-04	
   8.8800430e+03	   2.5765300e-04	
   8.8900423e+03	   2.5765220e-04	
   8.9000120e+03	   2.5763490e-04	
   8.9100685e+03	   2.5761150e-04	
   8.9200096e+03	   2.5762000e-04	
   8.9300375e+03	   2.5761110e-04	
   8.9400358e+03	   2.5760390e-04	
   8.9500055e+03	   2.5758980e-04	
   8.9600334e+03	   2.5758340e-04	
   8.9700031e+03	   2.5759250e-04	
   8.9800310e+03	   2.5759580e-04	
   8.9900303e+03	   2.5759700e-04	
   9.0000296e+03	   2.5760520e-04	
   9.0099993e+03	   2.5761930e-04	
   9.0200272e+03	   2.5761010e-04	
   9.0300255e+03	   2.5759150e-04	
   9.0399952e+03	   2.5761190e-04	
   9.0500526e+03	   2.5760420e-04	
   9.0599928e+03	   2.5763000e-04	
   9.0700207e+03	   2.5762490e-04	
   9.0799904e+03	   2.5763250e-04	
   9.0900183e+03	   2.5762820e-04	
   9.0999880e+03	   2.5761740e-04	
   9.1099873e+03	   2.5763370e-04	
   9.1200447e+03	   2.5761620e-04	
   9.1300144e+03	   2.5761270e-04	
   9.1400423e+03	   2.5758370e-04	
   9.1500406e+03	   2.5756310e-04	
   9.1600103e+03	   2.5753830e-04	
   9.1700382e+03	   2.5751740e-04	
   9.1800079e+03	   2.5747700e-04	
   9.1900358e+03	   2.5745670e-04	
   9.2000351e+03	   2.5743370e-04	
   9.2100048e+03	   2.5742060e-04	
   9.2200327e+03	   2.5740230e-04	
   9.2300310e+03	   2.5740050e-04	
   9.2400007e+03	   2.5737920e-04	
   9.2500296e+03	   2.5736390e-04	
   9.2600279e+03	   2.5737280e-04	
   9.2699976e+03	   2.5737120e-04	
   9.2800255e+03	   2.5736370e-04	
   9.2900248e+03	   2.5734370e-04	
   9.2999945e+03	   2.5734680e-04	
   9.3100224e+03	   2.5734740e-04	
   9.3200207e+03	   2.5733220e-04	
   9.3300200e+03	   2.5731840e-04	
   9.3399897e+03	   2.5732570e-04	
   9.3500175e+03	   2.5731740e-04	
   9.3599873e+03	   2.5730400e-04	
   9.3700151e+03	   2.5729700e-04	
   9.3800144e+03	   2.5728500e-04	
   9.3900423e+03	   2.5728720e-04	
   9.4000406e+03	   2.5727260e-04	
   9.4100103e+03	   2.5727560e-04	
   9.4200096e+03	   2.5726430e-04	
   9.4300375e+03	   2.5725750e-04	
   9.4400358e+03	   2.5726390e-04	
   9.4500351e+03	   2.5727420e-04	
   9.4600334e+03	   2.5727710e-04	
   9.4700031e+03	   2.5728360e-04	
   9.4800310e+03	   2.5727020e-04	
   9.4900303e+03	   2.5728220e-04	
   9.5000000e+03	   2.5728050e-04	
   9.5100279e+03	   2.5726450e-04	
   9.5199976e+03	   2.5726170e-04	
   9.5300255e+03	   2.5724330e-04	
   9.5399952e+03	   2.5721920e-04	
   9.5500231e+03	   2.5719090e-04	
   9.5599928e+03	   2.5716280e-04	
   9.5700207e+03	   2.5714000e-04	
   9.5799904e+03	   2.5711980e-04	
   9.5900183e+03	   2.5708230e-04	
   9.5999880e+03	   2.5705470e-04	
   9.6100159e+03	   2.5699800e-04	
   9.6199856e+03	   2.5695230e-04	
   9.6300144e+03	   2.5688290e-04	
   9.6400423e+03	   2.5677180e-04	
   9.6500120e+03	   2.5665500e-04	
   9.6600399e+03	   2.5648640e-04	
   9.6700096e+03	   2.5626170e-04	
   9.6800375e+03	   2.5596040e-04	
   9.6900072e+03	   2.5560300e-04	
   9.7000351e+03	   2.5514060e-04	
   9.7100334e+03	   2.5449440e-04	
   9.7200031e+03	   2.5370590e-04	
   9.7300024e+03	   2.5267220e-04	
   9.7400303e+03	   2.5134020e-04	
   9.7500000e+03	   2.4960140e-04	
   9.7599993e+03	   2.4738610e-04	
   9.7700272e+03	   2.4448280e-04	
   9.7800255e+03	   2.4100470e-04	
   9.7899952e+03	   2.3668370e-04	
   9.8000231e+03	   2.3145910e-04	
   9.8099928e+03	   2.2523770e-04	
   9.8200207e+03	   2.1810470e-04	
   9.8300200e+03	   2.1003340e-04	
   9.8399897e+03	   2.0086600e-04	
   9.8500175e+03	   1.9083300e-04	
   9.8599577e+03	   1.7993960e-04	
   9.8700447e+03	   1.6827860e-04	
   9.8800144e+03	   1.5594500e-04	
   9.8900127e+03	   1.4288410e-04	
   9.9000406e+03	   1.2963610e-04	
   9.9100399e+03	   1.1638240e-04	
   9.9200096e+03	   1.0380400e-04	
   9.9300375e+03	   9.1524980e-05	
   9.9400072e+03	   7.9918120e-05	
   9.9500351e+03	   6.9199250e-05	
   9.9600048e+03	   5.9075380e-05	
   9.9700327e+03	   4.9522620e-05	
   9.9800024e+03	   4.1187050e-05	
   9.9900303e+03	   3.3732780e-05	
   1.0000000e+04	   2.7362760e-05	
   1.0010028e+04	   2.1887090e-05	
   1.0019998e+04	   1.7336520e-05	
   1.0030025e+04	   1.3824890e-05	
   1.0040025e+04	   1.1227200e-05	
   1.0049994e+04	   9.1649240e-06	
   1.0060022e+04	   7.4550180e-06	
   1.0069992e+04	   6.1996990e-06	
   1.0080020e+04	   5.1590510e-06	
   1.0089990e+04	   4.3789810e-06	
   1.0099988e+04	   3.8366650e-06	
   1.0110016e+04	   3.3929900e-06	
   1.0119986e+04	   3.0884720e-06	
   1.0130043e+04	   2.8872990e-06	
   1.0140013e+04	   2.6873880e-06	
   1.0150041e+04	   2.6086700e-06	
   1.0160010e+04	   2.4776770e-06	
   1.0170038e+04	   2.3639110e-06	
   1.0180008e+04	   2.2802010e-06	
   1.0190036e+04	   2.1973710e-06	
   1.0200006e+04	   2.1278010e-06	
   1.0210033e+04	   2.0690820e-06	
   1.0220033e+04	   2.0157160e-06	
   1.0230002e+04	   1.9804890e-06	
   1.0240001e+04	   1.9505110e-06	
   1.0250030e+04	   1.9185120e-06	
   1.0259999e+04	   1.8976030e-06	
   1.0270027e+04	   1.8701770e-06	
   1.0280025e+04	   1.8481860e-06	
   1.0289995e+04	   1.8261600e-06	
   1.0300023e+04	   1.8037400e-06	
   1.0309993e+04	   1.7852450e-06	
   1.0320021e+04	   1.7661600e-06	
   1.0329990e+04	   1.7429440e-06	
   1.0340018e+04	   1.7198080e-06	
   1.0349988e+04	   1.6997210e-06	
   1.0360016e+04	   1.6817880e-06	
   1.0370015e+04	   1.6689950e-06	
   1.0380014e+04	   1.6581870e-06	
   1.0390042e+04	   1.6491750e-06	
   1.0400012e+04	   1.6367190e-06	
   1.0410040e+04	   1.6202180e-06	
   1.0420038e+04	   1.5998380e-06	
   1.0430008e+04	   1.5797650e-06	
   1.0440036e+04	   1.5590740e-06	
   1.0450006e+04	   1.5388570e-06	
   1.0460033e+04	   1.5228260e-06	
   1.0470003e+04	   1.5074940e-06	
   1.0480031e+04	   1.4919920e-06	
   1.0490030e+04	   1.4744140e-06	
   1.0500000e+04	   1.4588820e-06	
   1.0510028e+04	   1.4434620e-06	
   1.0519998e+04	   1.4258520e-06	
   1.0530025e+04	   1.4058800e-06	
   1.0539995e+04	   1.3855710e-06	
   1.0550023e+04	   1.3656450e-06	
   1.0559993e+04	   1.3472520e-06	
   1.0569992e+04	   1.3332320e-06	
   1.0580020e+04	   1.3257280e-06	
   1.0589990e+04	   1.3167920e-06	
   1.0600018e+04	   1.3052910e-06	
   1.0610016e+04	   1.2893670e-06	
   1.0619986e+04	   1.2740440e-06	
   1.0630043e+04	   1.2578440e-06	
   1.0640013e+04	   1.2426860e-06	
   1.0650041e+04	   1.2306110e-06	
   1.0660010e+04	   1.2183920e-06	
   1.0670038e+04	   1.2069390e-06	
   1.0680037e+04	   1.1966010e-06	
   1.0690007e+04	   1.1861290e-06	
   1.0700035e+04	   1.1752540e-06	
   1.0710033e+04	   1.1649660e-06	
   1.0720003e+04	   1.1538030e-06	
   1.0730031e+04	   1.1417080e-06	
   1.0740030e+04	   1.1305850e-06	
   1.0750030e+04	   1.1187900e-06	
   1.0759999e+04	   1.1052880e-06	
   1.0769998e+04	   1.0928090e-06	
   1.0780025e+04	   1.0787730e-06	
   1.0790025e+04	   1.0648710e-06	
   1.0800023e+04	   1.0493160e-06	
   1.0809993e+04	   1.0364360e-06	
   1.0820021e+04	   1.0246150e-06	
   1.0829990e+04	   1.0141660e-06	
   1.0840018e+04	   1.0045140e-06	
   1.0849988e+04	   9.9619240e-07	
   1.0860016e+04	   9.8967000e-07	
   1.0869986e+04	   9.8352290e-07	
   1.0880043e+04	   9.7722810e-07	
   1.0890013e+04	   9.6858050e-07	
   1.0900041e+04	   9.5775410e-07	
   1.0910040e+04	   9.4645960e-07	
   1.0920010e+04	   9.3420780e-07	
   1.0930037e+04	   9.2525860e-07	
   1.0940036e+04	   9.1751210e-07	
   1.0950035e+04	   9.1048660e-07	
   1.0960005e+04	   9.0585210e-07	
   1.0970033e+04	   9.0045420e-07	
   1.0980002e+04	   8.9494800e-07	
   1.0990030e+04	   8.8673550e-07	
   1.1000000e+04	   8.7799980e-07	
