   9.0000296e+03	   3.0123640e-04	
   9.0099993e+03	   2.6059860e-04	
   9.0200272e+03	   2.6064130e-04	
   9.0300255e+03	   2.6067860e-04	
   9.0400248e+03	   2.6070410e-04	
   9.0500231e+03	   2.6073710e-04	
   9.0600224e+03	   2.6077070e-04	
   9.0700207e+03	   2.6080830e-04	
   9.0799904e+03	   2.6086600e-04	
   9.0900183e+03	   2.6087470e-04	
   9.0999880e+03	   2.6092530e-04	
   9.1100159e+03	   2.6094770e-04	
   9.1200151e+03	   2.6098900e-04	
   9.1300144e+03	   2.6100970e-04	
   9.1400423e+03	   2.6100820e-04	
   9.1500120e+03	   2.6104800e-04	
   9.1600399e+03	   2.6108740e-04	
   9.1700382e+03	   2.6111780e-04	
   9.1800079e+03	   2.6115020e-04	
   9.1900654e+03	   2.6116480e-04	
   9.2000055e+03	   2.6120940e-04	
   9.2100048e+03	   2.6122950e-04	
   9.2200327e+03	   2.6128930e-04	
   9.2300310e+03	   2.6132290e-04	
   9.2400303e+03	   2.6134180e-04	
   9.2500296e+03	   2.6139340e-04	
   9.2600279e+03	   2.6141390e-04	
   9.2699976e+03	   2.6144100e-04	
   9.2800255e+03	   2.6144430e-04	
   9.2900248e+03	   2.6147590e-04	
   9.3000231e+03	   2.6150550e-04	
   9.3099928e+03	   2.6152310e-04	
   9.3200207e+03	   2.6154500e-04	
   9.3300200e+03	   2.6156360e-04	
   9.3400183e+03	   2.6158000e-04	
   9.3500175e+03	   2.6160170e-04	
   9.3599873e+03	   2.6162130e-04	
   9.3700151e+03	   2.6163850e-04	
   9.3800430e+03	   2.6166300e-04	
   9.3900127e+03	   2.6167750e-04	
   9.4000406e+03	   2.6164560e-04	
   9.4100399e+03	   2.6171110e-04	
   9.4200096e+03	   2.6172190e-04	
   9.4300375e+03	   2.6172960e-04	
   9.4400358e+03	   2.6174690e-04	
   9.4500351e+03	   2.6176170e-04	
   9.4600334e+03	   2.6178580e-04	
   9.4700327e+03	   2.6179860e-04	
   9.4800024e+03	   2.6182170e-04	
   9.4900303e+03	   2.6183140e-04	
   9.5000000e+03	   2.6185150e-04	
   9.5100279e+03	   2.6187230e-04	
   9.5199976e+03	   2.6187820e-04	
   9.5300255e+03	   2.6188620e-04	
   9.5399952e+03	   2.6188430e-04	
   9.5499945e+03	   2.6189600e-04	
   9.5600224e+03	   2.6188850e-04	
   9.5699921e+03	   2.6189250e-04	
   9.5800200e+03	   2.6189690e-04	
   9.5899897e+03	   2.6189350e-04	
   9.6000175e+03	   2.6189200e-04	
   9.6099873e+03	   2.6185580e-04	
   9.6200151e+03	   2.6182340e-04	
   9.6300144e+03	   2.6178250e-04	
   9.6400423e+03	   2.6170210e-04	
   9.6500120e+03	   2.6158710e-04	
   9.6600399e+03	   2.6139890e-04	
   9.6700096e+03	   2.6114640e-04	
   9.6800079e+03	   2.6083350e-04	
   9.6900072e+03	   2.6044330e-04	
   9.7000351e+03	   2.5995160e-04	
   9.7100334e+03	   2.5934350e-04	
   9.7200031e+03	   2.5851550e-04	
   9.7300310e+03	   2.5750170e-04	
   9.7400303e+03	   2.5615420e-04	
   9.7500296e+03	   2.5439430e-04	
   9.7599993e+03	   2.5211240e-04	
   9.7700272e+03	   2.4913710e-04	
   9.7799969e+03	   2.4539440e-04	
   9.7899952e+03	   2.4094670e-04	
   9.8000231e+03	   2.3567000e-04	
   9.8099928e+03	   2.2949550e-04	
   9.8200207e+03	   2.2218780e-04	
   9.8299904e+03	   2.1369620e-04	
   9.8399897e+03	   2.0440640e-04	
   9.8500175e+03	   1.9413460e-04	
   9.8599577e+03	   1.8343490e-04	
   9.8700447e+03	   1.7190520e-04	
   9.8800144e+03	   1.5993440e-04	
   9.8900127e+03	   1.4603240e-04	
   9.9000406e+03	   1.3233190e-04	
   9.9100399e+03	   1.1874140e-04	
   9.9200096e+03	   1.0554770e-04	
   9.9300375e+03	   9.2374340e-05	
   9.9400072e+03	   8.0429880e-05	
   9.9500351e+03	   6.9581260e-05	
   9.9600048e+03	   5.8618470e-05	
   9.9700327e+03	   4.9660980e-05	
   9.9800310e+03	   4.1278940e-05	
   9.9900303e+03	   3.3900510e-05	
   1.0000000e+04	   2.7532010e-05	
   1.0010028e+04	   2.2260400e-05	
   1.0019998e+04	   1.7898830e-05	
   1.0030025e+04	   1.4323520e-05	
   1.0039995e+04	   1.1616450e-05	
   1.0050023e+04	   9.3875810e-06	
   1.0060022e+04	   7.7169010e-06	
   1.0069992e+04	   6.3563320e-06	
   1.0080020e+04	   5.3159850e-06	
   1.0089990e+04	   4.5684380e-06	
   1.0099988e+04	   3.9410720e-06	
   1.0110016e+04	   3.4784220e-06	
   1.0119986e+04	   3.1484870e-06	
   1.0130014e+04	   2.9275130e-06	
   1.0140042e+04	   2.7541190e-06	
   1.0150041e+04	   2.6466870e-06	
   1.0160010e+04	   2.5142450e-06	
   1.0170038e+04	   2.4127130e-06	
   1.0180008e+04	   2.3188770e-06	
   1.0190036e+04	   2.2346410e-06	
   1.0200006e+04	   2.1571540e-06	
   1.0210033e+04	   2.1028790e-06	
   1.0220033e+04	   2.0493500e-06	
   1.0230002e+04	   2.0065780e-06	
   1.0240001e+04	   1.9739050e-06	
   1.0250000e+04	   1.9512130e-06	
   1.0260028e+04	   1.9276470e-06	
   1.0269998e+04	   1.9005430e-06	
   1.0280025e+04	   1.8778540e-06	
   1.0289995e+04	   1.8532440e-06	
   1.0300023e+04	   1.8345630e-06	
   1.0309993e+04	   1.8159090e-06	
   1.0320021e+04	   1.7939630e-06	
   1.0329990e+04	   1.7734790e-06	
   1.0340018e+04	   1.7545010e-06	
   1.0349988e+04	   1.7323640e-06	
   1.0360016e+04	   1.7151940e-06	
   1.0369986e+04	   1.7018150e-06	
   1.0380043e+04	   1.6915330e-06	
   1.0390013e+04	   1.6822590e-06	
   1.0400041e+04	   1.6715950e-06	
   1.0410010e+04	   1.6576690e-06	
   1.0420038e+04	   1.6391090e-06	
   1.0430008e+04	   1.6194630e-06	
   1.0440036e+04	   1.5987890e-06	
   1.0450006e+04	   1.5798900e-06	
   1.0460033e+04	   1.5624970e-06	
   1.0470003e+04	   1.5477840e-06	
   1.0480031e+04	   1.5327230e-06	
   1.0490001e+04	   1.5162130e-06	
   1.0500030e+04	   1.4994210e-06	
   1.0509999e+04	   1.4836650e-06	
   1.0520027e+04	   1.4658760e-06	
   1.0529997e+04	   1.4461980e-06	
   1.0540025e+04	   1.4248400e-06	
   1.0549994e+04	   1.4026640e-06	
   1.0560022e+04	   1.3834710e-06	
   1.0569992e+04	   1.3663540e-06	
   1.0580020e+04	   1.3554210e-06	
   1.0590018e+04	   1.3473100e-06	
   1.0599988e+04	   1.3396410e-06	
   1.0610016e+04	   1.3274650e-06	
   1.0620015e+04	   1.3102130e-06	
   1.0630014e+04	   1.2957830e-06	
   1.0640042e+04	   1.2813030e-06	
   1.0650012e+04	   1.2690240e-06	
   1.0660010e+04	   1.2577460e-06	
   1.0670038e+04	   1.2467450e-06	
   1.0680008e+04	   1.2381720e-06	
   1.0690036e+04	   1.2285400e-06	
   1.0700006e+04	   1.2186700e-06	
   1.0710033e+04	   1.2095830e-06	
   1.0720003e+04	   1.2005470e-06	
   1.0730031e+04	   1.1908480e-06	
   1.0740001e+04	   1.1807560e-06	
   1.0750030e+04	   1.1698710e-06	
   1.0759999e+04	   1.1570110e-06	
   1.0770027e+04	   1.1428380e-06	
   1.0779997e+04	   1.1283340e-06	
   1.0790025e+04	   1.1128910e-06	
   1.0800023e+04	   1.0959600e-06	
   1.0809993e+04	   1.0804750e-06	
   1.0820021e+04	   1.0685120e-06	
   1.0829990e+04	   1.0573460e-06	
   1.0840018e+04	   1.0478220e-06	
   1.0849988e+04	   1.0390000e-06	
   1.0860016e+04	   1.0309890e-06	
   1.0869986e+04	   1.0241920e-06	
   1.0880043e+04	   1.0156770e-06	
   1.0890013e+04	   1.0060480e-06	
   1.0900041e+04	   9.9452120e-07	
   1.0910040e+04	   9.8197750e-07	
   1.0920010e+04	   9.7093070e-07	
   1.0930037e+04	   9.6157150e-07	
   1.0940007e+04	   9.5446330e-07	
   1.0950006e+04	   9.4844370e-07	
   1.0960033e+04	   9.4509150e-07	
   1.0970033e+04	   9.4027750e-07	
   1.0980002e+04	   9.3450930e-07	
   1.0990030e+04	   9.2655950e-07	
   1.1000000e+04	   9.1763220e-07	
