   9.0000000e+03	   3.1018900e-04	
   9.0100279e+03	   2.6992500e-04	
   9.0200272e+03	   2.6996700e-04	
   9.0299969e+03	   2.7001790e-04	
   9.0400248e+03	   2.7005920e-04	
   9.0500231e+03	   2.7008720e-04	
   9.0600224e+03	   2.7014270e-04	
   9.0700207e+03	   2.7018690e-04	
   9.0799904e+03	   2.7022070e-04	
   9.0900183e+03	   2.7025860e-04	
   9.1000175e+03	   2.7028960e-04	
   9.1100159e+03	   2.7032430e-04	
   9.1200151e+03	   2.7033970e-04	
   9.1300144e+03	   2.7037620e-04	
   9.1400423e+03	   2.7039780e-04	
   9.1500120e+03	   2.7044980e-04	
   9.1600399e+03	   2.7047010e-04	
   9.1700382e+03	   2.7050620e-04	
   9.1800079e+03	   2.7052560e-04	
   9.1900358e+03	   2.7055920e-04	
   9.2000351e+03	   2.7059830e-04	
   9.2100048e+03	   2.7061920e-04	
   9.2200327e+03	   2.7065080e-04	
   9.2300310e+03	   2.7067930e-04	
   9.2400303e+03	   2.7070350e-04	
   9.2500000e+03	   2.7074700e-04	
   9.2600279e+03	   2.7077960e-04	
   9.2700272e+03	   2.7080340e-04	
   9.2799969e+03	   2.7082420e-04	
   9.2900248e+03	   2.7085890e-04	
   9.3000231e+03	   2.7089600e-04	
   9.3099928e+03	   2.7092620e-04	
   9.3200207e+03	   2.7093450e-04	
   9.3300200e+03	   2.7096360e-04	
   9.3399897e+03	   2.7098220e-04	
   9.3500175e+03	   2.7099200e-04	
   9.3599873e+03	   2.7103020e-04	
   9.3699856e+03	   2.7104910e-04	
   9.3800430e+03	   2.7107390e-04	
   9.3900127e+03	   2.7109530e-04	
   9.4000406e+03	   2.7112720e-04	
   9.4100103e+03	   2.7116500e-04	
   9.4200382e+03	   2.7118030e-04	
   9.4300079e+03	   2.7121040e-04	
   9.4400358e+03	   2.7123790e-04	
   9.4500351e+03	   2.7125590e-04	
   9.4600334e+03	   2.7127700e-04	
   9.4700031e+03	   2.7131210e-04	
   9.4800310e+03	   2.7133710e-04	
   9.4900303e+03	   2.7135140e-04	
   9.5000000e+03	   2.7139760e-04	
   9.5100279e+03	   2.7140790e-04	
   9.5199976e+03	   2.7142300e-04	
   9.5300255e+03	   2.7145120e-04	
   9.5400248e+03	   2.7146730e-04	
   9.5499945e+03	   2.7149710e-04	
   9.5600224e+03	   2.7151230e-04	
   9.5699921e+03	   2.7153180e-04	
   9.5800200e+03	   2.7154250e-04	
   9.5899897e+03	   2.7156600e-04	
   9.6000175e+03	   2.7156480e-04	
   9.6099873e+03	   2.7155460e-04	
   9.6200151e+03	   2.7152330e-04	
   9.6300430e+03	   2.7148740e-04	
   9.6400423e+03	   2.7142330e-04	
   9.6500120e+03	   2.7130570e-04	
   9.6600399e+03	   2.7115330e-04	
   9.6700096e+03	   2.7091110e-04	
   9.6800375e+03	   2.7062360e-04	
   9.6900358e+03	   2.7023220e-04	
   9.7000055e+03	   2.6977680e-04	
   9.7100048e+03	   2.6913800e-04	
   9.7200327e+03	   2.6832040e-04	
   9.7300024e+03	   2.6727950e-04	
   9.7400303e+03	   2.6578130e-04	
   9.7500000e+03	   2.6390100e-04	
   9.7599993e+03	   2.6142690e-04	
   9.7700272e+03	   2.5813180e-04	
   9.7799969e+03	   2.5414850e-04	
   9.7900248e+03	   2.4921920e-04	
   9.7999945e+03	   2.4329050e-04	
   9.8100224e+03	   2.3629820e-04	
   9.8200207e+03	   2.2796240e-04	
   9.8299904e+03	   2.1899710e-04	
   9.8400183e+03	   2.0865920e-04	
   9.8499880e+03	   1.9778040e-04	
   9.8599873e+03	   1.8613530e-04	
   9.8700151e+03	   1.7375600e-04	
   9.8800144e+03	   1.6090820e-04	
   9.8900127e+03	   1.4725510e-04	
   9.9000406e+03	   1.3362130e-04	
   9.9100399e+03	   1.1944030e-04	
   9.9200096e+03	   1.0703590e-04	
   9.9300375e+03	   9.4320840e-05	
   9.9400072e+03	   8.2376410e-05	
   9.9500351e+03	   7.1753510e-05	
   9.9600048e+03	   6.0845830e-05	
   9.9700327e+03	   5.1094160e-05	
   9.9800310e+03	   4.2339580e-05	
   9.9900303e+03	   3.4950240e-05	
   1.0000000e+04	   2.8308820e-05	
   1.0010028e+04	   2.2925170e-05	
   1.0019998e+04	   1.8318660e-05	
   1.0030025e+04	   1.4491440e-05	
   1.0039995e+04	   1.1601430e-05	
   1.0050023e+04	   9.3976510e-06	
   1.0060022e+04	   7.6593600e-06	
   1.0069992e+04	   6.4726360e-06	
   1.0080020e+04	   5.2207690e-06	
   1.0090018e+04	   4.4034700e-06	
   1.0099988e+04	   3.7628900e-06	
   1.0110016e+04	   3.3147990e-06	
   1.0119986e+04	   2.9867000e-06	
   1.0130043e+04	   2.7402980e-06	
   1.0140013e+04	   2.5925740e-06	
   1.0150041e+04	   2.4770970e-06	
   1.0160010e+04	   2.3454530e-06	
   1.0170038e+04	   2.2415380e-06	
   1.0180008e+04	   2.1412810e-06	
   1.0190036e+04	   2.0560030e-06	
   1.0200006e+04	   1.9833560e-06	
   1.0210033e+04	   1.9283310e-06	
   1.0220003e+04	   1.8770430e-06	
   1.0230031e+04	   1.8311610e-06	
   1.0240001e+04	   1.8067950e-06	
   1.0250030e+04	   1.7800880e-06	
   1.0259999e+04	   1.7580250e-06	
   1.0270027e+04	   1.7324280e-06	
   1.0279997e+04	   1.7067980e-06	
   1.0290025e+04	   1.6864160e-06	
   1.0299994e+04	   1.6667290e-06	
   1.0310022e+04	   1.6485350e-06	
   1.0319992e+04	   1.6291670e-06	
   1.0329990e+04	   1.6100820e-06	
   1.0340018e+04	   1.5876680e-06	
   1.0349988e+04	   1.5689180e-06	
   1.0360016e+04	   1.5519890e-06	
   1.0369986e+04	   1.5409920e-06	
   1.0380043e+04	   1.5318630e-06	
   1.0390013e+04	   1.5226710e-06	
   1.0400041e+04	   1.5148790e-06	
   1.0410010e+04	   1.5021590e-06	
   1.0420038e+04	   1.4847450e-06	
   1.0430008e+04	   1.4662530e-06	
   1.0440036e+04	   1.4467980e-06	
   1.0450006e+04	   1.4274900e-06	
   1.0460033e+04	   1.4108520e-06	
   1.0470003e+04	   1.3946940e-06	
   1.0480031e+04	   1.3818840e-06	
   1.0490030e+04	   1.3658900e-06	
   1.0500000e+04	   1.3483640e-06	
   1.0510028e+04	   1.3314230e-06	
   1.0519998e+04	   1.3121270e-06	
   1.0530025e+04	   1.2936630e-06	
   1.0539995e+04	   1.2712370e-06	
   1.0550023e+04	   1.2496980e-06	
   1.0559993e+04	   1.2306750e-06	
   1.0570021e+04	   1.2158860e-06	
   1.0579990e+04	   1.2066230e-06	
   1.0590018e+04	   1.1992140e-06	
   1.0599988e+04	   1.1910550e-06	
   1.0610016e+04	   1.1771390e-06	
   1.0619986e+04	   1.1653550e-06	
   1.0630014e+04	   1.1484760e-06	
   1.0640042e+04	   1.1340740e-06	
   1.0650012e+04	   1.1206880e-06	
   1.0660010e+04	   1.1083720e-06	
   1.0670038e+04	   1.0995040e-06	
   1.0680008e+04	   1.0902740e-06	
   1.0690036e+04	   1.0815820e-06	
   1.0700006e+04	   1.0720990e-06	
   1.0710033e+04	   1.0638010e-06	
   1.0720033e+04	   1.0544930e-06	
   1.0730031e+04	   1.0445640e-06	
   1.0740001e+04	   1.0353860e-06	
   1.0750030e+04	   1.0258230e-06	
   1.0759999e+04	   1.0140160e-06	
   1.0770027e+04	   1.0008500e-06	
   1.0779997e+04	   9.8760260e-07	
   1.0790025e+04	   9.7347640e-07	
   1.0800023e+04	   9.5804900e-07	
   1.0809993e+04	   9.4386250e-07	
   1.0820021e+04	   9.3216120e-07	
   1.0829990e+04	   9.2151660e-07	
   1.0840018e+04	   9.1442390e-07	
   1.0849988e+04	   9.0555260e-07	
   1.0860016e+04	   8.9892400e-07	
   1.0869986e+04	   8.9208980e-07	
   1.0880043e+04	   8.8485300e-07	
   1.0890013e+04	   8.7440450e-07	
   1.0900041e+04	   8.6350950e-07	
   1.0910010e+04	   8.5181090e-07	
   1.0920010e+04	   8.4123660e-07	
   1.0930037e+04	   8.3227080e-07	
   1.0940007e+04	   8.2543820e-07	
   1.0950035e+04	   8.2107080e-07	
   1.0960005e+04	   8.1780390e-07	
   1.0970033e+04	   8.1386000e-07	
   1.0980002e+04	   8.0925330e-07	
   1.0990030e+04	   8.0216670e-07	
   1.1000000e+04	   7.9364310e-07	
