   9.0000296e+03	   3.1650950e-04	
   9.0099993e+03	   2.7563990e-04	
   9.0200272e+03	   2.7562590e-04	
   9.0300255e+03	   2.7561580e-04	
   9.0399952e+03	   2.7563110e-04	
   9.0500231e+03	   2.7562770e-04	
   9.0600224e+03	   2.7562530e-04	
   9.0700207e+03	   2.7564050e-04	
   9.0800200e+03	   2.7561420e-04	
   9.0900183e+03	   2.7561680e-04	
   9.1000175e+03	   2.7560850e-04	
   9.1099873e+03	   2.7559760e-04	
   9.1200151e+03	   2.7560200e-04	
   9.1300144e+03	   2.7559300e-04	
   9.1400423e+03	   2.7557370e-04	
   9.1500120e+03	   2.7556860e-04	
   9.1600399e+03	   2.7556040e-04	
   9.1700382e+03	   2.7556280e-04	
   9.1800079e+03	   2.7555080e-04	
   9.1900358e+03	   2.7555110e-04	
   9.2000351e+03	   2.7553270e-04	
   9.2100048e+03	   2.7554260e-04	
   9.2200327e+03	   2.7550930e-04	
   9.2300310e+03	   2.7551840e-04	
   9.2400303e+03	   2.7550790e-04	
   9.2500000e+03	   2.7550240e-04	
   9.2600279e+03	   2.7549330e-04	
   9.2700272e+03	   2.7547850e-04	
   9.2800255e+03	   2.7546070e-04	
   9.2900248e+03	   2.7545370e-04	
   9.3000231e+03	   2.7544270e-04	
   9.3100224e+03	   2.7544370e-04	
   9.3200207e+03	   2.7543480e-04	
   9.3300200e+03	   2.7541710e-04	
   9.3399897e+03	   2.7541420e-04	
   9.3500175e+03	   2.7540730e-04	
   9.3599873e+03	   2.7538860e-04	
   9.3700151e+03	   2.7539350e-04	
   9.3800430e+03	   2.7537180e-04	
   9.3900423e+03	   2.7535970e-04	
   9.4000406e+03	   2.7536150e-04	
   9.4100103e+03	   2.7534630e-04	
   9.4200382e+03	   2.7533970e-04	
   9.4300079e+03	   2.7532040e-04	
   9.4400358e+03	   2.7532180e-04	
   9.4500351e+03	   2.7531220e-04	
   9.4600334e+03	   2.7529520e-04	
   9.4700031e+03	   2.7529990e-04	
   9.4800310e+03	   2.7529650e-04	
   9.4900303e+03	   2.7526670e-04	
   9.5000000e+03	   2.7527890e-04	
   9.5100279e+03	   2.7525290e-04	
   9.5199976e+03	   2.7524410e-04	
   9.5299969e+03	   2.7522690e-04	
   9.5400248e+03	   2.7521290e-04	
   9.5499945e+03	   2.7517960e-04	
   9.5600224e+03	   2.7517400e-04	
   9.5699921e+03	   2.7513530e-04	
   9.5800200e+03	   2.7511790e-04	
   9.5899897e+03	   2.7509100e-04	
   9.5999880e+03	   2.7506410e-04	
   9.6100159e+03	   2.7501640e-04	
   9.6199856e+03	   2.7495780e-04	
   9.6300430e+03	   2.7486700e-04	
   9.6400423e+03	   2.7478600e-04	
   9.6500120e+03	   2.7463960e-04	
   9.6600399e+03	   2.7445000e-04	
   9.6700382e+03	   2.7418700e-04	
   9.6800079e+03	   2.7387440e-04	
   9.6900358e+03	   2.7346010e-04	
   9.7000055e+03	   2.7294690e-04	
   9.7100334e+03	   2.7230830e-04	
   9.7200031e+03	   2.7147670e-04	
   9.7300024e+03	   2.7043720e-04	
   9.7400303e+03	   2.6905960e-04	
   9.7500000e+03	   2.6729600e-04	
   9.7600279e+03	   2.6499510e-04	
   9.7699976e+03	   2.6199840e-04	
   9.7800255e+03	   2.5834650e-04	
   9.7899952e+03	   2.5383390e-04	
   9.8000231e+03	   2.4834850e-04	
   9.8100224e+03	   2.4180800e-04	
   9.8200207e+03	   2.3412940e-04	
   9.8299904e+03	   2.2556810e-04	
   9.8400183e+03	   2.1588360e-04	
   9.8499880e+03	   2.0545400e-04	
   9.8599873e+03	   1.9371520e-04	
   9.8700151e+03	   1.8144260e-04	
   9.8800144e+03	   1.6846610e-04	
   9.8900127e+03	   1.5458900e-04	
   9.9000406e+03	   1.4047680e-04	
   9.9100399e+03	   1.2637980e-04	
   9.9200096e+03	   1.1273700e-04	
   9.9300375e+03	   9.9304210e-05	
   9.9400072e+03	   8.6837310e-05	
   9.9500351e+03	   7.5301460e-05	
   9.9600048e+03	   6.4311320e-05	
   9.9700327e+03	   5.4501060e-05	
   9.9800024e+03	   4.5464190e-05	
   9.9900303e+03	   3.7395070e-05	
   1.0000000e+04	   3.0305110e-05	
   1.0010028e+04	   2.4396600e-05	
   1.0019998e+04	   1.9382270e-05	
   1.0030025e+04	   1.5513410e-05	
   1.0039995e+04	   1.2514110e-05	
   1.0050023e+04	   1.0038910e-05	
   1.0060022e+04	   8.2431820e-06	
   1.0069992e+04	   6.7302570e-06	
   1.0080020e+04	   5.5329310e-06	
   1.0090018e+04	   4.6254690e-06	
   1.0099988e+04	   3.9150360e-06	
   1.0110016e+04	   3.4113790e-06	
   1.0119986e+04	   3.0476480e-06	
   1.0130043e+04	   2.7856190e-06	
   1.0140013e+04	   2.6248520e-06	
   1.0150041e+04	   2.4966180e-06	
   1.0160010e+04	   2.3973860e-06	
   1.0170038e+04	   2.2673100e-06	
   1.0180037e+04	   2.1675650e-06	
   1.0190007e+04	   2.0770710e-06	
   1.0200035e+04	   1.9871690e-06	
   1.0210005e+04	   1.9391980e-06	
   1.0220033e+04	   1.8862230e-06	
   1.0230031e+04	   1.8443460e-06	
   1.0240001e+04	   1.8104520e-06	
   1.0250030e+04	   1.7866340e-06	
   1.0259999e+04	   1.7640500e-06	
   1.0270027e+04	   1.7415110e-06	
   1.0279997e+04	   1.7185510e-06	
   1.0289995e+04	   1.7000500e-06	
   1.0299994e+04	   1.6804640e-06	
   1.0309993e+04	   1.6633200e-06	
   1.0320021e+04	   1.6447890e-06	
   1.0329990e+04	   1.6249020e-06	
   1.0340018e+04	   1.6035170e-06	
   1.0349988e+04	   1.5828620e-06	
   1.0360016e+04	   1.5643050e-06	
   1.0369986e+04	   1.5509250e-06	
   1.0380043e+04	   1.5413890e-06	
   1.0390013e+04	   1.5326470e-06	
   1.0400041e+04	   1.5231080e-06	
   1.0410010e+04	   1.5093210e-06	
   1.0420038e+04	   1.4907610e-06	
   1.0430008e+04	   1.4717100e-06	
   1.0440036e+04	   1.4504580e-06	
   1.0450006e+04	   1.4316010e-06	
   1.0460033e+04	   1.4170250e-06	
   1.0470003e+04	   1.4044900e-06	
   1.0480031e+04	   1.3904600e-06	
   1.0490001e+04	   1.3739440e-06	
   1.0500030e+04	   1.3615780e-06	
   1.0509999e+04	   1.3476330e-06	
   1.0520027e+04	   1.3325610e-06	
   1.0529997e+04	   1.3139950e-06	
   1.0540025e+04	   1.2955280e-06	
   1.0549994e+04	   1.2739480e-06	
   1.0560022e+04	   1.2575160e-06	
   1.0569992e+04	   1.2412140e-06	
   1.0580020e+04	   1.2297470e-06	
   1.0589990e+04	   1.2230840e-06	
   1.0599988e+04	   1.2152960e-06	
   1.0610016e+04	   1.2041160e-06	
   1.0619986e+04	   1.1903890e-06	
   1.0630043e+04	   1.1749860e-06	
   1.0640013e+04	   1.1603740e-06	
   1.0650012e+04	   1.1477150e-06	
   1.0660040e+04	   1.1382560e-06	
   1.0670038e+04	   1.1300830e-06	
   1.0680008e+04	   1.1210790e-06	
   1.0690007e+04	   1.1126280e-06	
   1.0700035e+04	   1.1044430e-06	
   1.0710033e+04	   1.0966950e-06	
   1.0720003e+04	   1.0882300e-06	
   1.0730031e+04	   1.0800360e-06	
   1.0740001e+04	   1.0721660e-06	
   1.0750030e+04	   1.0622870e-06	
   1.0759999e+04	   1.0512690e-06	
   1.0770027e+04	   1.0369420e-06	
   1.0779997e+04	   1.0211970e-06	
   1.0790025e+04	   1.0051330e-06	
   1.0800023e+04	   9.9052410e-07	
   1.0809993e+04	   9.7504590e-07	
   1.0820021e+04	   9.6259460e-07	
   1.0829990e+04	   9.5220280e-07	
   1.0840018e+04	   9.4265690e-07	
   1.0849988e+04	   9.3416350e-07	
   1.0860016e+04	   9.2694830e-07	
   1.0869986e+04	   9.2032950e-07	
   1.0880043e+04	   9.1356410e-07	
   1.0890013e+04	   9.0567580e-07	
   1.0900041e+04	   8.9706410e-07	
   1.0910040e+04	   8.8635510e-07	
   1.0920010e+04	   8.7558170e-07	
   1.0930037e+04	   8.6639810e-07	
   1.0940007e+04	   8.5960290e-07	
   1.0950035e+04	   8.5257030e-07	
   1.0960005e+04	   8.4615600e-07	
   1.0970033e+04	   8.3951680e-07	
   1.0980002e+04	   8.3164660e-07	
   1.0990030e+04	   8.2194150e-07	
   1.1000000e+04	   8.1090370e-07	
