   9.0000296e+03	   3.1781320e-04	
   9.0099993e+03	   2.7659830e-04	
   9.0200272e+03	   2.7660810e-04	
   9.0299969e+03	   2.7662280e-04	
   9.0400248e+03	   2.7661370e-04	
   9.0500231e+03	   2.7661460e-04	
   9.0600224e+03	   2.7662270e-04	
   9.0700207e+03	   2.7661820e-04	
   9.0800200e+03	   2.7662630e-04	
   9.0900183e+03	   2.7664720e-04	
   9.1000175e+03	   2.7664670e-04	
   9.1099873e+03	   2.7665600e-04	
   9.1200151e+03	   2.7665620e-04	
   9.1300144e+03	   2.7666610e-04	
   9.1400423e+03	   2.7665940e-04	
   9.1500120e+03	   2.7665850e-04	
   9.1600399e+03	   2.7667620e-04	
   9.1700382e+03	   2.7668440e-04	
   9.1800079e+03	   2.7668140e-04	
   9.1900358e+03	   2.7667340e-04	
   9.2000351e+03	   2.7667820e-04	
   9.2100048e+03	   2.7668530e-04	
   9.2200327e+03	   2.7667460e-04	
   9.2300310e+03	   2.7667220e-04	
   9.2400303e+03	   2.7665670e-04	
   9.2500000e+03	   2.7666240e-04	
   9.2600279e+03	   2.7664610e-04	
   9.2700272e+03	   2.7665040e-04	
   9.2800255e+03	   2.7664060e-04	
   9.2900248e+03	   2.7664480e-04	
   9.2999945e+03	   2.7664040e-04	
   9.3100224e+03	   2.7662520e-04	
   9.3200207e+03	   2.7662460e-04	
   9.3300200e+03	   2.7662430e-04	
   9.3399897e+03	   2.7662220e-04	
   9.3500175e+03	   2.7660830e-04	
   9.3599873e+03	   2.7660080e-04	
   9.3700151e+03	   2.7657540e-04	
   9.3800430e+03	   2.7655340e-04	
   9.3900127e+03	   2.7654340e-04	
   9.4000406e+03	   2.7653950e-04	
   9.4100399e+03	   2.7652790e-04	
   9.4200096e+03	   2.7650530e-04	
   9.4300375e+03	   2.7648980e-04	
   9.4400358e+03	   2.7647440e-04	
   9.4500055e+03	   2.7646700e-04	
   9.4600334e+03	   2.7645590e-04	
   9.4700031e+03	   2.7644200e-04	
   9.4800310e+03	   2.7641750e-04	
   9.4900303e+03	   2.7640110e-04	
   9.5000000e+03	   2.7639320e-04	
   9.5100279e+03	   2.7636050e-04	
   9.5199976e+03	   2.7634370e-04	
   9.5300255e+03	   2.7631620e-04	
   9.5399952e+03	   2.7629520e-04	
   9.5500231e+03	   2.7627160e-04	
   9.5599928e+03	   2.7623530e-04	
   9.5700207e+03	   2.7620810e-04	
   9.5799904e+03	   2.7616580e-04	
   9.5899897e+03	   2.7613260e-04	
   9.6000175e+03	   2.7607970e-04	
   9.6099873e+03	   2.7601980e-04	
   9.6200151e+03	   2.7594140e-04	
   9.6300430e+03	   2.7584830e-04	
   9.6400127e+03	   2.7572730e-04	
   9.6500120e+03	   2.7558980e-04	
   9.6600399e+03	   2.7535720e-04	
   9.6700096e+03	   2.7508360e-04	
   9.6800375e+03	   2.7474490e-04	
   9.6900072e+03	   2.7431710e-04	
   9.7000351e+03	   2.7377510e-04	
   9.7100048e+03	   2.7309820e-04	
   9.7200327e+03	   2.7221400e-04	
   9.7300024e+03	   2.7113220e-04	
   9.7400303e+03	   2.6972980e-04	
   9.7500000e+03	   2.6793070e-04	
   9.7600279e+03	   2.6555300e-04	
   9.7699976e+03	   2.6245770e-04	
   9.7800255e+03	   2.5870140e-04	
   9.7900248e+03	   2.5412690e-04	
   9.7999945e+03	   2.4866880e-04	
   9.8100224e+03	   2.4214260e-04	
   9.8200207e+03	   2.3448810e-04	
   9.8299904e+03	   2.2590770e-04	
   9.8400183e+03	   2.1609030e-04	
   9.8499880e+03	   2.0559440e-04	
   9.8600159e+03	   1.9382840e-04	
   9.8699856e+03	   1.8155960e-04	
   9.8800430e+03	   1.6849300e-04	
   9.8900127e+03	   1.5468960e-04	
   9.9000406e+03	   1.4051690e-04	
   9.9100399e+03	   1.2656170e-04	
   9.9200096e+03	   1.1311340e-04	
   9.9300375e+03	   1.0008510e-04	
   9.9400072e+03	   8.7845600e-05	
   9.9500351e+03	   7.6370520e-05	
   9.9600048e+03	   6.5192700e-05	
   9.9700327e+03	   5.5463110e-05	
   9.9800024e+03	   4.6458370e-05	
   9.9900303e+03	   3.8257810e-05	
   1.0000000e+04	   3.1279280e-05	
   1.0010028e+04	   2.5397830e-05	
   1.0019998e+04	   2.0243190e-05	
   1.0030025e+04	   1.6098050e-05	
   1.0039995e+04	   1.2950010e-05	
   1.0050023e+04	   1.0461850e-05	
   1.0060022e+04	   8.5127500e-06	
   1.0069992e+04	   6.9249240e-06	
   1.0080020e+04	   5.7836560e-06	
   1.0090018e+04	   4.9177560e-06	
   1.0099988e+04	   4.2173190e-06	
   1.0110016e+04	   3.7036090e-06	
   1.0120015e+04	   3.3561320e-06	
   1.0130014e+04	   3.0991090e-06	
   1.0140042e+04	   2.9021810e-06	
   1.0150041e+04	   2.7717730e-06	
   1.0160010e+04	   2.6873170e-06	
   1.0170038e+04	   2.5687130e-06	
   1.0180008e+04	   2.4700490e-06	
   1.0190036e+04	   2.3747860e-06	
   1.0200006e+04	   2.2957610e-06	
   1.0210033e+04	   2.2291470e-06	
   1.0220003e+04	   2.1849540e-06	
   1.0230031e+04	   2.1482560e-06	
   1.0240001e+04	   2.1139120e-06	
   1.0250000e+04	   2.0872910e-06	
   1.0260028e+04	   2.0547340e-06	
   1.0270027e+04	   2.0322650e-06	
   1.0279997e+04	   2.0127320e-06	
   1.0290025e+04	   1.9918980e-06	
   1.0299994e+04	   1.9708750e-06	
   1.0309993e+04	   1.9496660e-06	
   1.0320021e+04	   1.9289450e-06	
   1.0329990e+04	   1.9087580e-06	
   1.0340018e+04	   1.8834410e-06	
   1.0349988e+04	   1.8600540e-06	
   1.0360016e+04	   1.8430450e-06	
   1.0369986e+04	   1.8288820e-06	
   1.0380043e+04	   1.8187670e-06	
   1.0390013e+04	   1.8079170e-06	
   1.0400041e+04	   1.7967850e-06	
   1.0410010e+04	   1.7809380e-06	
   1.0420038e+04	   1.7617920e-06	
   1.0430008e+04	   1.7419720e-06	
   1.0440036e+04	   1.7215670e-06	
   1.0450006e+04	   1.7051950e-06	
   1.0460033e+04	   1.6925710e-06	
   1.0470003e+04	   1.6811720e-06	
   1.0480031e+04	   1.6693360e-06	
   1.0490001e+04	   1.6536450e-06	
   1.0500030e+04	   1.6435660e-06	
   1.0509999e+04	   1.6316640e-06	
   1.0519998e+04	   1.6165560e-06	
   1.0530025e+04	   1.5988650e-06	
   1.0539995e+04	   1.5795810e-06	
   1.0550023e+04	   1.5602970e-06	
   1.0559993e+04	   1.5437030e-06	
   1.0569992e+04	   1.5315140e-06	
   1.0580020e+04	   1.5244130e-06	
   1.0589990e+04	   1.5203370e-06	
   1.0600018e+04	   1.5108370e-06	
   1.0609987e+04	   1.5001700e-06	
   1.0620015e+04	   1.4870490e-06	
   1.0630014e+04	   1.4717300e-06	
   1.0640042e+04	   1.4559600e-06	
   1.0650012e+04	   1.4424930e-06	
   1.0660040e+04	   1.4333110e-06	
   1.0670010e+04	   1.4223620e-06	
   1.0680037e+04	   1.4110060e-06	
   1.0690007e+04	   1.3994930e-06	
   1.0700035e+04	   1.3883380e-06	
   1.0710005e+04	   1.3763120e-06	
   1.0720033e+04	   1.3661670e-06	
   1.0730031e+04	   1.3559200e-06	
   1.0740001e+04	   1.3470980e-06	
   1.0750030e+04	   1.3369330e-06	
   1.0759999e+04	   1.3269220e-06	
   1.0770027e+04	   1.3147130e-06	
   1.0779997e+04	   1.3020670e-06	
   1.0790025e+04	   1.2910870e-06	
   1.0800023e+04	   1.2789780e-06	
   1.0809993e+04	   1.2670480e-06	
   1.0820021e+04	   1.2555140e-06	
   1.0829990e+04	   1.2455540e-06	
   1.0840018e+04	   1.2348780e-06	
   1.0849988e+04	   1.2248370e-06	
   1.0860016e+04	   1.2169510e-06	
   1.0869986e+04	   1.2086210e-06	
   1.0880043e+04	   1.1998790e-06	
   1.0890013e+04	   1.1909090e-06	
   1.0900041e+04	   1.1784670e-06	
   1.0910040e+04	   1.1661770e-06	
   1.0920010e+04	   1.1542720e-06	
   1.0930037e+04	   1.1447830e-06	
   1.0940007e+04	   1.1378100e-06	
   1.0950035e+04	   1.1337750e-06	
   1.0960005e+04	   1.1299280e-06	
   1.0970033e+04	   1.1263100e-06	
   1.0980002e+04	   1.1204530e-06	
   1.0990030e+04	   1.1120980e-06	
   1.1000000e+04	   1.1016470e-06	
