   9.0000296e+03	   3.1782680e-04	
   9.0099993e+03	   2.7670780e-04	
   9.0200272e+03	   2.7671080e-04	
   9.0299969e+03	   2.7671140e-04	
   9.0400248e+03	   2.7672170e-04	
   9.0500231e+03	   2.7671390e-04	
   9.0600224e+03	   2.7672480e-04	
   9.0700207e+03	   2.7672320e-04	
   9.0799904e+03	   2.7671690e-04	
   9.0900183e+03	   2.7672040e-04	
   9.0999880e+03	   2.7672700e-04	
   9.1100159e+03	   2.7673250e-04	
   9.1200151e+03	   2.7672980e-04	
   9.1300144e+03	   2.7672470e-04	
   9.1400423e+03	   2.7672650e-04	
   9.1500406e+03	   2.7672990e-04	
   9.1600103e+03	   2.7675090e-04	
   9.1700678e+03	   2.7673660e-04	
   9.1800079e+03	   2.7675310e-04	
   9.1900358e+03	   2.7675280e-04	
   9.2000351e+03	   2.7674660e-04	
   9.2100048e+03	   2.7675550e-04	
   9.2200327e+03	   2.7676060e-04	
   9.2300310e+03	   2.7676030e-04	
   9.2400303e+03	   2.7675620e-04	
   9.2500296e+03	   2.7675180e-04	
   9.2600279e+03	   2.7677710e-04	
   9.2700272e+03	   2.7676870e-04	
   9.2800255e+03	   2.7677090e-04	
   9.2900248e+03	   2.7676900e-04	
   9.3000231e+03	   2.7676910e-04	
   9.3099928e+03	   2.7676390e-04	
   9.3200207e+03	   2.7675830e-04	
   9.3300200e+03	   2.7677200e-04	
   9.3399897e+03	   2.7677180e-04	
   9.3500175e+03	   2.7678030e-04	
   9.3599873e+03	   2.7680140e-04	
   9.3700151e+03	   2.7676980e-04	
   9.3800430e+03	   2.7677900e-04	
   9.3900127e+03	   2.7676720e-04	
   9.4000406e+03	   2.7677700e-04	
   9.4100103e+03	   2.7679580e-04	
   9.4200382e+03	   2.7678100e-04	
   9.4300079e+03	   2.7678420e-04	
   9.4400358e+03	   2.7677120e-04	
   9.4500351e+03	   2.7679200e-04	
   9.4600334e+03	   2.7679090e-04	
   9.4700031e+03	   2.7679620e-04	
   9.4800310e+03	   2.7680420e-04	
   9.4900303e+03	   2.7678630e-04	
   9.5000000e+03	   2.7679710e-04	
   9.5100279e+03	   2.7677470e-04	
   9.5199976e+03	   2.7677670e-04	
   9.5300255e+03	   2.7678590e-04	
   9.5399952e+03	   2.7677790e-04	
   9.5500231e+03	   2.7676140e-04	
   9.5599928e+03	   2.7675770e-04	
   9.5700207e+03	   2.7672640e-04	
   9.5800200e+03	   2.7671090e-04	
   9.5899897e+03	   2.7670350e-04	
   9.6000175e+03	   2.7667110e-04	
   9.6099873e+03	   2.7663550e-04	
   9.6200151e+03	   2.7658400e-04	
   9.6300144e+03	   2.7652250e-04	
   9.6400423e+03	   2.7644610e-04	
   9.6500120e+03	   2.7629550e-04	
   9.6600399e+03	   2.7610250e-04	
   9.6700382e+03	   2.7584910e-04	
   9.6800079e+03	   2.7553890e-04	
   9.6900358e+03	   2.7512450e-04	
   9.7000351e+03	   2.7462620e-04	
   9.7100048e+03	   2.7397470e-04	
   9.7200327e+03	   2.7317380e-04	
   9.7300024e+03	   2.7215320e-04	
   9.7400303e+03	   2.7081230e-04	
   9.7500000e+03	   2.6906980e-04	
   9.7599993e+03	   2.6681380e-04	
   9.7700272e+03	   2.6384390e-04	
   9.7799969e+03	   2.6019410e-04	
   9.7900248e+03	   2.5569450e-04	
   9.7999945e+03	   2.5037610e-04	
   9.8100224e+03	   2.4405710e-04	
   9.8200207e+03	   2.3655190e-04	
   9.8300200e+03	   2.2802340e-04	
   9.8399897e+03	   2.1836250e-04	
   9.8500175e+03	   2.0796100e-04	
   9.8599873e+03	   1.9644700e-04	
   9.8700151e+03	   1.8430560e-04	
   9.8800144e+03	   1.7148880e-04	
   9.8900423e+03	   1.5787400e-04	
   9.9000120e+03	   1.4358310e-04	
   9.9100399e+03	   1.2947020e-04	
   9.9200096e+03	   1.1601590e-04	
   9.9300375e+03	   1.0267310e-04	
   9.9400072e+03	   9.0132730e-05	
   9.9500351e+03	   7.8357970e-05	
   9.9600048e+03	   6.7331890e-05	
   9.9700327e+03	   5.7195490e-05	
   9.9800024e+03	   4.7982050e-05	
   9.9900303e+03	   3.9785010e-05	
   1.0000000e+04	   3.2442100e-05	
   1.0010028e+04	   2.6316330e-05	
   1.0019998e+04	   2.1025390e-05	
   1.0030025e+04	   1.6679600e-05	
   1.0039995e+04	   1.3528840e-05	
   1.0050023e+04	   1.0866410e-05	
   1.0060022e+04	   8.8166410e-06	
   1.0069992e+04	   7.2898730e-06	
   1.0080020e+04	   5.9945350e-06	
   1.0090018e+04	   5.0449370e-06	
   1.0099988e+04	   4.3443350e-06	
   1.0110016e+04	   3.7897340e-06	
   1.0119986e+04	   3.4076690e-06	
   1.0130043e+04	   3.1278040e-06	
   1.0140013e+04	   2.9215510e-06	
   1.0150041e+04	   2.7914930e-06	
   1.0160010e+04	   2.6760840e-06	
   1.0170038e+04	   2.5692740e-06	
   1.0180008e+04	   2.4792840e-06	
   1.0190007e+04	   2.3726680e-06	
   1.0200006e+04	   2.2885770e-06	
   1.0210033e+04	   2.2215980e-06	
   1.0220003e+04	   2.1740100e-06	
   1.0230031e+04	   2.1371990e-06	
   1.0240001e+04	   2.1026850e-06	
   1.0250000e+04	   2.0748210e-06	
   1.0260028e+04	   2.0415120e-06	
   1.0269998e+04	   2.0226310e-06	
   1.0280025e+04	   1.9965280e-06	
   1.0289995e+04	   1.9743570e-06	
   1.0299994e+04	   1.9521640e-06	
   1.0309993e+04	   1.9292710e-06	
   1.0320021e+04	   1.9048790e-06	
   1.0329990e+04	   1.8859630e-06	
   1.0340018e+04	   1.8608290e-06	
   1.0349988e+04	   1.8361330e-06	
   1.0360016e+04	   1.8188220e-06	
   1.0369986e+04	   1.8051370e-06	
   1.0380043e+04	   1.7950540e-06	
   1.0390013e+04	   1.7863810e-06	
   1.0400041e+04	   1.7761560e-06	
   1.0410010e+04	   1.7622310e-06	
   1.0420038e+04	   1.7440650e-06	
   1.0430008e+04	   1.7238650e-06	
   1.0440036e+04	   1.7039140e-06	
   1.0450006e+04	   1.6873090e-06	
   1.0460033e+04	   1.6751550e-06	
   1.0470003e+04	   1.6629630e-06	
   1.0480031e+04	   1.6474900e-06	
   1.0490001e+04	   1.6370930e-06	
   1.0500030e+04	   1.6257810e-06	
   1.0509999e+04	   1.6139890e-06	
   1.0520027e+04	   1.5988600e-06	
   1.0529997e+04	   1.5815630e-06	
   1.0539995e+04	   1.5626570e-06	
   1.0550023e+04	   1.5444350e-06	
   1.0559993e+04	   1.5282710e-06	
   1.0570021e+04	   1.5165680e-06	
   1.0579990e+04	   1.5109300e-06	
   1.0590018e+04	   1.5066190e-06	
   1.0599988e+04	   1.4987970e-06	
   1.0610016e+04	   1.4865110e-06	
   1.0619986e+04	   1.4729870e-06	
   1.0630043e+04	   1.4568640e-06	
   1.0640013e+04	   1.4415830e-06	
   1.0650041e+04	   1.4288370e-06	
   1.0660010e+04	   1.4213900e-06	
   1.0670038e+04	   1.4118410e-06	
   1.0680008e+04	   1.4010070e-06	
   1.0690036e+04	   1.3905620e-06	
   1.0700006e+04	   1.3805560e-06	
   1.0710033e+04	   1.3699110e-06	
   1.0720003e+04	   1.3597250e-06	
   1.0730031e+04	   1.3516260e-06	
   1.0740001e+04	   1.3433600e-06	
   1.0750030e+04	   1.3345010e-06	
   1.0759999e+04	   1.3238860e-06	
   1.0770027e+04	   1.3130870e-06	
   1.0779997e+04	   1.3001360e-06	
   1.0790025e+04	   1.2880600e-06	
   1.0800023e+04	   1.2765480e-06	
   1.0809993e+04	   1.2629000e-06	
   1.0820021e+04	   1.2529700e-06	
   1.0829990e+04	   1.2422760e-06	
   1.0840018e+04	   1.2345490e-06	
   1.0849988e+04	   1.2263480e-06	
   1.0860045e+04	   1.2195730e-06	
   1.0869986e+04	   1.2115590e-06	
   1.0880043e+04	   1.2030030e-06	
   1.0890013e+04	   1.1931090e-06	
   1.0900041e+04	   1.1810650e-06	
   1.0910040e+04	   1.1678980e-06	
   1.0920010e+04	   1.1556170e-06	
   1.0930037e+04	   1.1453330e-06	
   1.0940007e+04	   1.1374140e-06	
   1.0950035e+04	   1.1327560e-06	
   1.0960005e+04	   1.1286360e-06	
   1.0970033e+04	   1.1241540e-06	
   1.0980002e+04	   1.1195670e-06	
   1.0990030e+04	   1.1131150e-06	
   1.1000030e+04	   1.1041720e-06	
