   9.0000296e+03	   3.1823500e-04	
   9.0099993e+03	   2.7774190e-04	
   9.0200272e+03	   2.7772670e-04	
   9.0300255e+03	   2.7772460e-04	
   9.0399952e+03	   2.7772850e-04	
   9.0500231e+03	   2.7771560e-04	
   9.0599928e+03	   2.7772370e-04	
   9.0700207e+03	   2.7770880e-04	
   9.0799904e+03	   2.7771500e-04	
   9.0900183e+03	   2.7770240e-04	
   9.0999880e+03	   2.7769230e-04	
   9.1100159e+03	   2.7768400e-04	
   9.1200151e+03	   2.7768480e-04	
   9.1300144e+03	   2.7768510e-04	
   9.1400423e+03	   2.7767180e-04	
   9.1500120e+03	   2.7767970e-04	
   9.1600399e+03	   2.7767240e-04	
   9.1700382e+03	   2.7766460e-04	
   9.1800079e+03	   2.7765670e-04	
   9.1900358e+03	   2.7764870e-04	
   9.2000351e+03	   2.7766880e-04	
   9.2100048e+03	   2.7764860e-04	
   9.2200327e+03	   2.7763800e-04	
   9.2300310e+03	   2.7763520e-04	
   9.2400303e+03	   2.7764680e-04	
   9.2500000e+03	   2.7762480e-04	
   9.2600279e+03	   2.7762260e-04	
   9.2700272e+03	   2.7760790e-04	
   9.2799969e+03	   2.7759310e-04	
   9.2900248e+03	   2.7760940e-04	
   9.3000231e+03	   2.7758520e-04	
   9.3099928e+03	   2.7757400e-04	
   9.3200207e+03	   2.7758190e-04	
   9.3300200e+03	   2.7756360e-04	
   9.3399897e+03	   2.7757260e-04	
   9.3500175e+03	   2.7756600e-04	
   9.3599873e+03	   2.7754770e-04	
   9.3700151e+03	   2.7756120e-04	
   9.3800430e+03	   2.7754340e-04	
   9.3900127e+03	   2.7753760e-04	
   9.4000406e+03	   2.7753150e-04	
   9.4100399e+03	   2.7751730e-04	
   9.4200096e+03	   2.7750960e-04	
   9.4300375e+03	   2.7749230e-04	
   9.4400358e+03	   2.7748400e-04	
   9.4500351e+03	   2.7747100e-04	
   9.4600048e+03	   2.7745020e-04	
   9.4700327e+03	   2.7743430e-04	
   9.4800310e+03	   2.7742300e-04	
   9.4900007e+03	   2.7741170e-04	
   9.5000000e+03	   2.7739400e-04	
   9.5100279e+03	   2.7738330e-04	
   9.5199976e+03	   2.7735080e-04	
   9.5300255e+03	   2.7731580e-04	
   9.5400248e+03	   2.7730530e-04	
   9.5499945e+03	   2.7728760e-04	
   9.5600224e+03	   2.7724450e-04	
   9.5699921e+03	   2.7721160e-04	
   9.5800200e+03	   2.7718650e-04	
   9.5899897e+03	   2.7717130e-04	
   9.6000175e+03	   2.7713590e-04	
   9.6099873e+03	   2.7709890e-04	
   9.6200151e+03	   2.7702910e-04	
   9.6300144e+03	   2.7696770e-04	
   9.6400423e+03	   2.7686850e-04	
   9.6500120e+03	   2.7672880e-04	
   9.6600399e+03	   2.7653940e-04	
   9.6700382e+03	   2.7628860e-04	
   9.6800079e+03	   2.7595830e-04	
   9.6900358e+03	   2.7554310e-04	
   9.7000351e+03	   2.7506450e-04	
   9.7100048e+03	   2.7442020e-04	
   9.7200327e+03	   2.7359910e-04	
   9.7300024e+03	   2.7260510e-04	
   9.7400303e+03	   2.7126480e-04	
   9.7500000e+03	   2.6953980e-04	
   9.7600279e+03	   2.6729150e-04	
   9.7699976e+03	   2.6435250e-04	
   9.7800255e+03	   2.6073260e-04	
   9.7899952e+03	   2.5634890e-04	
   9.8000231e+03	   2.5094890e-04	
   9.8099928e+03	   2.4451050e-04	
   9.8200207e+03	   2.3685520e-04	
   9.8299904e+03	   2.2831460e-04	
   9.8400183e+03	   2.1851920e-04	
   9.8499880e+03	   2.0808890e-04	
   9.8600159e+03	   1.9646170e-04	
   9.8699856e+03	   1.8430370e-04	
   9.8800144e+03	   1.7121560e-04	
   9.8900423e+03	   1.5744820e-04	
   9.9000120e+03	   1.4316570e-04	
   9.9100399e+03	   1.2912700e-04	
   9.9200096e+03	   1.1540890e-04	
   9.9300375e+03	   1.0210420e-04	
   9.9400072e+03	   8.9477530e-05	
   9.9500351e+03	   7.7867070e-05	
   9.9600048e+03	   6.6689010e-05	
   9.9700327e+03	   5.6346430e-05	
   9.9800024e+03	   4.7253820e-05	
   9.9900303e+03	   3.9027720e-05	
   1.0000000e+04	   3.1862500e-05	
   1.0010028e+04	   2.5856730e-05	
   1.0019998e+04	   2.0613000e-05	
   1.0029997e+04	   1.6403730e-05	
   1.0039995e+04	   1.3090710e-05	
   1.0050023e+04	   1.0508530e-05	
   1.0060022e+04	   8.6250220e-06	
   1.0069992e+04	   7.0340410e-06	
   1.0080020e+04	   5.7608520e-06	
   1.0090018e+04	   4.8465340e-06	
   1.0099988e+04	   4.1349330e-06	
   1.0110016e+04	   3.5494830e-06	
   1.0119986e+04	   3.2031940e-06	
   1.0130043e+04	   2.9442620e-06	
   1.0140013e+04	   2.7486760e-06	
   1.0150041e+04	   2.6222400e-06	
   1.0160010e+04	   2.5160080e-06	
   1.0170038e+04	   2.3987960e-06	
   1.0180037e+04	   2.2971940e-06	
   1.0190007e+04	   2.1982320e-06	
   1.0200035e+04	   2.1179170e-06	
   1.0210033e+04	   2.0615200e-06	
   1.0220003e+04	   2.0090860e-06	
   1.0230031e+04	   1.9698410e-06	
   1.0240001e+04	   1.9442280e-06	
   1.0250030e+04	   1.9191340e-06	
   1.0259999e+04	   1.8991470e-06	
   1.0270027e+04	   1.8703380e-06	
   1.0280025e+04	   1.8472140e-06	
   1.0290025e+04	   1.8261440e-06	
   1.0299994e+04	   1.8053490e-06	
   1.0309993e+04	   1.7868940e-06	
   1.0320021e+04	   1.7659150e-06	
   1.0329990e+04	   1.7402190e-06	
   1.0340018e+04	   1.7207300e-06	
   1.0349988e+04	   1.6983150e-06	
   1.0360016e+04	   1.6777720e-06	
   1.0369986e+04	   1.6648740e-06	
   1.0380043e+04	   1.6539610e-06	
   1.0390013e+04	   1.6456720e-06	
   1.0400041e+04	   1.6370360e-06	
   1.0410010e+04	   1.6245810e-06	
   1.0420038e+04	   1.6059430e-06	
   1.0430008e+04	   1.5872110e-06	
   1.0440036e+04	   1.5668540e-06	
   1.0450006e+04	   1.5502990e-06	
   1.0460033e+04	   1.5366870e-06	
   1.0470003e+04	   1.5273350e-06	
   1.0480031e+04	   1.5170310e-06	
   1.0490001e+04	   1.5044080e-06	
   1.0500030e+04	   1.4926790e-06	
