   9.2000055e+03	   3.2016310e-04	
   9.2100048e+03	   2.7880480e-04	
   9.2200327e+03	   2.7879860e-04	
   9.2300310e+03	   2.7878580e-04	
   9.2400007e+03	   2.7878320e-04	
   9.2500000e+03	   2.7877420e-04	
   9.2600279e+03	   2.7876180e-04	
   9.2700272e+03	   2.7875600e-04	
   9.2799969e+03	   2.7875150e-04	
   9.2900248e+03	   2.7874550e-04	
   9.2999945e+03	   2.7872380e-04	
   9.3100224e+03	   2.7871710e-04	
   9.3200207e+03	   2.7871110e-04	
   9.3300200e+03	   2.7868710e-04	
   9.3399897e+03	   2.7868190e-04	
   9.3500175e+03	   2.7866100e-04	
   9.3599873e+03	   2.7867450e-04	
   9.3700151e+03	   2.7864210e-04	
   9.3800430e+03	   2.7862980e-04	
   9.3900127e+03	   2.7862920e-04	
   9.4000406e+03	   2.7862050e-04	
   9.4100399e+03	   2.7858910e-04	
   9.4200096e+03	   2.7859060e-04	
   9.4300375e+03	   2.7855760e-04	
   9.4400358e+03	   2.7855420e-04	
   9.4500055e+03	   2.7855730e-04	
   9.4600334e+03	   2.7854160e-04	
   9.4700327e+03	   2.7851840e-04	
   9.4800024e+03	   2.7850490e-04	
   9.4900303e+03	   2.7847210e-04	
   9.5000000e+03	   2.7846850e-04	
   9.5100279e+03	   2.7843680e-04	
   9.5199976e+03	   2.7842940e-04	
   9.5300255e+03	   2.7841010e-04	
   9.5400248e+03	   2.7837100e-04	
   9.5499945e+03	   2.7836400e-04	
   9.5600224e+03	   2.7833160e-04	
   9.5699921e+03	   2.7829670e-04	
   9.5800200e+03	   2.7825780e-04	
   9.5899897e+03	   2.7823290e-04	
   9.5999880e+03	   2.7820490e-04	
   9.6100159e+03	   2.7814590e-04	
   9.6199856e+03	   2.7808640e-04	
   9.6300144e+03	   2.7800030e-04	
   9.6400423e+03	   2.7791740e-04	
   9.6500120e+03	   2.7775660e-04	
   9.6600399e+03	   2.7755370e-04	
   9.6700382e+03	   2.7730190e-04	
   9.6800079e+03	   2.7695720e-04	
   9.6900358e+03	   2.7654710e-04	
   9.7000351e+03	   2.7604960e-04	
   9.7100048e+03	   2.7541070e-04	
   9.7200327e+03	   2.7460140e-04	
   9.7300024e+03	   2.7356900e-04	
   9.7400303e+03	   2.7224870e-04	
   9.7500000e+03	   2.7051780e-04	
   9.7600279e+03	   2.6825340e-04	
   9.7699976e+03	   2.6536700e-04	
   9.7800255e+03	   2.6169000e-04	
   9.7899952e+03	   2.5729470e-04	
   9.8000231e+03	   2.5190180e-04	
   9.8099928e+03	   2.4554280e-04	
   9.8200207e+03	   2.3799350e-04	
   9.8299904e+03	   2.2952540e-04	
   9.8400183e+03	   2.1983090e-04	
   9.8499880e+03	   2.0937130e-04	
   9.8599873e+03	   1.9781000e-04	
   9.8700151e+03	   1.8542890e-04	
   9.8800144e+03	   1.7250710e-04	
   9.8900423e+03	   1.5877840e-04	
   9.9000120e+03	   1.4452640e-04	
   9.9100399e+03	   1.3060550e-04	
   9.9200096e+03	   1.1687090e-04	
   9.9300375e+03	   1.0353600e-04	
   9.9400072e+03	   9.1101520e-05	
   9.9500351e+03	   7.9191470e-05	
   9.9600048e+03	   6.7992570e-05	
   9.9700327e+03	   5.7528130e-05	
   9.9800310e+03	   4.8069850e-05	
   9.9900303e+03	   3.9863330e-05	
   1.0000000e+04	   3.2621730e-05	
   1.0010028e+04	   2.6486840e-05	
   1.0019998e+04	   2.1201230e-05	
   1.0030025e+04	   1.6929290e-05	
   1.0039995e+04	   1.3538220e-05	
   1.0050023e+04	   1.0841090e-05	
   1.0059993e+04	   8.9009970e-06	
   1.0069992e+04	   7.3064870e-06	
   1.0080020e+04	   6.0659150e-06	
   1.0089990e+04	   5.0670310e-06	
   1.0099988e+04	   4.3159240e-06	
   1.0110016e+04	   3.7811160e-06	
   1.0119986e+04	   3.3593990e-06	
   1.0130043e+04	   3.0848330e-06	
   1.0140013e+04	   2.8916180e-06	
   1.0150041e+04	   2.7512400e-06	
   1.0160010e+04	   2.6377500e-06	
   1.0170038e+04	   2.5300370e-06	
   1.0180008e+04	   2.4131460e-06	
   1.0190036e+04	   2.2970240e-06	
   1.0200006e+04	   2.2300730e-06	
   1.0210033e+04	   2.1641160e-06	
   1.0220003e+04	   2.1132000e-06	
   1.0230031e+04	   2.0708940e-06	
   1.0240001e+04	   2.0397590e-06	
   1.0250000e+04	   2.0115580e-06	
   1.0260028e+04	   1.9843700e-06	
   1.0269998e+04	   1.9596040e-06	
   1.0280025e+04	   1.9372730e-06	
   1.0290025e+04	   1.9144630e-06	
   1.0299994e+04	   1.8902800e-06	
   1.0309993e+04	   1.8701700e-06	
   1.0320021e+04	   1.8473380e-06	
   1.0329990e+04	   1.8238280e-06	
   1.0340018e+04	   1.8012380e-06	
   1.0349988e+04	   1.7798910e-06	
   1.0359987e+04	   1.7592630e-06	
   1.0370015e+04	   1.7460710e-06	
   1.0380014e+04	   1.7388860e-06	
   1.0390042e+04	   1.7330160e-06	
   1.0400012e+04	   1.7225520e-06	
   1.0410010e+04	   1.7082800e-06	
   1.0420038e+04	   1.6922400e-06	
   1.0430008e+04	   1.6735340e-06	
   1.0440036e+04	   1.6541560e-06	
   1.0450035e+04	   1.6375540e-06	
   1.0460005e+04	   1.6250620e-06	
   1.0470033e+04	   1.6185100e-06	
   1.0480002e+04	   1.6070900e-06	
   1.0490030e+04	   1.5962130e-06	
   1.0500000e+04	   1.5840640e-06	
