   9.2999945e+03	   3.1889700e-04	
   9.3099928e+03	   2.7764470e-04	
   9.3200207e+03	   2.7763040e-04	
   9.3299904e+03	   2.7763520e-04	
   9.3400183e+03	   2.7763160e-04	
   9.3500175e+03	   2.7761160e-04	
   9.3599873e+03	   2.7762250e-04	
   9.3700151e+03	   2.7761650e-04	
   9.3800430e+03	   2.7761460e-04	
   9.3900127e+03	   2.7761650e-04	
   9.4000406e+03	   2.7760570e-04	
   9.4100399e+03	   2.7759770e-04	
   9.4200096e+03	   2.7759480e-04	
   9.4300375e+03	   2.7757980e-04	
   9.4400358e+03	   2.7756270e-04	
   9.4500055e+03	   2.7756440e-04	
   9.4600334e+03	   2.7752700e-04	
   9.4700327e+03	   2.7754120e-04	
   9.4800024e+03	   2.7752640e-04	
   9.4900303e+03	   2.7751820e-04	
   9.5000000e+03	   2.7751320e-04	
   9.5100279e+03	   2.7748940e-04	
   9.5199976e+03	   2.7748200e-04	
   9.5300255e+03	   2.7745600e-04	
   9.5399952e+03	   2.7744870e-04	
   9.5500231e+03	   2.7742320e-04	
   9.5599928e+03	   2.7740020e-04	
   9.5699921e+03	   2.7738020e-04	
   9.5800200e+03	   2.7733020e-04	
   9.5899897e+03	   2.7730140e-04	
   9.6000175e+03	   2.7725430e-04	
   9.6099873e+03	   2.7719700e-04	
   9.6200151e+03	   2.7712550e-04	
   9.6300144e+03	   2.7702840e-04	
   9.6400423e+03	   2.7691220e-04	
   9.6500120e+03	   2.7675270e-04	
   9.6600399e+03	   2.7652500e-04	
   9.6700096e+03	   2.7624280e-04	
   9.6800375e+03	   2.7586670e-04	
   9.6900072e+03	   2.7543360e-04	
   9.7000055e+03	   2.7491040e-04	
   9.7100334e+03	   2.7422780e-04	
   9.7200031e+03	   2.7336260e-04	
   9.7300310e+03	   2.7228110e-04	
   9.7400303e+03	   2.7093170e-04	
   9.7500000e+03	   2.6911100e-04	
   9.7600279e+03	   2.6685330e-04	
   9.7699976e+03	   2.6383900e-04	
   9.7800255e+03	   2.6010230e-04	
   9.7899952e+03	   2.5559790e-04	
   9.8000231e+03	   2.5012510e-04	
   9.8099928e+03	   2.4362910e-04	
   9.8200207e+03	   2.3589880e-04	
   9.8299904e+03	   2.2738540e-04	
   9.8400183e+03	   2.1778310e-04	
   9.8500175e+03	   2.0701250e-04	
   9.8599873e+03	   1.9554290e-04	
   9.8700151e+03	   1.8329040e-04	
   9.8800144e+03	   1.7018970e-04	
   9.8900127e+03	   1.5651560e-04	
   9.9000406e+03	   1.4268440e-04	
   9.9100399e+03	   1.2876840e-04	
   9.9200096e+03	   1.1520890e-04	
   9.9300375e+03	   1.0188870e-04	
   9.9400072e+03	   8.9234850e-05	
   9.9500351e+03	   7.7490050e-05	
   9.9600048e+03	   6.6640620e-05	
   9.9700327e+03	   5.6519000e-05	
   9.9800024e+03	   4.7350780e-05	
   9.9900303e+03	   3.8952990e-05	
   1.0000000e+04	   3.1829500e-05	
   1.0010028e+04	   2.5794030e-05	
   1.0019998e+04	   2.0621350e-05	
   1.0029997e+04	   1.6424840e-05	
   1.0039995e+04	   1.3132420e-05	
   1.0050023e+04	   1.0538470e-05	
   1.0059993e+04	   8.6630390e-06	
   1.0069992e+04	   7.1597740e-06	
   1.0080020e+04	   5.8664900e-06	
   1.0089990e+04	   4.9367860e-06	
   1.0099988e+04	   4.2051550e-06	
   1.0110016e+04	   3.7043830e-06	
   1.0119986e+04	   3.3106680e-06	
   1.0130043e+04	   3.0264440e-06	
   1.0140013e+04	   2.8817400e-06	
   1.0150041e+04	   2.6985520e-06	
   1.0160010e+04	   2.5963000e-06	
   1.0170038e+04	   2.4933940e-06	
   1.0180008e+04	   2.3869650e-06	
   1.0190007e+04	   2.2817470e-06	
   1.0200006e+04	   2.2053520e-06	
   1.0210033e+04	   2.1364450e-06	
   1.0220003e+04	   2.0846350e-06	
   1.0230031e+04	   2.0444970e-06	
   1.0240001e+04	   2.0109950e-06	
   1.0250000e+04	   1.9831200e-06	
   1.0260028e+04	   1.9540630e-06	
   1.0269998e+04	   1.9272040e-06	
   1.0280025e+04	   1.9076260e-06	
   1.0289995e+04	   1.8841330e-06	
   1.0300023e+04	   1.8605760e-06	
   1.0309993e+04	   1.8398710e-06	
   1.0320021e+04	   1.8154430e-06	
   1.0329990e+04	   1.7920820e-06	
   1.0340018e+04	   1.7694200e-06	
   1.0349988e+04	   1.7466280e-06	
   1.0359987e+04	   1.7253220e-06	
   1.0370015e+04	   1.7142570e-06	
   1.0380014e+04	   1.7058040e-06	
   1.0390042e+04	   1.6969730e-06	
   1.0400012e+04	   1.6887270e-06	
   1.0410010e+04	   1.6739480e-06	
   1.0420038e+04	   1.6565840e-06	
   1.0430008e+04	   1.6385260e-06	
   1.0440036e+04	   1.6197120e-06	
   1.0450006e+04	   1.6036480e-06	
   1.0460033e+04	   1.5928250e-06	
   1.0470003e+04	   1.5828150e-06	
   1.0480031e+04	   1.5744220e-06	
   1.0490001e+04	   1.5634220e-06	
   1.0500030e+04	   1.5544200e-06	
