   9.2999945e+03	   3.1845800e-04	
   9.3099928e+03	   2.7726370e-04	
   9.3200207e+03	   2.7725690e-04	
   9.3299904e+03	   2.7723580e-04	
   9.3400183e+03	   2.7723010e-04	
   9.3499880e+03	   2.7722400e-04	
   9.3600159e+03	   2.7720440e-04	
   9.3699856e+03	   2.7719340e-04	
   9.3800430e+03	   2.7717360e-04	
   9.3900127e+03	   2.7716770e-04	
   9.4000406e+03	   2.7714350e-04	
   9.4100399e+03	   2.7713220e-04	
   9.4200096e+03	   2.7712200e-04	
   9.4300375e+03	   2.7710280e-04	
   9.4400358e+03	   2.7708410e-04	
   9.4500055e+03	   2.7707440e-04	
   9.4600334e+03	   2.7705530e-04	
   9.4700031e+03	   2.7703460e-04	
   9.4800310e+03	   2.7701980e-04	
   9.4900303e+03	   2.7700580e-04	
   9.5000000e+03	   2.7700210e-04	
   9.5100279e+03	   2.7696570e-04	
   9.5199976e+03	   2.7695220e-04	
   9.5300255e+03	   2.7693370e-04	
   9.5399952e+03	   2.7690200e-04	
   9.5500231e+03	   2.7687800e-04	
   9.5599928e+03	   2.7685340e-04	
   9.5700207e+03	   2.7680530e-04	
   9.5799904e+03	   2.7676890e-04	
   9.5900183e+03	   2.7674510e-04	
   9.5999880e+03	   2.7670330e-04	
   9.6099873e+03	   2.7664270e-04	
   9.6200151e+03	   2.7656650e-04	
   9.6300144e+03	   2.7649060e-04	
   9.6400423e+03	   2.7638830e-04	
   9.6500120e+03	   2.7622480e-04	
   9.6600399e+03	   2.7600560e-04	
   9.6700096e+03	   2.7573750e-04	
   9.6800375e+03	   2.7538290e-04	
   9.6900072e+03	   2.7495810e-04	
   9.7000351e+03	   2.7444510e-04	
   9.7100334e+03	   2.7377230e-04	
   9.7200031e+03	   2.7293830e-04	
   9.7300310e+03	   2.7191640e-04	
   9.7400007e+03	   2.7052040e-04	
   9.7500296e+03	   2.6870910e-04	
   9.7599993e+03	   2.6645930e-04	
   9.7700272e+03	   2.6345330e-04	
   9.7799969e+03	   2.5976690e-04	
   9.7899952e+03	   2.5526290e-04	
   9.8000231e+03	   2.4987410e-04	
   9.8099928e+03	   2.4337080e-04	
   9.8200207e+03	   2.3569270e-04	
   9.8299904e+03	   2.2720820e-04	
   9.8400183e+03	   2.1731620e-04	
   9.8499880e+03	   2.0696800e-04	
   9.8599873e+03	   1.9532030e-04	
   9.8700447e+03	   1.8322990e-04	
   9.8800144e+03	   1.7021800e-04	
   9.8900423e+03	   1.5662600e-04	
   9.9000120e+03	   1.4251250e-04	
   9.9100399e+03	   1.2841860e-04	
   9.9200096e+03	   1.1484670e-04	
   9.9300375e+03	   1.0157840e-04	
   9.9400072e+03	   8.9092170e-05	
   9.9500351e+03	   7.7416280e-05	
   9.9600048e+03	   6.6437960e-05	
   9.9700327e+03	   5.6403190e-05	
   9.9800024e+03	   4.7227190e-05	
   9.9900303e+03	   3.9015180e-05	
   1.0000000e+04	   3.1841280e-05	
   1.0010028e+04	   2.5871830e-05	
   1.0019998e+04	   2.0690910e-05	
   1.0030025e+04	   1.6488410e-05	
   1.0039995e+04	   1.3139830e-05	
   1.0050023e+04	   1.0604920e-05	
   1.0060022e+04	   8.6350160e-06	
   1.0069992e+04	   7.1032190e-06	
   1.0080020e+04	   5.9106830e-06	
   1.0089990e+04	   4.9356800e-06	
   1.0100018e+04	   4.2410210e-06	
   1.0110016e+04	   3.6971950e-06	
   1.0119986e+04	   3.3421150e-06	
   1.0130014e+04	   3.0550520e-06	
   1.0140042e+04	   2.8995080e-06	
   1.0150041e+04	   2.7619920e-06	
   1.0160010e+04	   2.6214090e-06	
   1.0170038e+04	   2.5255480e-06	
   1.0180008e+04	   2.4026550e-06	
   1.0190036e+04	   2.3094710e-06	
   1.0200006e+04	   2.2330630e-06	
   1.0210033e+04	   2.1674130e-06	
   1.0220003e+04	   2.1143590e-06	
   1.0230031e+04	   2.0720470e-06	
   1.0240001e+04	   2.0429370e-06	
   1.0250030e+04	   2.0133630e-06	
   1.0259999e+04	   1.9846900e-06	
   1.0270027e+04	   1.9546590e-06	
   1.0279997e+04	   1.9319070e-06	
   1.0290025e+04	   1.9065260e-06	
   1.0299994e+04	   1.8818590e-06	
   1.0309993e+04	   1.8587020e-06	
   1.0320021e+04	   1.8371850e-06	
   1.0329990e+04	   1.8110520e-06	
   1.0340018e+04	   1.7871400e-06	
   1.0349988e+04	   1.7657080e-06	
   1.0360016e+04	   1.7458480e-06	
   1.0369986e+04	   1.7303810e-06	
   1.0380043e+04	   1.7194200e-06	
   1.0390013e+04	   1.7110120e-06	
   1.0400041e+04	   1.7005050e-06	
   1.0410010e+04	   1.6884690e-06	
   1.0420038e+04	   1.6709050e-06	
   1.0430008e+04	   1.6523880e-06	
   1.0440036e+04	   1.6334310e-06	
   1.0450006e+04	   1.6150580e-06	
   1.0460033e+04	   1.6018600e-06	
   1.0470003e+04	   1.5932580e-06	
   1.0480031e+04	   1.5836200e-06	
   1.0490030e+04	   1.5760300e-06	
   1.0500000e+04	   1.5642420e-06	
