   9.2000055e+03	   3.1835810e-04	
   9.2100048e+03	   2.7729290e-04	
   9.2200327e+03	   2.7727780e-04	
   9.2300310e+03	   2.7727790e-04	
   9.2400007e+03	   2.7728350e-04	
   9.2500296e+03	   2.7726860e-04	
   9.2600279e+03	   2.7727390e-04	
   9.2699976e+03	   2.7726050e-04	
   9.2800255e+03	   2.7725560e-04	
   9.2900248e+03	   2.7725470e-04	
   9.2999945e+03	   2.7724860e-04	
   9.3100224e+03	   2.7723910e-04	
   9.3199921e+03	   2.7723170e-04	
   9.3300200e+03	   2.7722430e-04	
   9.3399897e+03	   2.7723370e-04	
   9.3500175e+03	   2.7722010e-04	
   9.3599873e+03	   2.7721880e-04	
   9.3700151e+03	   2.7721460e-04	
   9.3800144e+03	   2.7719820e-04	
   9.3900423e+03	   2.7719000e-04	
   9.4000120e+03	   2.7719140e-04	
   9.4100399e+03	   2.7717470e-04	
   9.4200096e+03	   2.7717060e-04	
   9.4300375e+03	   2.7715470e-04	
   9.4400358e+03	   2.7716230e-04	
   9.4500055e+03	   2.7714160e-04	
   9.4600334e+03	   2.7712250e-04	
   9.4700031e+03	   2.7712290e-04	
   9.4800310e+03	   2.7711000e-04	
   9.4900303e+03	   2.7708490e-04	
   9.5000000e+03	   2.7708830e-04	
   9.5100279e+03	   2.7706400e-04	
   9.5199976e+03	   2.7706040e-04	
   9.5300255e+03	   2.7703270e-04	
   9.5399952e+03	   2.7701470e-04	
   9.5500231e+03	   2.7699870e-04	
   9.5599928e+03	   2.7697180e-04	
   9.5700207e+03	   2.7694560e-04	
   9.5799904e+03	   2.7691890e-04	
   9.5899897e+03	   2.7688530e-04	
   9.6000175e+03	   2.7684110e-04	
   9.6099873e+03	   2.7679370e-04	
   9.6200151e+03	   2.7672850e-04	
   9.6300144e+03	   2.7665910e-04	
   9.6400423e+03	   2.7657090e-04	
   9.6500120e+03	   2.7642540e-04	
   9.6600399e+03	   2.7623480e-04	
   9.6700096e+03	   2.7598800e-04	
   9.6800375e+03	   2.7565000e-04	
   9.6900072e+03	   2.7525390e-04	
   9.7000351e+03	   2.7475870e-04	
   9.7100048e+03	   2.7413020e-04	
   9.7200327e+03	   2.7334430e-04	
   9.7300310e+03	   2.7234880e-04	
   9.7400007e+03	   2.7103380e-04	
   9.7500296e+03	   2.6934930e-04	
   9.7599993e+03	   2.6715930e-04	
   9.7700272e+03	   2.6430630e-04	
   9.7799969e+03	   2.6078000e-04	
   9.7900248e+03	   2.5642680e-04	
   9.8000231e+03	   2.5116250e-04	
   9.8099928e+03	   2.4484620e-04	
   9.8200207e+03	   2.3724760e-04	
   9.8299904e+03	   2.2878070e-04	
   9.8400183e+03	   2.1910970e-04	
   9.8499880e+03	   2.0858240e-04	
   9.8599873e+03	   1.9697890e-04	
   9.8700151e+03	   1.8470830e-04	
   9.8800144e+03	   1.7162680e-04	
   9.8900423e+03	   1.5793440e-04	
   9.9000120e+03	   1.4379040e-04	
   9.9100399e+03	   1.2942730e-04	
   9.9200096e+03	   1.1572650e-04	
   9.9300375e+03	   1.0234930e-04	
   9.9400072e+03	   8.9767370e-05	
   9.9500351e+03	   7.7756370e-05	
   9.9600048e+03	   6.6342090e-05	
   9.9700327e+03	   5.6146800e-05	
   9.9800024e+03	   4.7022780e-05	
   9.9900303e+03	   3.8477170e-05	
   1.0000000e+04	   3.1317960e-05	
   1.0010028e+04	   2.5323930e-05	
   1.0019998e+04	   2.0183450e-05	
   1.0030025e+04	   1.6140190e-05	
   1.0039995e+04	   1.2974460e-05	
   1.0050023e+04	   1.0496750e-05	
   1.0059993e+04	   8.5754990e-06	
   1.0070021e+04	   7.0178470e-06	
   1.0079990e+04	   5.8149600e-06	
   1.0089990e+04	   4.9629220e-06	
   1.0099988e+04	   4.3270320e-06	
   1.0110045e+04	   3.7623340e-06	
   1.0119986e+04	   3.4142500e-06	
   1.0130014e+04	   3.1548140e-06	
   1.0140042e+04	   2.9708750e-06	
   1.0150041e+04	   2.8445560e-06	
   1.0160010e+04	   2.7301540e-06	
   1.0170038e+04	   2.6229650e-06	
   1.0180008e+04	   2.5098970e-06	
   1.0190036e+04	   2.4162300e-06	
   1.0200006e+04	   2.3269940e-06	
   1.0210033e+04	   2.2685690e-06	
   1.0220003e+04	   2.2166470e-06	
   1.0230031e+04	   2.1726920e-06	
   1.0240001e+04	   2.1332750e-06	
   1.0250000e+04	   2.1022320e-06	
   1.0260028e+04	   2.0753490e-06	
   1.0269998e+04	   2.0429750e-06	
   1.0280025e+04	   2.0164580e-06	
   1.0289995e+04	   1.9916870e-06	
   1.0300023e+04	   1.9638930e-06	
   1.0309993e+04	   1.9407880e-06	
   1.0320021e+04	   1.9160540e-06	
   1.0329990e+04	   1.8896640e-06	
   1.0340018e+04	   1.8631500e-06	
   1.0349988e+04	   1.8381360e-06	
   1.0359987e+04	   1.8156150e-06	
   1.0370015e+04	   1.7987860e-06	
   1.0380014e+04	   1.7878830e-06	
   1.0390042e+04	   1.7785250e-06	
   1.0400012e+04	   1.7675580e-06	
   1.0410010e+04	   1.7521510e-06	
   1.0420038e+04	   1.7328680e-06	
   1.0430008e+04	   1.7130730e-06	
   1.0440036e+04	   1.6924760e-06	
   1.0450006e+04	   1.6761300e-06	
   1.0460033e+04	   1.6629810e-06	
   1.0470003e+04	   1.6538280e-06	
   1.0480031e+04	   1.6450050e-06	
   1.0490030e+04	   1.6348850e-06	
   1.0500000e+04	   1.6260120e-06	
