   9.2000055e+03	   3.1755510e-04	
   9.2100048e+03	   2.7774920e-04	
   9.2200327e+03	   2.7775990e-04	
   9.2300024e+03	   2.7775900e-04	
   9.2400303e+03	   2.7774840e-04	
   9.2500000e+03	   2.7774820e-04	
   9.2600279e+03	   2.7776180e-04	
   9.2700272e+03	   2.7775600e-04	
   9.2799969e+03	   2.7775220e-04	
   9.2900248e+03	   2.7775070e-04	
   9.3000231e+03	   2.7775480e-04	
   9.3099928e+03	   2.7775240e-04	
   9.3200207e+03	   2.7776360e-04	
   9.3300200e+03	   2.7776130e-04	
   9.3399897e+03	   2.7777120e-04	
   9.3500175e+03	   2.7776010e-04	
   9.3599873e+03	   2.7776660e-04	
   9.3700151e+03	   2.7775940e-04	
   9.3800430e+03	   2.7776200e-04	
   9.3900127e+03	   2.7775460e-04	
   9.4000406e+03	   2.7774960e-04	
   9.4100103e+03	   2.7775280e-04	
   9.4200382e+03	   2.7774300e-04	
   9.4300079e+03	   2.7773610e-04	
   9.4400358e+03	   2.7772970e-04	
   9.4500351e+03	   2.7772480e-04	
   9.4600334e+03	   2.7771490e-04	
   9.4700031e+03	   2.7770360e-04	
   9.4800310e+03	   2.7770550e-04	
   9.4900303e+03	   2.7769610e-04	
   9.5000000e+03	   2.7769140e-04	
   9.5100279e+03	   2.7767340e-04	
   9.5199976e+03	   2.7767240e-04	
   9.5300255e+03	   2.7765000e-04	
   9.5399952e+03	   2.7763720e-04	
   9.5500231e+03	   2.7762020e-04	
   9.5599928e+03	   2.7760160e-04	
   9.5699921e+03	   2.7758790e-04	
   9.5800200e+03	   2.7756020e-04	
   9.5899897e+03	   2.7754340e-04	
   9.6000175e+03	   2.7749960e-04	
   9.6099873e+03	   2.7746180e-04	
   9.6200151e+03	   2.7742150e-04	
   9.6300144e+03	   2.7735200e-04	
   9.6400423e+03	   2.7726440e-04	
   9.6500120e+03	   2.7713280e-04	
   9.6600399e+03	   2.7694310e-04	
   9.6700096e+03	   2.7669350e-04	
   9.6800375e+03	   2.7637400e-04	
   9.6900072e+03	   2.7597600e-04	
   9.7000351e+03	   2.7548020e-04	
   9.7100048e+03	   2.7485260e-04	
   9.7200327e+03	   2.7405970e-04	
   9.7300024e+03	   2.7305410e-04	
   9.7400303e+03	   2.7170680e-04	
   9.7500000e+03	   2.6998990e-04	
   9.7599993e+03	   2.6780380e-04	
   9.7700272e+03	   2.6489260e-04	
   9.7799969e+03	   2.6128850e-04	
   9.7900248e+03	   2.5688380e-04	
   9.7999945e+03	   2.5153990e-04	
   9.8100224e+03	   2.4507900e-04	
   9.8199921e+03	   2.3751190e-04	
   9.8299904e+03	   2.2899700e-04	
   9.8400183e+03	   2.1919810e-04	
   9.8499880e+03	   2.0869110e-04	
   9.8599873e+03	   1.9704570e-04	
   9.8700151e+03	   1.8454670e-04	
   9.8800144e+03	   1.7147350e-04	
   9.8900423e+03	   1.5767110e-04	
   9.9000120e+03	   1.4349440e-04	
   9.9100399e+03	   1.2920770e-04	
   9.9200096e+03	   1.1541610e-04	
   9.9300375e+03	   1.0205110e-04	
   9.9400072e+03	   8.9459360e-05	
   9.9500351e+03	   7.7573580e-05	
   9.9600048e+03	   6.6342700e-05	
   9.9700327e+03	   5.5943770e-05	
   9.9800310e+03	   4.6800830e-05	
   9.9900303e+03	   3.8423500e-05	
   1.0000000e+04	   3.1242380e-05	
   1.0010028e+04	   2.5401770e-05	
   1.0019998e+04	   2.0311040e-05	
   1.0030025e+04	   1.6281170e-05	
   1.0039995e+04	   1.3184130e-05	
   1.0050023e+04	   1.0742710e-05	
   1.0060022e+04	   8.8433530e-06	
   1.0069992e+04	   7.4470480e-06	
   1.0080020e+04	   6.1523310e-06	
   1.0089990e+04	   5.2739330e-06	
   1.0099988e+04	   4.6693990e-06	
   1.0110016e+04	   4.1586380e-06	
   1.0119986e+04	   3.7955520e-06	
   1.0130043e+04	   3.5849830e-06	
   1.0140013e+04	   3.3767330e-06	
   1.0150041e+04	   3.2435880e-06	
   1.0160010e+04	   3.1400550e-06	
   1.0170038e+04	   2.9941220e-06	
   1.0180008e+04	   2.8651370e-06	
   1.0190036e+04	   2.7736350e-06	
   1.0200006e+04	   2.6947350e-06	
   1.0210033e+04	   2.6373520e-06	
   1.0220003e+04	   2.5789460e-06	
   1.0230031e+04	   2.5378480e-06	
   1.0240001e+04	   2.5078880e-06	
   1.0250000e+04	   2.4817850e-06	
   1.0260028e+04	   2.4558080e-06	
   1.0269998e+04	   2.4301470e-06	
   1.0280025e+04	   2.4089470e-06	
   1.0289995e+04	   2.3842880e-06	
   1.0300023e+04	   2.3616260e-06	
   1.0309993e+04	   2.3416140e-06	
   1.0320021e+04	   2.3199020e-06	
   1.0329990e+04	   2.2969760e-06	
   1.0340018e+04	   2.2741160e-06	
   1.0349988e+04	   2.2519390e-06	
   1.0359987e+04	   2.2316060e-06	
   1.0370015e+04	   2.2174480e-06	
   1.0380014e+04	   2.2079010e-06	
   1.0390042e+04	   2.1988410e-06	
   1.0400012e+04	   2.1898120e-06	
   1.0410040e+04	   2.1764540e-06	
   1.0420010e+04	   2.1583430e-06	
   1.0430008e+04	   2.1404460e-06	
   1.0440036e+04	   2.1217060e-06	
   1.0450006e+04	   2.1063950e-06	
   1.0460033e+04	   2.0948130e-06	
   1.0470003e+04	   2.0850900e-06	
   1.0480002e+04	   2.0781150e-06	
   1.0490030e+04	   2.0699840e-06	
   1.0500000e+04	   2.0606140e-06	
