   9.2000055e+03	   2.7947040e-04	
   9.2100048e+03	   2.7947440e-04	
   9.2200327e+03	   2.7947750e-04	
   9.2300024e+03	   2.7947490e-04	
   9.2400303e+03	   2.7947780e-04	
   9.2500000e+03	   2.7948550e-04	
   9.2600279e+03	   2.7948460e-04	
   9.2700272e+03	   2.7948480e-04	
   9.2799969e+03	   2.7948720e-04	
   9.2900248e+03	   2.7950220e-04	
   9.2999945e+03	   2.7950240e-04	
   9.3100224e+03	   2.7950020e-04	
   9.3200207e+03	   2.7950770e-04	
   9.3299904e+03	   2.7950490e-04	
   9.3399897e+03	   2.7950640e-04	
   9.3500175e+03	   2.7949890e-04	
   9.3599873e+03	   2.7950750e-04	
   9.3700151e+03	   2.7949810e-04	
   9.3800430e+03	   2.7949650e-04	
   9.3900127e+03	   2.7949670e-04	
   9.4000406e+03	   2.7948620e-04	
   9.4100103e+03	   2.7948560e-04	
   9.4200382e+03	   2.7948660e-04	
   9.4300375e+03	   2.7949400e-04	
   9.4400358e+03	   2.7948720e-04	
   9.4500351e+03	   2.7947590e-04	
   9.4600048e+03	   2.7947160e-04	
   9.4700031e+03	   2.7947490e-04	
   9.4800310e+03	   2.7947350e-04	
   9.4900303e+03	   2.7946030e-04	
   9.5000000e+03	   2.7946500e-04	
   9.5100279e+03	   2.7945540e-04	
   9.5199976e+03	   2.7944700e-04	
   9.5300255e+03	   2.7943150e-04	
   9.5399952e+03	   2.7941420e-04	
   9.5500231e+03	   2.7942680e-04	
   9.5599928e+03	   2.7939060e-04	
   9.5699921e+03	   2.7937870e-04	
   9.5800200e+03	   2.7934980e-04	
   9.5899897e+03	   2.7932720e-04	
   9.6000175e+03	   2.7929320e-04	
   9.6099873e+03	   2.7925000e-04	
   9.6200151e+03	   2.7919320e-04	
   9.6300144e+03	   2.7915040e-04	
   9.6400423e+03	   2.7904620e-04	
   9.6500120e+03	   2.7892900e-04	
   9.6600399e+03	   2.7872540e-04	
   9.6700096e+03	   2.7849340e-04	
   9.6800375e+03	   2.7816240e-04	
   9.6900072e+03	   2.7777320e-04	
   9.7000351e+03	   2.7728690e-04	
   9.7100048e+03	   2.7666110e-04	
   9.7200327e+03	   2.7584470e-04	
   9.7300024e+03	   2.7484520e-04	
   9.7400303e+03	   2.7352020e-04	
   9.7500000e+03	   2.7181580e-04	
   9.7599993e+03	   2.6958430e-04	
   9.7700272e+03	   2.6666080e-04	
   9.7799969e+03	   2.6304110e-04	
   9.7900248e+03	   2.5856920e-04	
   9.7999945e+03	   2.5320500e-04	
   9.8100224e+03	   2.4667000e-04	
   9.8199921e+03	   2.3905310e-04	
   9.8299904e+03	   2.3041690e-04	
   9.8400183e+03	   2.2049410e-04	
   9.8499880e+03	   2.0990420e-04	
   9.8599873e+03	   1.9809820e-04	
   9.8700151e+03	   1.8541690e-04	
   9.8800144e+03	   1.7222610e-04	
   9.8900423e+03	   1.5819640e-04	
   9.9000120e+03	   1.4364470e-04	
   9.9100399e+03	   1.2918850e-04	
   9.9200096e+03	   1.1539210e-04	
   9.9300375e+03	   1.0178620e-04	
   9.9400072e+03	   8.9118870e-05	
   9.9500351e+03	   7.7116200e-05	
   9.9600048e+03	   6.5834730e-05	
   9.9700327e+03	   5.5547730e-05	
   9.9800024e+03	   4.6092330e-05	
   9.9900303e+03	   3.8048250e-05	
   1.0000000e+04	   3.1090540e-05	
   1.0010028e+04	   2.5126100e-05	
   1.0019998e+04	   2.0079220e-05	
   1.0030025e+04	   1.6078320e-05	
   1.0039995e+04	   1.2892160e-05	
   1.0050023e+04	   1.0477230e-05	
   1.0059993e+04	   8.6535250e-06	
   1.0070021e+04	   7.2785090e-06	
   1.0079990e+04	   5.9829960e-06	
   1.0090018e+04	   5.1258530e-06	
   1.0099988e+04	   4.4148600e-06	
   1.0110016e+04	   3.9604390e-06	
   1.0119986e+04	   3.5947530e-06	
   1.0130043e+04	   3.3406020e-06	
   1.0140013e+04	   3.1792270e-06	
   1.0150041e+04	   3.0426170e-06	
   1.0160010e+04	   2.9394100e-06	
   1.0170068e+04	   2.8266590e-06	
   1.0180008e+04	   2.7298920e-06	
   1.0190036e+04	   2.6701680e-06	
   1.0200006e+04	   2.6139360e-06	
   1.0210033e+04	   2.5717110e-06	
   1.0220003e+04	   2.5343100e-06	
   1.0230031e+04	   2.5128940e-06	
   1.0240001e+04	   2.5011310e-06	
   1.0250000e+04	   2.4926220e-06	
   1.0260028e+04	   2.4803430e-06	
   1.0270027e+04	   2.4714460e-06	
   1.0279997e+04	   2.4621030e-06	
   1.0290025e+04	   2.4528690e-06	
   1.0300023e+04	   2.4470320e-06	
   1.0309993e+04	   2.4389840e-06	
   1.0320021e+04	   2.4268240e-06	
   1.0329990e+04	   2.4156670e-06	
   1.0340018e+04	   2.4050480e-06	
   1.0349988e+04	   2.3909760e-06	
   1.0359987e+04	   2.3811970e-06	
   1.0370015e+04	   2.3737840e-06	
   1.0380014e+04	   2.3698550e-06	
   1.0390042e+04	   2.3684340e-06	
   1.0400012e+04	   2.3634370e-06	
   1.0410040e+04	   2.3548250e-06	
   1.0420010e+04	   2.3437050e-06	
   1.0430008e+04	   2.3316120e-06	
   1.0440036e+04	   2.3180790e-06	
   1.0450006e+04	   2.3071160e-06	
   1.0460005e+04	   2.2987030e-06	
   1.0470003e+04	   2.2916190e-06	
   1.0480031e+04	   2.2848860e-06	
   1.0490030e+04	   2.2760520e-06	
   1.0500000e+04	   2.2667010e-06	
