   9.2000055e+03	   2.8052020e-04	
   9.2100048e+03	   2.8051590e-04	
   9.2200327e+03	   2.8050710e-04	
   9.2300024e+03	   2.8051480e-04	
   9.2400303e+03	   2.8050540e-04	
   9.2500000e+03	   2.8051070e-04	
   9.2600279e+03	   2.8050890e-04	
   9.2699976e+03	   2.8050900e-04	
   9.2800255e+03	   2.8049940e-04	
   9.2900248e+03	   2.8049160e-04	
   9.2999945e+03	   2.8049000e-04	
   9.3100224e+03	   2.8049470e-04	
   9.3200207e+03	   2.8049030e-04	
   9.3300200e+03	   2.8048460e-04	
   9.3399897e+03	   2.8047270e-04	
   9.3500175e+03	   2.8047730e-04	
   9.3599873e+03	   2.8047350e-04	
   9.3700151e+03	   2.8046270e-04	
   9.3800430e+03	   2.8043960e-04	
   9.3900127e+03	   2.8044150e-04	
   9.4000406e+03	   2.8043470e-04	
   9.4100399e+03	   2.8042660e-04	
   9.4200096e+03	   2.8041840e-04	
   9.4300375e+03	   2.8041440e-04	
   9.4400358e+03	   2.8040760e-04	
   9.4500351e+03	   2.8040620e-04	
   9.4600334e+03	   2.8039960e-04	
   9.4700031e+03	   2.8039030e-04	
   9.4800310e+03	   2.8038130e-04	
   9.4900303e+03	   2.8038160e-04	
   9.5000000e+03	   2.8037410e-04	
   9.5100279e+03	   2.8035800e-04	
   9.5199976e+03	   2.8036570e-04	
   9.5300255e+03	   2.8035000e-04	
   9.5400248e+03	   2.8032830e-04	
   9.5499945e+03	   2.8032590e-04	
   9.5600224e+03	   2.8029570e-04	
   9.5699921e+03	   2.8027630e-04	
   9.5800200e+03	   2.8026420e-04	
   9.5899897e+03	   2.8023570e-04	
   9.6000175e+03	   2.8019180e-04	
   9.6099873e+03	   2.8015540e-04	
   9.6200151e+03	   2.8009610e-04	
   9.6300144e+03	   2.8001440e-04	
   9.6400423e+03	   2.7990820e-04	
   9.6500120e+03	   2.7974530e-04	
   9.6600399e+03	   2.7953090e-04	
   9.6700096e+03	   2.7926740e-04	
   9.6800079e+03	   2.7890780e-04	
   9.6900358e+03	   2.7846300e-04	
   9.7000055e+03	   2.7793590e-04	
   9.7100334e+03	   2.7724640e-04	
   9.7200031e+03	   2.7636200e-04	
   9.7300310e+03	   2.7523500e-04	
   9.7400007e+03	   2.7377010e-04	
   9.7500296e+03	   2.7186640e-04	
   9.7599993e+03	   2.6943700e-04	
   9.7700272e+03	   2.6627930e-04	
   9.7799969e+03	   2.6243960e-04	
   9.7900248e+03	   2.5773590e-04	
   9.7999945e+03	   2.5210130e-04	
   9.8100224e+03	   2.4536680e-04	
   9.8199921e+03	   2.3747460e-04	
   9.8299904e+03	   2.2856270e-04	
   9.8400183e+03	   2.1850830e-04	
   9.8499880e+03	   2.0771290e-04	
   9.8599873e+03	   1.9566930e-04	
   9.8700151e+03	   1.8297290e-04	
   9.8800430e+03	   1.6946290e-04	
   9.8900127e+03	   1.5521960e-04	
   9.9000406e+03	   1.4068780e-04	
   9.9100399e+03	   1.2623360e-04	
   9.9200096e+03	   1.1230680e-04	
   9.9300375e+03	   9.8855230e-05	
   9.9400072e+03	   8.6316030e-05	
   9.9500351e+03	   7.4294180e-05	
   9.9600048e+03	   6.3303270e-05	
   9.9700327e+03	   5.3340100e-05	
   9.9800024e+03	   4.4416890e-05	
   9.9900303e+03	   3.6327910e-05	
   1.0000000e+04	   2.9424930e-05	
   1.0010028e+04	   2.3645190e-05	
   1.0019998e+04	   1.8788380e-05	
   1.0029997e+04	   1.4989690e-05	
   1.0040025e+04	   1.1894890e-05	
   1.0049994e+04	   9.6821330e-06	
   1.0060022e+04	   7.9005400e-06	
   1.0069992e+04	   6.4902840e-06	
   1.0080020e+04	   5.3002500e-06	
   1.0089990e+04	   4.4752960e-06	
   1.0099988e+04	   3.8468110e-06	
   1.0110016e+04	   3.4265970e-06	
   1.0119986e+04	   3.1108170e-06	
   1.0130043e+04	   2.9084010e-06	
   1.0140013e+04	   2.7377020e-06	
   1.0150041e+04	   2.6308560e-06	
   1.0160010e+04	   2.5515080e-06	
   1.0170038e+04	   2.4604770e-06	
   1.0180008e+04	   2.3802620e-06	
   1.0190007e+04	   2.3218120e-06	
   1.0200035e+04	   2.2744320e-06	
   1.0210033e+04	   2.2462510e-06	
   1.0220003e+04	   2.2200930e-06	
   1.0230031e+04	   2.2019620e-06	
   1.0240001e+04	   2.1851660e-06	
   1.0250030e+04	   2.1802240e-06	
   1.0259999e+04	   2.1634480e-06	
   1.0270027e+04	   2.1530920e-06	
   1.0279997e+04	   2.1441700e-06	
   1.0289995e+04	   2.1349220e-06	
   1.0300023e+04	   2.1232650e-06	
   1.0309993e+04	   2.1163980e-06	
   1.0320021e+04	   2.1069000e-06	
   1.0329990e+04	   2.0953890e-06	
   1.0340018e+04	   2.0849930e-06	
   1.0349988e+04	   2.0747210e-06	
   1.0359987e+04	   2.0643940e-06	
   1.0370015e+04	   2.0574970e-06	
   1.0380014e+04	   2.0516880e-06	
   1.0390042e+04	   2.0471230e-06	
   1.0400012e+04	   2.0408660e-06	
   1.0410040e+04	   2.0318240e-06	
   1.0420010e+04	   2.0216920e-06	
   1.0430008e+04	   2.0111110e-06	
   1.0440036e+04	   2.0003160e-06	
   1.0450006e+04	   1.9918740e-06	
   1.0460033e+04	   1.9858570e-06	
   1.0470003e+04	   1.9790280e-06	
   1.0480031e+04	   1.9708990e-06	
   1.0490030e+04	   1.9625760e-06	
   1.0500000e+04	   1.9550630e-06	
