   9.2000055e+03	   2.1105110e-04	
   9.2100048e+03	   1.7006630e-04	
   9.2200327e+03	   1.7006110e-04	
   9.2300310e+03	   1.7009020e-04	
   9.2400007e+03	   1.7007980e-04	
   9.2500000e+03	   1.7006250e-04	
   9.2600279e+03	   1.7003950e-04	
   9.2700272e+03	   1.7006630e-04	
   9.2799969e+03	   1.7007320e-04	
   9.2900248e+03	   1.7008390e-04	
   9.3000231e+03	   1.7008140e-04	
   9.3099928e+03	   1.7009510e-04	
   9.3200207e+03	   1.7012920e-04	
   9.3300200e+03	   1.7011440e-04	
   9.3399897e+03	   1.7010760e-04	
   9.3500175e+03	   1.7012200e-04	
   9.3599873e+03	   1.7007930e-04	
   9.3700151e+03	   1.7008150e-04	
   9.3800430e+03	   1.7007760e-04	
   9.3900127e+03	   1.7010890e-04	
   9.4000406e+03	   1.7009950e-04	
   9.4100103e+03	   1.7009070e-04	
   9.4200382e+03	   1.7008890e-04	
   9.4300079e+03	   1.7008340e-04	
   9.4400358e+03	   1.7006880e-04	
   9.4500351e+03	   1.7006260e-04	
   9.4600048e+03	   1.7006850e-04	
   9.4700327e+03	   1.7009090e-04	
   9.4800310e+03	   1.7005740e-04	
   9.4900303e+03	   1.7008240e-04	
   9.5000000e+03	   1.7010300e-04	
   9.5100279e+03	   1.7009650e-04	
   9.5199976e+03	   1.7010100e-04	
   9.5300255e+03	   1.7010580e-04	
   9.5399952e+03	   1.7010000e-04	
   9.5500231e+03	   1.7010870e-04	
   9.5599928e+03	   1.7011510e-04	
   9.5699921e+03	   1.7008900e-04	
   9.5800200e+03	   1.7006200e-04	
   9.5899897e+03	   1.7004590e-04	
   9.6000175e+03	   1.7004050e-04	
   9.6099873e+03	   1.7003010e-04	
   9.6200151e+03	   1.6999540e-04	
   9.6300144e+03	   1.6995690e-04	
   9.6400423e+03	   1.6992340e-04	
   9.6500120e+03	   1.6983390e-04	
   9.6600399e+03	   1.6972640e-04	
   9.6700096e+03	   1.6963310e-04	
   9.6800375e+03	   1.6947630e-04	
   9.6900072e+03	   1.6928870e-04	
   9.7000351e+03	   1.6904460e-04	
   9.7100048e+03	   1.6872650e-04	
   9.7200031e+03	   1.6830800e-04	
   9.7300310e+03	   1.6774940e-04	
   9.7400007e+03	   1.6700190e-04	
   9.7500296e+03	   1.6599680e-04	
   9.7599993e+03	   1.6468790e-04	
   9.7700272e+03	   1.6296860e-04	
   9.7799969e+03	   1.6083950e-04	
   9.7900248e+03	   1.5820150e-04	
   9.7999945e+03	   1.5501610e-04	
   9.8100224e+03	   1.5116820e-04	
   9.8199921e+03	   1.4659460e-04	
   9.8299904e+03	   1.4134170e-04	
   9.8400183e+03	   1.3528460e-04	
   9.8499880e+03	   1.2862460e-04	
   9.8599577e+03	   1.2122610e-04	
   9.8700151e+03	   1.1328710e-04	
   9.8800144e+03	   1.0493500e-04	
   9.8900127e+03	   9.6235420e-05	
   9.9000406e+03	   8.7099540e-05	
   9.9100103e+03	   7.8202680e-05	
   9.9200382e+03	   6.9677580e-05	
   9.9300375e+03	   6.1398830e-05	
   9.9400072e+03	   5.3661980e-05	
   9.9500351e+03	   4.6437170e-05	
   9.9600048e+03	   3.9564470e-05	
   9.9700031e+03	   3.3601750e-05	
   9.9800310e+03	   2.7933040e-05	
   9.9900303e+03	   2.3009100e-05	
   1.0000000e+04	   1.8586870e-05	
   1.0010028e+04	   1.4964210e-05	
   1.0019998e+04	   1.1843170e-05	
   1.0030025e+04	   9.3475730e-06	
   1.0040025e+04	   7.3978350e-06	
   1.0050023e+04	   5.9272420e-06	
   1.0060022e+04	   4.7076570e-06	
   1.0069992e+04	   3.8246370e-06	
   1.0080020e+04	   3.0575280e-06	
   1.0089990e+04	   2.6002010e-06	
   1.0099988e+04	   2.1841010e-06	
   1.0110016e+04	   1.8728450e-06	
   1.0119986e+04	   1.6586140e-06	
   1.0130043e+04	   1.5214560e-06	
   1.0140013e+04	   1.4226750e-06	
   1.0150041e+04	   1.3619240e-06	
   1.0160010e+04	   1.3124740e-06	
   1.0170038e+04	   1.2580570e-06	
   1.0180008e+04	   1.2154280e-06	
   1.0190036e+04	   1.1765300e-06	
   1.0200006e+04	   1.1415430e-06	
   1.0210033e+04	   1.1166880e-06	
   1.0220003e+04	   1.0992500e-06	
   1.0230031e+04	   1.0843470e-06	
   1.0240001e+04	   1.0733210e-06	
   1.0250000e+04	   1.0666420e-06	
   1.0260028e+04	   1.0614000e-06	
   1.0270027e+04	   1.0574630e-06	
   1.0279997e+04	   1.0501210e-06	
   1.0290025e+04	   1.0454190e-06	
   1.0300023e+04	   1.0385760e-06	
   1.0310022e+04	   1.0361640e-06	
   1.0320021e+04	   1.0310810e-06	
   1.0329990e+04	   1.0247850e-06	
   1.0340018e+04	   1.0221870e-06	
   1.0349988e+04	   1.0185340e-06	
   1.0359987e+04	   1.0118650e-06	
   1.0370015e+04	   1.0064380e-06	
   1.0380014e+04	   1.0028030e-06	
   1.0390042e+04	   1.0001910e-06	
   1.0400012e+04	   9.9805310e-07	
   1.0410010e+04	   9.9409360e-07	
   1.0420038e+04	   9.8929920e-07	
   1.0430008e+04	   9.8365590e-07	
   1.0440036e+04	   9.7588830e-07	
   1.0450006e+04	   9.6930750e-07	
   1.0460033e+04	   9.6334130e-07	
   1.0470003e+04	   9.5913770e-07	
   1.0480031e+04	   9.5560380e-07	
   1.0490030e+04	   9.5235160e-07	
   1.0500000e+04	   9.4791580e-07	
