   9.2000055e+03	   1.5702460e-05	
   9.2100048e+03	   1.5687990e-05	
   9.2200327e+03	   1.5689410e-05	
   9.2300024e+03	   1.5695530e-05	
   9.2400303e+03	   1.5694610e-05	
   9.2500000e+03	   1.5694470e-05	
   9.2600279e+03	   1.5696980e-05	
   9.2699976e+03	   1.5692020e-05	
   9.2799969e+03	   1.5692880e-05	
   9.2900248e+03	   1.5693090e-05	
   9.3000231e+03	   1.5692620e-05	
   9.3099928e+03	   1.5693480e-05	
   9.3200207e+03	   1.5690900e-05	
   9.3300200e+03	   1.5687270e-05	
   9.3399897e+03	   1.5683520e-05	
   9.3500175e+03	   1.5685760e-05	
   9.3599873e+03	   1.5684590e-05	
   9.3700151e+03	   1.5684500e-05	
   9.3800430e+03	   1.5682740e-05	
   9.3900127e+03	   1.5683620e-05	
   9.4000406e+03	   1.5686280e-05	
   9.4100399e+03	   1.5686550e-05	
   9.4200096e+03	   1.5681320e-05	
   9.4300375e+03	   1.5681950e-05	
   9.4400358e+03	   1.5682740e-05	
   9.4500351e+03	   1.5681900e-05	
   9.4600048e+03	   1.5681100e-05	
   9.4700327e+03	   1.5678240e-05	
   9.4800310e+03	   1.5672980e-05	
   9.4900007e+03	   1.5677200e-05	
   9.5000000e+03	   1.5675010e-05	
   9.5100279e+03	   1.5665550e-05	
   9.5199976e+03	   1.5679970e-05	
   9.5300255e+03	   1.5674410e-05	
   9.5399952e+03	   1.5672670e-05	
   9.5500231e+03	   1.5669310e-05	
   9.5599928e+03	   1.5656940e-05	
   9.5700207e+03	   1.5660490e-05	
   9.5800200e+03	   1.5658110e-05	
   9.5899897e+03	   1.5662160e-05	
   9.6000175e+03	   1.5658110e-05	
   9.6099873e+03	   1.5656750e-05	
   9.6200151e+03	   1.5656330e-05	
   9.6300144e+03	   1.5647680e-05	
   9.6400423e+03	   1.5640180e-05	
   9.6500120e+03	   1.5639760e-05	
   9.6600399e+03	   1.5628290e-05	
   9.6700096e+03	   1.5617220e-05	
   9.6800375e+03	   1.5606080e-05	
   9.6900072e+03	   1.5591560e-05	
   9.7000351e+03	   1.5567640e-05	
   9.7100334e+03	   1.5536510e-05	
   9.7200031e+03	   1.5492010e-05	
   9.7300024e+03	   1.5430660e-05	
   9.7400303e+03	   1.5366070e-05	
   9.7500000e+03	   1.5275120e-05	
   9.7599993e+03	   1.5156530e-05	
   9.7700272e+03	   1.4995410e-05	
   9.7799969e+03	   1.4802030e-05	
   9.7900248e+03	   1.4557280e-05	
   9.7999945e+03	   1.4273110e-05	
   9.8100224e+03	   1.3934120e-05	
   9.8199921e+03	   1.3543060e-05	
   9.8300200e+03	   1.3083800e-05	
   9.8399897e+03	   1.2550520e-05	
   9.8499880e+03	   1.1947680e-05	
   9.8599873e+03	   1.1275920e-05	
   9.8700447e+03	   1.0538240e-05	
   9.8800144e+03	   9.7398600e-06	
   9.8900127e+03	   8.9082150e-06	
   9.9000406e+03	   8.0561960e-06	
   9.9100399e+03	   7.2287420e-06	
   9.9200096e+03	   6.4183030e-06	
   9.9300375e+03	   5.6428650e-06	
   9.9400072e+03	   4.9380930e-06	
   9.9500351e+03	   4.3064610e-06	
   9.9600048e+03	   3.7336520e-06	
   9.9700327e+03	   3.2109390e-06	
   9.9800024e+03	   2.7442350e-06	
   9.9900303e+03	   2.3208750e-06	
   1.0000000e+04	   1.9766080e-06	
   1.0010028e+04	   1.6764050e-06	
   1.0019998e+04	   1.4217670e-06	
   1.0030025e+04	   1.2105910e-06	
   1.0040025e+04	   1.0675400e-06	
   1.0049994e+04	   9.3654290e-07	
   1.0060022e+04	   8.4808110e-07	
   1.0069992e+04	   7.8154940e-07	
   1.0080020e+04	   7.0347980e-07	
   1.0089990e+04	   6.5012030e-07	
   1.0099988e+04	   6.1147010e-07	
   1.0110016e+04	   5.7503790e-07	
   1.0119986e+04	   5.4631490e-07	
   1.0130043e+04	   5.2247030e-07	
   1.0140013e+04	   5.0289950e-07	
   1.0150041e+04	   4.8872550e-07	
   1.0160010e+04	   4.7843830e-07	
   1.0170038e+04	   4.7023860e-07	
   1.0180008e+04	   4.6349480e-07	
   1.0190036e+04	   4.5661780e-07	
   1.0200006e+04	   4.4955040e-07	
   1.0210033e+04	   4.4380970e-07	
   1.0220003e+04	   4.3877620e-07	
   1.0230031e+04	   4.3332470e-07	
   1.0240001e+04	   4.2889140e-07	
   1.0250030e+04	   4.2420320e-07	
   1.0259999e+04	   4.2105650e-07	
   1.0270027e+04	   4.1911230e-07	
   1.0279997e+04	   4.1623990e-07	
   1.0290025e+04	   4.1435550e-07	
   1.0300023e+04	   4.1247270e-07	
   1.0309993e+04	   4.0971160e-07	
   1.0320021e+04	   4.0819210e-07	
   1.0329990e+04	   4.0689240e-07	
   1.0340018e+04	   4.0460930e-07	
   1.0349988e+04	   4.0285860e-07	
   1.0359987e+04	   3.9992450e-07	
   1.0370015e+04	   3.9719080e-07	
   1.0380014e+04	   3.9519970e-07	
   1.0390042e+04	   3.9385780e-07	
   1.0400012e+04	   3.9269690e-07	
   1.0410040e+04	   3.9169350e-07	
   1.0420010e+04	   3.9012940e-07	
   1.0430008e+04	   3.8781230e-07	
   1.0440036e+04	   3.8545040e-07	
   1.0450006e+04	   3.8254150e-07	
   1.0460033e+04	   3.8006330e-07	
   1.0470003e+04	   3.7811510e-07	
   1.0480031e+04	   3.7658660e-07	
   1.0490001e+04	   3.7483250e-07	
   1.0500030e+04	   3.7347650e-07	
