   9.2000055e+03	   3.3193140e-06	
   9.2100048e+03	   3.3184270e-06	
   9.2200327e+03	   3.3178800e-06	
   9.2300310e+03	   3.3166630e-06	
   9.2400007e+03	   3.3157480e-06	
   9.2500296e+03	   3.3146020e-06	
   9.2599993e+03	   3.3121820e-06	
   9.2700272e+03	   3.3110480e-06	
   9.2799969e+03	   3.3099420e-06	
   9.2900248e+03	   3.3072540e-06	
   9.3000231e+03	   3.3068840e-06	
   9.3099928e+03	   3.3055020e-06	
   9.3200207e+03	   3.3040310e-06	
   9.3300200e+03	   3.3029730e-06	
   9.3399897e+03	   3.3015820e-06	
   9.3500175e+03	   3.2994470e-06	
   9.3599873e+03	   3.2988940e-06	
   9.3700151e+03	   3.2970470e-06	
   9.3800430e+03	   3.2964660e-06	
   9.3900127e+03	   3.2942410e-06	
   9.4000406e+03	   3.2928250e-06	
   9.4100103e+03	   3.2909140e-06	
   9.4200382e+03	   3.2910330e-06	
   9.4300079e+03	   3.2890670e-06	
   9.4400358e+03	   3.2875330e-06	
   9.4500351e+03	   3.2861640e-06	
   9.4600334e+03	   3.2848080e-06	
   9.4700031e+03	   3.2834590e-06	
   9.4800310e+03	   3.2824360e-06	
   9.4900303e+03	   3.2814970e-06	
   9.5000000e+03	   3.2794770e-06	
   9.5100279e+03	   3.2780140e-06	
   9.5199976e+03	   3.2766690e-06	
   9.5300255e+03	   3.2750680e-06	
   9.5399952e+03	   3.2736970e-06	
   9.5500231e+03	   3.2721700e-06	
   9.5599928e+03	   3.2707810e-06	
   9.5699921e+03	   3.2694730e-06	
   9.5800200e+03	   3.2671980e-06	
   9.5899897e+03	   3.2651600e-06	
   9.6000175e+03	   3.2638590e-06	
   9.6099873e+03	   3.2624220e-06	
   9.6200151e+03	   3.2603700e-06	
   9.6300144e+03	   3.2580330e-06	
   9.6400423e+03	   3.2557960e-06	
   9.6500120e+03	   3.2532260e-06	
   9.6600399e+03	   3.2505060e-06	
   9.6700096e+03	   3.2475530e-06	
   9.6800375e+03	   3.2442360e-06	
   9.6900072e+03	   3.2402930e-06	
   9.7000351e+03	   3.2348670e-06	
   9.7100334e+03	   3.2291120e-06	
   9.7200031e+03	   3.2219150e-06	
   9.7300024e+03	   3.2134370e-06	
   9.7400303e+03	   3.2033530e-06	
   9.7500000e+03	   3.1907670e-06	
   9.7599993e+03	   3.1750520e-06	
   9.7700272e+03	   3.1552370e-06	
   9.7799969e+03	   3.1311990e-06	
   9.7900248e+03	   3.1009650e-06	
   9.7999945e+03	   3.0653850e-06	
   9.8099928e+03	   3.0223440e-06	
   9.8200207e+03	   2.9687280e-06	
   9.8299904e+03	   2.9062530e-06	
   9.8400183e+03	   2.8303250e-06	
   9.8499880e+03	   2.7438090e-06	
   9.8599873e+03	   2.6433430e-06	
   9.8700151e+03	   2.5324820e-06	
   9.8800144e+03	   2.4133280e-06	
   9.8900127e+03	   2.2839720e-06	
   9.9000120e+03	   2.1482530e-06	
   9.9100399e+03	   2.0060650e-06	
   9.9200096e+03	   1.8613710e-06	
   9.9300079e+03	   1.7158570e-06	
   9.9400072e+03	   1.5710050e-06	
   9.9500351e+03	   1.4305300e-06	
   9.9600048e+03	   1.3026340e-06	
   9.9700327e+03	   1.1831020e-06	
   9.9800024e+03	   1.0677640e-06	
   9.9900303e+03	   9.5023150e-07	
   1.0000000e+04	   8.4586350e-07	
   1.0010028e+04	   7.5596370e-07	
   1.0019998e+04	   6.7576800e-07	
   1.0030025e+04	   6.0709830e-07	
   1.0039995e+04	   5.5098490e-07	
   1.0050023e+04	   5.0251550e-07	
   1.0059993e+04	   4.6477330e-07	
   1.0070021e+04	   4.3336090e-07	
   1.0079990e+04	   4.0637250e-07	
   1.0090018e+04	   3.8317910e-07	
   1.0099988e+04	   3.6365710e-07	
   1.0110016e+04	   3.4668570e-07	
   1.0119986e+04	   3.3169450e-07	
   1.0130043e+04	   3.2025970e-07	
   1.0140013e+04	   3.1034300e-07	
   1.0150041e+04	   3.0092050e-07	
   1.0160010e+04	   2.9352010e-07	
   1.0170038e+04	   2.8752260e-07	
   1.0180008e+04	   2.8201530e-07	
   1.0190036e+04	   2.7755440e-07	
   1.0200006e+04	   2.7324780e-07	
   1.0210033e+04	   2.7014050e-07	
   1.0220003e+04	   2.6723930e-07	
   1.0230031e+04	   2.6504040e-07	
   1.0240001e+04	   2.6226180e-07	
   1.0250000e+04	   2.5948400e-07	
   1.0260028e+04	   2.5695010e-07	
   1.0269998e+04	   2.5501790e-07	
   1.0280025e+04	   2.5375040e-07	
   1.0289995e+04	   2.5285920e-07	
   1.0300023e+04	   2.5144590e-07	
   1.0309993e+04	   2.5047220e-07	
   1.0320021e+04	   2.4882540e-07	
   1.0329990e+04	   2.4731890e-07	
   1.0340018e+04	   2.4610310e-07	
   1.0349988e+04	   2.4474830e-07	
   1.0359987e+04	   2.4336280e-07	
   1.0370015e+04	   2.4195750e-07	
   1.0380014e+04	   2.4036260e-07	
   1.0390042e+04	   2.3880130e-07	
   1.0400012e+04	   2.3776270e-07	
   1.0410040e+04	   2.3676490e-07	
   1.0420038e+04	   2.3621480e-07	
   1.0430008e+04	   2.3550070e-07	
   1.0440036e+04	   2.3414590e-07	
   1.0450006e+04	   2.3283630e-07	
   1.0460033e+04	   2.3117600e-07	
   1.0470003e+04	   2.2955270e-07	
   1.0480031e+04	   2.2822590e-07	
   1.0490001e+04	   2.2702640e-07	
   1.0500030e+04	   2.2589520e-07	
