   6.5000291e+03	   2.9350090e-04	
   6.5500526e+03	   2.5297440e-04	
   6.6000175e+03	   2.5295920e-04	
   6.6500702e+03	   2.5278980e-04	
   6.7000642e+03	   2.5251630e-04	
   6.7500582e+03	   2.5217940e-04	
   6.8000236e+03	   2.5188980e-04	
   6.8500175e+03	   2.5135730e-04	
   6.9000406e+03	   2.5087140e-04	
   6.9500642e+03	   2.5022000e-04	
   7.0000291e+03	   2.4944560e-04	
   7.0500236e+03	   2.4848040e-04	
   7.1000175e+03	   2.4733420e-04	
   7.1500702e+03	   2.4592210e-04	
   7.2000351e+03	   2.4414270e-04	
   7.2500582e+03	   2.4225950e-04	
   7.3000526e+03	   2.3973990e-04	
   7.3500466e+03	   2.3676150e-04	
   7.4000406e+03	   2.3309120e-04	
   7.4500642e+03	   2.2917610e-04	
   7.5000582e+03	   2.2458000e-04	
   7.5500236e+03	   2.1956240e-04	
   7.6000466e+03	   2.1382400e-04	
   7.6500406e+03	   2.0762830e-04	
   7.7000642e+03	   2.0058210e-04	
   7.7500291e+03	   1.9321190e-04	
   7.8000236e+03	   1.8505480e-04	
   7.8500175e+03	   1.7623980e-04	
   7.9000702e+03	   1.6691920e-04	
   7.9500642e+03	   1.5694530e-04	
   8.0000296e+03	   1.4701500e-04	
   8.0500526e+03	   1.3690500e-04	
   8.1000471e+03	   1.2673160e-04	
   8.1500702e+03	   1.1588650e-04	
   8.2000637e+03	   1.0537670e-04	
   8.2500582e+03	   9.5049360e-05	
   8.3000526e+03	   8.5155420e-05	
   8.3500471e+03	   7.5828750e-05	
   8.4000702e+03	   6.6841950e-05	
   8.4500637e+03	   5.8874990e-05	
   8.5000582e+03	   5.0539080e-05	
   8.5500231e+03	   4.3640800e-05	
   8.6000175e+03	   3.7575960e-05	
   8.6500702e+03	   3.2125580e-05	
   8.7000351e+03	   2.7100590e-05	
   8.7500296e+03	   2.2856020e-05	
   8.8000231e+03	   1.9033450e-05	
   8.8500175e+03	   1.5765110e-05	
   8.9000702e+03	   1.2998010e-05	
   8.9500637e+03	   1.0725920e-05	
   9.0000582e+03	   8.8115380e-06	
   9.0500526e+03	   7.1866340e-06	
   9.1000471e+03	   5.7886240e-06	
   9.1500702e+03	   4.7097770e-06	
   9.2000637e+03	   3.8649150e-06	
   9.2500582e+03	   3.1464160e-06	
   9.3000526e+03	   2.5210660e-06	
   9.3500471e+03	   2.0458910e-06	
   9.4000406e+03	   1.6664370e-06	
   9.4500351e+03	   1.3717170e-06	
   9.5000582e+03	   1.1271890e-06	
