   8.0000296e+03	   3.0411310e-04	
   8.0099993e+03	   2.6376520e-04	
   8.0200272e+03	   2.6376770e-04	
   8.0300255e+03	   2.6375320e-04	
   8.0399952e+03	   2.6371370e-04	
   8.0500231e+03	   2.6372920e-04	
   8.0600224e+03	   2.6370710e-04	
   8.0700207e+03	   2.6370620e-04	
   8.0800200e+03	   2.6371140e-04	
   8.0900183e+03	   2.6370670e-04	
   8.1000175e+03	   2.6369370e-04	
   8.1100159e+03	   2.6371160e-04	
   8.1200151e+03	   2.6369870e-04	
   8.1300144e+03	   2.6370850e-04	
   8.1400423e+03	   2.6366990e-04	
   8.1500406e+03	   2.6368230e-04	
   8.1600399e+03	   2.6365920e-04	
   8.1700096e+03	   2.6364970e-04	
   8.1800661e+03	   2.6363820e-04	
   8.1900072e+03	   2.6363630e-04	
   8.2000351e+03	   2.6364470e-04	
   8.2100334e+03	   2.6361640e-04	
   8.2200327e+03	   2.6361730e-04	
   8.2300310e+03	   2.6359120e-04	
   8.2400303e+03	   2.6359560e-04	
   8.2500296e+03	   2.6358660e-04	
   8.2600279e+03	   2.6359180e-04	
   8.2700272e+03	   2.6357250e-04	
   8.2800255e+03	   2.6357040e-04	
   8.2899952e+03	   2.6355710e-04	
   8.3000231e+03	   2.6355480e-04	
   8.3100224e+03	   2.6355780e-04	
   8.3200207e+03	   2.6352940e-04	
   8.3300200e+03	   2.6352560e-04	
   8.3399897e+03	   2.6351660e-04	
   8.3500175e+03	   2.6349840e-04	
   8.3600159e+03	   2.6348920e-04	
   8.3700151e+03	   2.6348090e-04	
   8.3800430e+03	   2.6344870e-04	
   8.3900423e+03	   2.6343120e-04	
   8.4000120e+03	   2.6339080e-04	
   8.4100399e+03	   2.6336160e-04	
   8.4200382e+03	   2.6332520e-04	
   8.4300079e+03	   2.6325990e-04	
   8.4400358e+03	   2.6318920e-04	
   8.4500351e+03	   2.6308950e-04	
   8.4600334e+03	   2.6298850e-04	
   8.4700327e+03	   2.6283430e-04	
   8.4800310e+03	   2.6263580e-04	
   8.4900303e+03	   2.6238230e-04	
   8.5000000e+03	   2.6211430e-04	
   8.5100279e+03	   2.6175160e-04	
   8.5200272e+03	   2.6134990e-04	
   8.5299969e+03	   2.6086180e-04	
   8.5400248e+03	   2.6028410e-04	
   8.5499945e+03	   2.5961370e-04	
   8.5600224e+03	   2.5880130e-04	
   8.5700207e+03	   2.5777990e-04	
   8.5799904e+03	   2.5655110e-04	
   8.5900183e+03	   2.5507440e-04	
   8.5999880e+03	   2.5333110e-04	
   8.6100159e+03	   2.5119760e-04	
   8.6199856e+03	   2.4868250e-04	
   8.6300144e+03	   2.4566600e-04	
   8.6400423e+03	   2.4222990e-04	
   8.6500406e+03	   2.3836750e-04	
   8.6600103e+03	   2.3394190e-04	
   8.6700382e+03	   2.2901930e-04	
   8.6800375e+03	   2.2341220e-04	
   8.6900072e+03	   2.1720630e-04	
   8.7000351e+03	   2.1057320e-04	
   8.7100334e+03	   2.0354690e-04	
   8.7200031e+03	   1.9604360e-04	
   8.7300310e+03	   1.8801960e-04	
   8.7400303e+03	   1.7974550e-04	
   8.7500296e+03	   1.7091820e-04	
   8.7599993e+03	   1.6170540e-04	
   8.7700272e+03	   1.5239280e-04	
   8.7799969e+03	   1.4280890e-04	
   8.7900248e+03	   1.3337790e-04	
   8.8000231e+03	   1.2365150e-04	
   8.8100224e+03	   1.1425860e-04	
   8.8199921e+03	   1.0481880e-04	
   8.8300200e+03	   9.5722130e-05	
   8.8399897e+03	   8.6759490e-05	
   8.8500175e+03	   7.7886220e-05	
   8.8600159e+03	   6.9709360e-05	
   8.8699856e+03	   6.1771000e-05	
   8.8800430e+03	   5.4504330e-05	
   8.8900423e+03	   4.7837200e-05	
   8.9000120e+03	   4.1688150e-05	
   8.9100399e+03	   3.6021830e-05	
   8.9200382e+03	   3.1039120e-05	
   8.9300079e+03	   2.6550560e-05	
   8.9400358e+03	   2.2550680e-05	
   8.9500351e+03	   1.9119820e-05	
   8.9600048e+03	   1.6168320e-05	
   8.9700327e+03	   1.3616220e-05	
   8.9800310e+03	   1.1554430e-05	
   8.9900303e+03	   9.7569040e-06	
   9.0000296e+03	   8.2359150e-06	
   9.0100279e+03	   6.9605120e-06	
   9.0200272e+03	   5.9291500e-06	
   9.0300255e+03	   5.0307330e-06	
   9.0400248e+03	   4.3358460e-06	
   9.0499945e+03	   3.7647230e-06	
   9.0600224e+03	   3.3266970e-06	
   9.0700207e+03	   2.9494310e-06	
   9.0799904e+03	   2.6921950e-06	
   9.0900183e+03	   2.4893320e-06	
   9.1000175e+03	   2.3328050e-06	
   9.1099873e+03	   2.2169180e-06	
   9.1200447e+03	   2.1345230e-06	
   9.1300144e+03	   2.0622980e-06	
   9.1400423e+03	   2.0055180e-06	
   9.1500406e+03	   1.9304040e-06	
   9.1600103e+03	   1.8771390e-06	
   9.1700382e+03	   1.8222470e-06	
   9.1800375e+03	   1.7642230e-06	
   9.1900358e+03	   1.7025420e-06	
   9.2000055e+03	   1.6489690e-06	
   9.2100334e+03	   1.5854670e-06	
   9.2200031e+03	   1.5271590e-06	
   9.2300310e+03	   1.4660110e-06	
   9.2400303e+03	   1.4111330e-06	
   9.2500296e+03	   1.3588270e-06	
   9.2600279e+03	   1.2971260e-06	
   9.2699976e+03	   1.2378150e-06	
   9.2800255e+03	   1.1764560e-06	
   9.2899952e+03	   1.1266600e-06	
   9.3000231e+03	   1.0776030e-06	
   9.3100224e+03	   1.0345470e-06	
   9.3199921e+03	   9.9744780e-07	
   9.3300200e+03	   9.6529730e-07	
   9.3400183e+03	   9.3240530e-07	
   9.3500175e+03	   9.0610310e-07	
   9.3600159e+03	   8.7825050e-07	
   9.3699856e+03	   8.5494450e-07	
   9.3800430e+03	   8.3859400e-07	
   9.3900423e+03	   8.3091620e-07	
   9.4000120e+03	   8.2843140e-07	
   9.4100399e+03	   8.1722600e-07	
   9.4200096e+03	   8.1309330e-07	
   9.4300375e+03	   8.0560530e-07	
   9.4400358e+03	   7.9950590e-07	
   9.4500055e+03	   7.9653510e-07	
   9.4600334e+03	   7.9098460e-07	
   9.4700031e+03	   7.8427760e-07	
   9.4800310e+03	   7.8143180e-07	
   9.4900007e+03	   7.7483990e-07	
   9.5000296e+03	   7.6896660e-07	
