   8.0000296e+03	   3.1064170e-04	
   8.0099993e+03	   2.7017060e-04	
   8.0200272e+03	   2.7019710e-04	
   8.0300255e+03	   2.7019750e-04	
   8.0400248e+03	   2.7019810e-04	
   8.0499945e+03	   2.7022810e-04	
   8.0600510e+03	   2.7022730e-04	
   8.0699921e+03	   2.7024940e-04	
   8.0800200e+03	   2.7024560e-04	
   8.0900183e+03	   2.7028030e-04	
   8.1000175e+03	   2.7028100e-04	
   8.1100159e+03	   2.7029540e-04	
   8.1200151e+03	   2.7029510e-04	
   8.1300430e+03	   2.7031900e-04	
   8.1400423e+03	   2.7030230e-04	
   8.1500406e+03	   2.7032990e-04	
   8.1600399e+03	   2.7034420e-04	
   8.1700382e+03	   2.7037110e-04	
   8.1800375e+03	   2.7036770e-04	
   8.1900358e+03	   2.7038100e-04	
   8.2000351e+03	   2.7039940e-04	
   8.2100334e+03	   2.7043090e-04	
   8.2200327e+03	   2.7044140e-04	
   8.2300310e+03	   2.7048160e-04	
   8.2400303e+03	   2.7048120e-04	
   8.2500296e+03	   2.7052150e-04	
   8.2600279e+03	   2.7052460e-04	
   8.2700272e+03	   2.7054300e-04	
   8.2800255e+03	   2.7057160e-04	
   8.2900248e+03	   2.7060250e-04	
   8.3000231e+03	   2.7062310e-04	
   8.3100224e+03	   2.7064820e-04	
   8.3200207e+03	   2.7067920e-04	
   8.3300200e+03	   2.7068010e-04	
   8.3400183e+03	   2.7070780e-04	
   8.3500175e+03	   2.7071350e-04	
   8.3600159e+03	   2.7073660e-04	
   8.3700151e+03	   2.7075080e-04	
   8.3800430e+03	   2.7076460e-04	
   8.3900423e+03	   2.7076480e-04	
   8.4000120e+03	   2.7076490e-04	
   8.4100399e+03	   2.7075460e-04	
   8.4200382e+03	   2.7074980e-04	
   8.4300375e+03	   2.7069550e-04	
   8.4400358e+03	   2.7067760e-04	
   8.4500351e+03	   2.7060200e-04	
   8.4600334e+03	   2.7052980e-04	
   8.4700327e+03	   2.7041610e-04	
   8.4800310e+03	   2.7023360e-04	
   8.4900303e+03	   2.7000950e-04	
   8.5000296e+03	   2.6976860e-04	
   8.5100279e+03	   2.6945830e-04	
   8.5200272e+03	   2.6907230e-04	
   8.5299969e+03	   2.6861920e-04	
   8.5400248e+03	   2.6810350e-04	
   8.5500231e+03	   2.6746840e-04	
   8.5600224e+03	   2.6666700e-04	
   8.5700207e+03	   2.6571330e-04	
   8.5800200e+03	   2.6449530e-04	
   8.5900183e+03	   2.6304180e-04	
   8.6000175e+03	   2.6129950e-04	
   8.6100159e+03	   2.5916570e-04	
   8.6199856e+03	   2.5672740e-04	
   8.6300144e+03	   2.5380460e-04	
   8.6400423e+03	   2.5031490e-04	
   8.6500406e+03	   2.4644670e-04	
   8.6600103e+03	   2.4197910e-04	
   8.6700382e+03	   2.3697230e-04	
   8.6800375e+03	   2.3131060e-04	
   8.6900072e+03	   2.2499200e-04	
   8.7000351e+03	   2.1821690e-04	
   8.7100334e+03	   2.1114450e-04	
   8.7200031e+03	   2.0352010e-04	
   8.7300310e+03	   1.9539620e-04	
   8.7400007e+03	   1.8687690e-04	
   8.7500296e+03	   1.7771070e-04	
   8.7599993e+03	   1.6816760e-04	
   8.7700272e+03	   1.5854170e-04	
   8.7799969e+03	   1.4861840e-04	
   8.7900248e+03	   1.3877720e-04	
   8.8000231e+03	   1.2850340e-04	
   8.8099928e+03	   1.1864050e-04	
   8.8200207e+03	   1.0879880e-04	
   8.8299904e+03	   9.9297570e-05	
   8.8400183e+03	   8.9934150e-05	
   8.8499880e+03	   8.0565750e-05	
   8.8600159e+03	   7.1839790e-05	
   8.8700151e+03	   6.3605760e-05	
   8.8800430e+03	   5.5999740e-05	
   8.8900127e+03	   4.9037190e-05	
   8.9000406e+03	   4.2591200e-05	
   8.9100399e+03	   3.6825610e-05	
   8.9200096e+03	   3.1660420e-05	
   8.9300375e+03	   2.7160690e-05	
   8.9400072e+03	   2.3269710e-05	
   8.9500351e+03	   1.9742430e-05	
   8.9600048e+03	   1.6739170e-05	
   8.9700327e+03	   1.4121270e-05	
   8.9800310e+03	   1.1924680e-05	
   8.9900303e+03	   1.0057710e-05	
   9.0000296e+03	   8.4670630e-06	
   9.0100279e+03	   7.1752350e-06	
   9.0200272e+03	   6.0949630e-06	
   9.0299969e+03	   5.1822320e-06	
   9.0400248e+03	   4.4502060e-06	
   9.0499945e+03	   3.8593430e-06	
   9.0600224e+03	   3.3311940e-06	
   9.0700207e+03	   2.9683910e-06	
   9.0799904e+03	   2.7014380e-06	
   9.0900478e+03	   2.4901680e-06	
   9.0999880e+03	   2.3343410e-06	
   9.1100159e+03	   2.2214300e-06	
   9.1200151e+03	   2.1447970e-06	
   9.1300144e+03	   2.0437730e-06	
   9.1400127e+03	   1.9718200e-06	
   9.1500702e+03	   1.8996790e-06	
   9.1600103e+03	   1.8531770e-06	
   9.1700382e+03	   1.7974890e-06	
   9.1800375e+03	   1.7397970e-06	
   9.1900358e+03	   1.6743770e-06	
   9.2000055e+03	   1.6100750e-06	
   9.2100630e+03	   1.5486340e-06	
   9.2200031e+03	   1.4926840e-06	
   9.2300310e+03	   1.4283710e-06	
   9.2400303e+03	   1.3658910e-06	
   9.2500296e+03	   1.3090590e-06	
   9.2600279e+03	   1.2460280e-06	
   9.2700272e+03	   1.1863410e-06	
   9.2799969e+03	   1.1254980e-06	
   9.2900248e+03	   1.0727490e-06	
   9.3000231e+03	   1.0230390e-06	
   9.3100224e+03	   9.8065420e-07	
   9.3200207e+03	   9.4280830e-07	
   9.3300200e+03	   9.1197190e-07	
   9.3399897e+03	   8.8004260e-07	
   9.3500175e+03	   8.5236760e-07	
   9.3600159e+03	   8.2766790e-07	
   9.3700151e+03	   8.1065270e-07	
   9.3800430e+03	   7.9710770e-07	
   9.3900423e+03	   7.8838240e-07	
   9.4000406e+03	   7.8580760e-07	
   9.4100399e+03	   7.7723460e-07	
   9.4200382e+03	   7.7067310e-07	
   9.4300375e+03	   7.6816220e-07	
   9.4400358e+03	   7.5905980e-07	
   9.4500055e+03	   7.5588970e-07	
   9.4600334e+03	   7.5197230e-07	
   9.4700031e+03	   7.4622980e-07	
   9.4800310e+03	   7.4129180e-07	
   9.4900303e+03	   7.3582440e-07	
   9.5000000e+03	   7.3019980e-07	
