   8.0000296e+03	   3.1715380e-04	
   8.0100279e+03	   2.7612240e-04	
   8.0200272e+03	   2.7609520e-04	
   8.0300255e+03	   2.7607750e-04	
   8.0400248e+03	   2.7605790e-04	
   8.0500231e+03	   2.7604140e-04	
   8.0600224e+03	   2.7601870e-04	
   8.0700207e+03	   2.7597530e-04	
   8.0800200e+03	   2.7595520e-04	
   8.0900183e+03	   2.7594150e-04	
   8.1000175e+03	   2.7591990e-04	
   8.1100159e+03	   2.7591210e-04	
   8.1200151e+03	   2.7588790e-04	
   8.1300144e+03	   2.7586060e-04	
   8.1400423e+03	   2.7584520e-04	
   8.1500406e+03	   2.7582500e-04	
   8.1600399e+03	   2.7580770e-04	
   8.1700096e+03	   2.7578340e-04	
   8.1800375e+03	   2.7576200e-04	
   8.1900072e+03	   2.7575980e-04	
   8.2000351e+03	   2.7574620e-04	
   8.2100048e+03	   2.7572940e-04	
   8.2200327e+03	   2.7570660e-04	
   8.2300310e+03	   2.7569020e-04	
   8.2400303e+03	   2.7567070e-04	
   8.2500296e+03	   2.7567040e-04	
   8.2600279e+03	   2.7565050e-04	
   8.2700272e+03	   2.7563480e-04	
   8.2800255e+03	   2.7562660e-04	
   8.2900248e+03	   2.7560880e-04	
   8.3000231e+03	   2.7560130e-04	
   8.3100224e+03	   2.7558750e-04	
   8.3200207e+03	   2.7558180e-04	
   8.3300200e+03	   2.7555780e-04	
   8.3400183e+03	   2.7554190e-04	
   8.3500175e+03	   2.7552890e-04	
   8.3600159e+03	   2.7552010e-04	
   8.3700151e+03	   2.7550500e-04	
   8.3800430e+03	   2.7549480e-04	
   8.3900423e+03	   2.7545950e-04	
   8.4000120e+03	   2.7544900e-04	
   8.4100399e+03	   2.7541030e-04	
   8.4200096e+03	   2.7538870e-04	
   8.4300375e+03	   2.7537700e-04	
   8.4400358e+03	   2.7534800e-04	
   8.4500351e+03	   2.7530670e-04	
   8.4600334e+03	   2.7523910e-04	
   8.4700327e+03	   2.7517800e-04	
   8.4800310e+03	   2.7508700e-04	
   8.4900303e+03	   2.7500240e-04	
   8.5000296e+03	   2.7490700e-04	
   8.5099993e+03	   2.7478470e-04	
   8.5200558e+03	   2.7462050e-04	
   8.5299969e+03	   2.7446460e-04	
   8.5400248e+03	   2.7426440e-04	
   8.5499945e+03	   2.7401020e-04	
   8.5600224e+03	   2.7369540e-04	
   8.5700207e+03	   2.7331870e-04	
   8.5799904e+03	   2.7285100e-04	
   8.5900183e+03	   2.7229170e-04	
   8.5999880e+03	   2.7160680e-04	
   8.6100159e+03	   2.7071750e-04	
   8.6200151e+03	   2.6960890e-04	
   8.6300144e+03	   2.6819510e-04	
   8.6400423e+03	   2.6643070e-04	
   8.6500406e+03	   2.6430510e-04	
   8.6600103e+03	   2.6179160e-04	
   8.6700382e+03	   2.5893200e-04	
   8.6800375e+03	   2.5565710e-04	
   8.6900072e+03	   2.5184400e-04	
   8.7000351e+03	   2.4752070e-04	
   8.7100334e+03	   2.4261600e-04	
   8.7200031e+03	   2.3678650e-04	
   8.7300310e+03	   2.3020210e-04	
   8.7400303e+03	   2.2307140e-04	
   8.7500296e+03	   2.1524640e-04	
   8.7599993e+03	   2.0673070e-04	
   8.7700272e+03	   1.9777740e-04	
   8.7799969e+03	   1.8789110e-04	
   8.7900248e+03	   1.7754770e-04	
   8.8000231e+03	   1.6622940e-04	
   8.8099928e+03	   1.5469410e-04	
   8.8200207e+03	   1.4260350e-04	
   8.8299904e+03	   1.3069260e-04	
   8.8400183e+03	   1.1881990e-04	
   8.8499880e+03	   1.0685130e-04	
   8.8600159e+03	   9.5676100e-05	
   8.8700151e+03	   8.4927280e-05	
   8.8800430e+03	   7.5083390e-05	
   8.8900127e+03	   6.5981330e-05	
   8.9000406e+03	   5.7521690e-05	
   8.9100399e+03	   4.9918450e-05	
   8.9200096e+03	   4.3030450e-05	
   8.9300375e+03	   3.6918640e-05	
   8.9400072e+03	   3.1556990e-05	
   8.9500351e+03	   2.6736800e-05	
   8.9600048e+03	   2.2690190e-05	
   8.9700327e+03	   1.9035180e-05	
   8.9800024e+03	   1.5982680e-05	
   8.9900303e+03	   1.3366490e-05	
   9.0000296e+03	   1.1139310e-05	
   9.0100279e+03	   9.2791760e-06	
   9.0200272e+03	   7.7715420e-06	
   9.0300255e+03	   6.5377790e-06	
   9.0400248e+03	   5.4900610e-06	
   9.0500231e+03	   4.6611890e-06	
   9.0600224e+03	   4.0062790e-06	
   9.0700207e+03	   3.4662110e-06	
   9.0799904e+03	   3.0344180e-06	
   9.0900478e+03	   2.6830750e-06	
   9.1000175e+03	   2.4140220e-06	
   9.1100159e+03	   2.2144160e-06	
   9.1200151e+03	   2.0542520e-06	
   9.1300430e+03	   1.9472160e-06	
   9.1400127e+03	   1.8711610e-06	
   9.1500702e+03	   1.8121110e-06	
   9.1600103e+03	   1.7691260e-06	
   9.1700382e+03	   1.7278660e-06	
   9.1800375e+03	   1.6914790e-06	
   9.1900358e+03	   1.6641920e-06	
   9.2000055e+03	   1.6364670e-06	
   9.2100334e+03	   1.6041660e-06	
   9.2200327e+03	   1.5717950e-06	
   9.2300024e+03	   1.5418570e-06	
   9.2400303e+03	   1.5076120e-06	
   9.2500296e+03	   1.4715990e-06	
   9.2600279e+03	   1.4372030e-06	
   9.2700272e+03	   1.4022930e-06	
   9.2800255e+03	   1.3708260e-06	
   9.2899952e+03	   1.3400980e-06	
   9.3000231e+03	   1.3095640e-06	
   9.3100224e+03	   1.2786130e-06	
   9.3200207e+03	   1.2493330e-06	
   9.3300200e+03	   1.2206780e-06	
   9.3399897e+03	   1.1933590e-06	
   9.3500175e+03	   1.1690440e-06	
   9.3600159e+03	   1.1455910e-06	
   9.3699856e+03	   1.1215770e-06	
   9.3800430e+03	   1.0974400e-06	
   9.3900423e+03	   1.0735830e-06	
   9.4000120e+03	   1.0512720e-06	
   9.4100399e+03	   1.0295810e-06	
   9.4200382e+03	   1.0089820e-06	
   9.4300375e+03	   9.9094540e-07	
   9.4400358e+03	   9.7498260e-07	
   9.4500055e+03	   9.5841300e-07	
   9.4600334e+03	   9.4310430e-07	
   9.4700327e+03	   9.2829030e-07	
   9.4800310e+03	   9.1324610e-07	
   9.4900303e+03	   8.9660510e-07	
   9.5000296e+03	   8.8030720e-07	
