   8.0000296e+03	   3.1967270e-04	
   8.0099993e+03	   2.7934300e-04	
   8.0200272e+03	   2.7937050e-04	
   8.0300255e+03	   2.7939720e-04	
   8.0399952e+03	   2.7941460e-04	
   8.0500231e+03	   2.7944250e-04	
   8.0600224e+03	   2.7946230e-04	
   8.0700207e+03	   2.7948120e-04	
   8.0800200e+03	   2.7949530e-04	
   8.0900183e+03	   2.7951290e-04	
   8.1000175e+03	   2.7953790e-04	
   8.1100159e+03	   2.7955500e-04	
   8.1200151e+03	   2.7957670e-04	
   8.1300144e+03	   2.7958640e-04	
   8.1400423e+03	   2.7958940e-04	
   8.1500406e+03	   2.7960470e-04	
   8.1600399e+03	   2.7961880e-04	
   8.1700096e+03	   2.7962810e-04	
   8.1800375e+03	   2.7964040e-04	
   8.1900358e+03	   2.7965330e-04	
   8.2000351e+03	   2.7966320e-04	
   8.2100334e+03	   2.7967550e-04	
   8.2200327e+03	   2.7968710e-04	
   8.2300024e+03	   2.7970080e-04	
   8.2400303e+03	   2.7970620e-04	
   8.2500000e+03	   2.7972610e-04	
   8.2600574e+03	   2.7971290e-04	
   8.2699976e+03	   2.7973780e-04	
   8.2800255e+03	   2.7974190e-04	
   8.2899952e+03	   2.7976130e-04	
   8.3000231e+03	   2.7975980e-04	
   8.3100224e+03	   2.7976580e-04	
   8.3199921e+03	   2.7976640e-04	
   8.3300200e+03	   2.7975960e-04	
   8.3399897e+03	   2.7976820e-04	
   8.3500175e+03	   2.7976050e-04	
   8.3600159e+03	   2.7975880e-04	
   8.3699856e+03	   2.7975290e-04	
   8.3800430e+03	   2.7974040e-04	
   8.3900423e+03	   2.7974240e-04	
   8.4000406e+03	   2.7971470e-04	
   8.4100399e+03	   2.7970940e-04	
   8.4200382e+03	   2.7970210e-04	
   8.4300375e+03	   2.7968950e-04	
   8.4400358e+03	   2.7966220e-04	
   8.4500351e+03	   2.7962280e-04	
   8.4600334e+03	   2.7958550e-04	
   8.4700327e+03	   2.7953800e-04	
   8.4800310e+03	   2.7945630e-04	
   8.4900303e+03	   2.7937810e-04	
   8.5000296e+03	   2.7927050e-04	
   8.5100279e+03	   2.7914250e-04	
   8.5200272e+03	   2.7898270e-04	
   8.5300255e+03	   2.7881270e-04	
   8.5400248e+03	   2.7860500e-04	
   8.5500231e+03	   2.7834040e-04	
   8.5600224e+03	   2.7803940e-04	
   8.5700207e+03	   2.7764990e-04	
   8.5800200e+03	   2.7716530e-04	
   8.5899897e+03	   2.7660530e-04	
   8.6000175e+03	   2.7589510e-04	
   8.6100159e+03	   2.7496740e-04	
   8.6200151e+03	   2.7382420e-04	
   8.6300144e+03	   2.7239350e-04	
   8.6400423e+03	   2.7056800e-04	
   8.6500406e+03	   2.6845900e-04	
   8.6600103e+03	   2.6593600e-04	
   8.6700382e+03	   2.6308190e-04	
   8.6800375e+03	   2.5973850e-04	
   8.6900358e+03	   2.5583190e-04	
   8.7000351e+03	   2.5142460e-04	
   8.7100334e+03	   2.4638940e-04	
   8.7200327e+03	   2.4061430e-04	
   8.7300310e+03	   2.3403260e-04	
   8.7400303e+03	   2.2691330e-04	
   8.7500296e+03	   2.1899410e-04	
   8.7599993e+03	   2.1046510e-04	
   8.7700272e+03	   2.0133180e-04	
   8.7799969e+03	   1.9126420e-04	
   8.7899952e+03	   1.8075430e-04	
   8.8000231e+03	   1.6922890e-04	
   8.8100224e+03	   1.5754860e-04	
   8.8199921e+03	   1.4519690e-04	
   8.8300200e+03	   1.3297890e-04	
   8.8399897e+03	   1.2080640e-04	
   8.8500175e+03	   1.0826600e-04	
   8.8600159e+03	   9.6521540e-05	
   8.8700151e+03	   8.5105460e-05	
   8.8800430e+03	   7.4584140e-05	
   8.8900423e+03	   6.4892810e-05	
   8.9000406e+03	   5.6205020e-05	
   8.9100399e+03	   4.8534060e-05	
   8.9200382e+03	   4.1664580e-05	
   8.9300375e+03	   3.5630790e-05	
   8.9400072e+03	   3.0368020e-05	
   8.9500351e+03	   2.5654090e-05	
   8.9600334e+03	   2.1723520e-05	
   8.9700327e+03	   1.8248150e-05	
   8.9800024e+03	   1.5301010e-05	
   8.9900303e+03	   1.2780220e-05	
   9.0000000e+03	   1.0671290e-05	
   9.0100279e+03	   8.9026270e-06	
   9.0200272e+03	   7.4714790e-06	
   9.0300255e+03	   6.2750490e-06	
   9.0399952e+03	   5.3067370e-06	
   9.0500231e+03	   4.5222980e-06	
   9.0600224e+03	   3.8977300e-06	
   9.0700207e+03	   3.3763310e-06	
   9.0799904e+03	   2.9678850e-06	
   9.0900183e+03	   2.6533200e-06	
   9.0999880e+03	   2.4027440e-06	
   9.1100159e+03	   2.2260220e-06	
   9.1200151e+03	   2.0755860e-06	
   9.1300144e+03	   1.9662160e-06	
   9.1400423e+03	   1.8881900e-06	
   9.1500406e+03	   1.8361930e-06	
   9.1600103e+03	   1.7931510e-06	
   9.1700382e+03	   1.7563230e-06	
   9.1800079e+03	   1.7199680e-06	
   9.1900358e+03	   1.6890870e-06	
   9.2000055e+03	   1.6563780e-06	
   9.2100334e+03	   1.6306160e-06	
   9.2200031e+03	   1.5958640e-06	
   9.2300310e+03	   1.5599860e-06	
   9.2400007e+03	   1.5189680e-06	
   9.2500296e+03	   1.4875670e-06	
   9.2600279e+03	   1.4520290e-06	
   9.2699976e+03	   1.4173810e-06	
   9.2800255e+03	   1.3835280e-06	
   9.2899952e+03	   1.3533360e-06	
   9.3000231e+03	   1.3197390e-06	
   9.3100224e+03	   1.2859620e-06	
   9.3200207e+03	   1.2565540e-06	
   9.3300200e+03	   1.2279310e-06	
   9.3399897e+03	   1.1999070e-06	
   9.3500175e+03	   1.1757870e-06	
   9.3600159e+03	   1.1476890e-06	
   9.3700151e+03	   1.1242510e-06	
   9.3800144e+03	   1.0995430e-06	
   9.3900423e+03	   1.0754760e-06	
   9.4000120e+03	   1.0496110e-06	
   9.4100399e+03	   1.0288680e-06	
   9.4200096e+03	   1.0081340e-06	
   9.4300375e+03	   9.8869090e-07	
   9.4400358e+03	   9.7185240e-07	
   9.4500055e+03	   9.5510540e-07	
   9.4600334e+03	   9.3812490e-07	
   9.4700031e+03	   9.2155390e-07	
   9.4800310e+03	   9.0636970e-07	
   9.4900007e+03	   8.9053560e-07	
   9.5000000e+03	   8.7495300e-07	
