   8.0000296e+03	   3.2228970e-04	
   8.0099993e+03	   2.8157640e-04	
   8.0200272e+03	   2.8153800e-04	
   8.0300255e+03	   2.8152450e-04	
   8.0400248e+03	   2.8149560e-04	
   8.0499945e+03	   2.8148420e-04	
   8.0600224e+03	   2.8144840e-04	
   8.0699921e+03	   2.8143010e-04	
   8.0800200e+03	   2.8139290e-04	
   8.0900183e+03	   2.8136140e-04	
   8.1000175e+03	   2.8131700e-04	
   8.1100159e+03	   2.8130850e-04	
   8.1200151e+03	   2.8127750e-04	
   8.1300144e+03	   2.8124660e-04	
   8.1400423e+03	   2.8123330e-04	
   8.1500406e+03	   2.8120450e-04	
   8.1600399e+03	   2.8116720e-04	
   8.1700096e+03	   2.8115040e-04	
   8.1800375e+03	   2.8111880e-04	
   8.1900358e+03	   2.8109070e-04	
   8.2000351e+03	   2.8106730e-04	
   8.2100334e+03	   2.8105220e-04	
   8.2200327e+03	   2.8101520e-04	
   8.2300024e+03	   2.8100890e-04	
   8.2400303e+03	   2.8096720e-04	
   8.2500000e+03	   2.8095360e-04	
   8.2600279e+03	   2.8092520e-04	
   8.2699976e+03	   2.8093600e-04	
   8.2800255e+03	   2.8090330e-04	
   8.2899952e+03	   2.8089200e-04	
   8.3000231e+03	   2.8087850e-04	
   8.3100224e+03	   2.8086580e-04	
   8.3200207e+03	   2.8085280e-04	
   8.3299904e+03	   2.8084110e-04	
   8.3400183e+03	   2.8082480e-04	
   8.3500175e+03	   2.8080000e-04	
   8.3599873e+03	   2.8077430e-04	
   8.3700151e+03	   2.8076700e-04	
   8.3800144e+03	   2.8074650e-04	
   8.3900423e+03	   2.8074470e-04	
   8.4000120e+03	   2.8071730e-04	
   8.4100399e+03	   2.8071160e-04	
   8.4200096e+03	   2.8068470e-04	
   8.4300375e+03	   2.8067350e-04	
   8.4400072e+03	   2.8067460e-04	
   8.4500351e+03	   2.8064910e-04	
   8.4600334e+03	   2.8063350e-04	
   8.4700327e+03	   2.8062020e-04	
   8.4800024e+03	   2.8061210e-04	
   8.4900303e+03	   2.8058230e-04	
   8.5000296e+03	   2.8054760e-04	
   8.5100279e+03	   2.8051300e-04	
   8.5200272e+03	   2.8045300e-04	
   8.5299969e+03	   2.8037980e-04	
   8.5400248e+03	   2.8033310e-04	
   8.5499945e+03	   2.8026070e-04	
   8.5600224e+03	   2.8019630e-04	
   8.5700207e+03	   2.8010370e-04	
   8.5800200e+03	   2.7998070e-04	
   8.5900183e+03	   2.7983200e-04	
   8.5999880e+03	   2.7967700e-04	
   8.6100159e+03	   2.7946760e-04	
   8.6199856e+03	   2.7923780e-04	
   8.6300144e+03	   2.7892940e-04	
   8.6400423e+03	   2.7851520e-04	
   8.6500406e+03	   2.7798640e-04	
   8.6600103e+03	   2.7725310e-04	
   8.6700382e+03	   2.7630920e-04	
   8.6800661e+03	   2.7513890e-04	
   8.6900072e+03	   2.7374460e-04	
   8.7000351e+03	   2.7211890e-04	
   8.7100334e+03	   2.7021350e-04	
   8.7200327e+03	   2.6787180e-04	
   8.7300310e+03	   2.6508710e-04	
   8.7400303e+03	   2.6183920e-04	
   8.7500296e+03	   2.5802690e-04	
   8.7599993e+03	   2.5366900e-04	
   8.7700272e+03	   2.4864270e-04	
   8.7799969e+03	   2.4295400e-04	
   8.7900248e+03	   2.3657450e-04	
   8.8000231e+03	   2.2906380e-04	
   8.8099928e+03	   2.2082190e-04	
   8.8200207e+03	   2.1153190e-04	
   8.8300200e+03	   2.0157090e-04	
   8.8399897e+03	   1.9091840e-04	
   8.8500175e+03	   1.7891140e-04	
   8.8600159e+03	   1.6689960e-04	
   8.8699856e+03	   1.5426660e-04	
   8.8800430e+03	   1.4136080e-04	
   8.8900423e+03	   1.2852140e-04	
   8.9000120e+03	   1.1556350e-04	
   8.9100399e+03	   1.0311190e-04	
   8.9200096e+03	   9.1192390e-05	
   8.9300375e+03	   8.0211500e-05	
   8.9400072e+03	   7.0196090e-05	
   8.9500351e+03	   6.0867910e-05	
   8.9600048e+03	   5.2741990e-05	
   8.9700327e+03	   4.5110480e-05	
   8.9800024e+03	   3.8627050e-05	
   8.9900303e+03	   3.2851600e-05	
   9.0000296e+03	   2.7835910e-05	
   9.0100279e+03	   2.3418130e-05	
   9.0200272e+03	   1.9633970e-05	
   9.0299969e+03	   1.6312720e-05	
   9.0400248e+03	   1.3534080e-05	
   9.0500231e+03	   1.1167100e-05	
   9.0600224e+03	   9.2033800e-06	
   9.0700207e+03	   7.5877070e-06	
   9.0799904e+03	   6.3055310e-06	
   9.0900478e+03	   5.2439710e-06	
   9.0999880e+03	   4.4325020e-06	
   9.1100159e+03	   3.7940020e-06	
   9.1200151e+03	   3.2893070e-06	
   9.1300144e+03	   2.9044580e-06	
   9.1400423e+03	   2.6119920e-06	
   9.1500406e+03	   2.3856530e-06	
   9.1600103e+03	   2.2050990e-06	
   9.1700382e+03	   2.0658100e-06	
   9.1800375e+03	   1.9600040e-06	
   9.1900072e+03	   1.8739660e-06	
   9.2000055e+03	   1.8114200e-06	
   9.2100630e+03	   1.7614070e-06	
   9.2200031e+03	   1.7209430e-06	
   9.2300310e+03	   1.6830760e-06	
   9.2400303e+03	   1.6600170e-06	
   9.2500296e+03	   1.6268470e-06	
   9.2600279e+03	   1.6066780e-06	
   9.2700272e+03	   1.5866910e-06	
   9.2800255e+03	   1.5512750e-06	
   9.2899952e+03	   1.5270570e-06	
   9.3000231e+03	   1.4861060e-06	
   9.3100224e+03	   1.4613480e-06	
   9.3200207e+03	   1.4294460e-06	
   9.3299904e+03	   1.3982230e-06	
   9.3400183e+03	   1.3621060e-06	
   9.3500175e+03	   1.3336160e-06	
   9.3600159e+03	   1.3041690e-06	
   9.3699856e+03	   1.2765860e-06	
   9.3800430e+03	   1.2502650e-06	
   9.3900423e+03	   1.2241170e-06	
   9.4000120e+03	   1.1982670e-06	
   9.4100103e+03	   1.1702420e-06	
   9.4200382e+03	   1.1466680e-06	
   9.4300375e+03	   1.1216230e-06	
   9.4400072e+03	   1.0968470e-06	
   9.4500351e+03	   1.0745330e-06	
   9.4600048e+03	   1.0558490e-06	
   9.4700327e+03	   1.0354180e-06	
   9.4800310e+03	   1.0157420e-06	
   9.4900007e+03	   1.0002150e-06	
   9.5000296e+03	   9.8450770e-07	
