   8.0000296e+03	   3.2242950e-04	
   8.0099993e+03	   2.8239430e-04	
   8.0200272e+03	   2.8242680e-04	
   8.0300255e+03	   2.8242590e-04	
   8.0400248e+03	   2.8243730e-04	
   8.0500231e+03	   2.8242200e-04	
   8.0600224e+03	   2.8244480e-04	
   8.0699921e+03	   2.8243310e-04	
   8.0800200e+03	   2.8242910e-04	
   8.0900183e+03	   2.8242710e-04	
   8.1000175e+03	   2.8243170e-04	
   8.1100159e+03	   2.8243830e-04	
   8.1200151e+03	   2.8242630e-04	
   8.1300144e+03	   2.8245030e-04	
   8.1400423e+03	   2.8241740e-04	
   8.1500406e+03	   2.8243020e-04	
   8.1600103e+03	   2.8242900e-04	
   8.1700382e+03	   2.8241080e-04	
   8.1800375e+03	   2.8242050e-04	
   8.1900358e+03	   2.8237970e-04	
   8.2000351e+03	   2.8238170e-04	
   8.2100334e+03	   2.8238800e-04	
   8.2200031e+03	   2.8236550e-04	
   8.2300310e+03	   2.8235650e-04	
   8.2400303e+03	   2.8236550e-04	
   8.2500000e+03	   2.8233550e-04	
   8.2600574e+03	   2.8230630e-04	
   8.2699976e+03	   2.8231370e-04	
   8.2800255e+03	   2.8228020e-04	
   8.2899952e+03	   2.8227950e-04	
   8.3000231e+03	   2.8226860e-04	
   8.3100224e+03	   2.8223960e-04	
   8.3199921e+03	   2.8223990e-04	
   8.3300200e+03	   2.8220360e-04	
   8.3399897e+03	   2.8217450e-04	
   8.3500175e+03	   2.8214920e-04	
   8.3600159e+03	   2.8212780e-04	
   8.3699856e+03	   2.8211360e-04	
   8.3800430e+03	   2.8208170e-04	
   8.3900423e+03	   2.8205290e-04	
   8.4000120e+03	   2.8203330e-04	
   8.4100399e+03	   2.8200960e-04	
   8.4200096e+03	   2.8198930e-04	
   8.4300375e+03	   2.8194350e-04	
   8.4400072e+03	   2.8190520e-04	
   8.4500351e+03	   2.8187250e-04	
   8.4600334e+03	   2.8183080e-04	
   8.4700327e+03	   2.8180500e-04	
   8.4800310e+03	   2.8177710e-04	
   8.4900007e+03	   2.8173310e-04	
   8.5000296e+03	   2.8167090e-04	
   8.5100279e+03	   2.8160920e-04	
   8.5200272e+03	   2.8153100e-04	
   8.5299969e+03	   2.8146960e-04	
   8.5400248e+03	   2.8138240e-04	
   8.5500231e+03	   2.8128600e-04	
   8.5600224e+03	   2.8117340e-04	
   8.5700207e+03	   2.8105830e-04	
   8.5800200e+03	   2.8091960e-04	
   8.5900183e+03	   2.8075150e-04	
   8.5999880e+03	   2.8055510e-04	
   8.6100159e+03	   2.8035850e-04	
   8.6200151e+03	   2.8012190e-04	
   8.6300144e+03	   2.7982170e-04	
   8.6400423e+03	   2.7941630e-04	
   8.6500406e+03	   2.7890210e-04	
   8.6600103e+03	   2.7820960e-04	
   8.6700382e+03	   2.7731120e-04	
   8.6800661e+03	   2.7619090e-04	
   8.6900072e+03	   2.7482880e-04	
   8.7000351e+03	   2.7327010e-04	
   8.7100334e+03	   2.7142080e-04	
   8.7200327e+03	   2.6923310e-04	
   8.7300310e+03	   2.6660660e-04	
   8.7400303e+03	   2.6358620e-04	
   8.7500296e+03	   2.5995070e-04	
   8.7599993e+03	   2.5575610e-04	
   8.7700272e+03	   2.5099100e-04	
   8.7799969e+03	   2.4546920e-04	
   8.7900248e+03	   2.3928520e-04	
   8.8000231e+03	   2.3209160e-04	
   8.8100224e+03	   2.2415910e-04	
   8.8200207e+03	   2.1526190e-04	
   8.8300200e+03	   2.0564080e-04	
   8.8399897e+03	   1.9519970e-04	
   8.8500175e+03	   1.8340550e-04	
   8.8600159e+03	   1.7142150e-04	
   8.8700151e+03	   1.5875650e-04	
   8.8800430e+03	   1.4582670e-04	
   8.8900423e+03	   1.3290670e-04	
   8.9000406e+03	   1.1999510e-04	
   8.9100399e+03	   1.0749950e-04	
   8.9200096e+03	   9.5438990e-05	
   8.9300375e+03	   8.4222760e-05	
   8.9400072e+03	   7.3902610e-05	
   8.9500351e+03	   6.4259980e-05	
   8.9600048e+03	   5.5726000e-05	
   8.9700327e+03	   4.7809700e-05	
   8.9800310e+03	   4.0986220e-05	
   8.9900303e+03	   3.4884300e-05	
   9.0000296e+03	   2.9643060e-05	
   9.0100279e+03	   2.5051540e-05	
   9.0199976e+03	   2.1107580e-05	
   9.0299969e+03	   1.7654770e-05	
   9.0399952e+03	   1.4713400e-05	
   9.0500231e+03	   1.2173220e-05	
   9.0600224e+03	   1.0049700e-05	
   9.0700207e+03	   8.2865490e-06	
   9.0799904e+03	   6.8581100e-06	
   9.0900183e+03	   5.6686860e-06	
   9.1000175e+03	   4.7492560e-06	
   9.1100159e+03	   4.0207720e-06	
   9.1200151e+03	   3.4563810e-06	
   9.1300144e+03	   3.0182180e-06	
   9.1400423e+03	   2.6894950e-06	
   9.1500406e+03	   2.4209510e-06	
   9.1600103e+03	   2.2282190e-06	
   9.1700382e+03	   2.0791420e-06	
   9.1800375e+03	   1.9635320e-06	
   9.1900072e+03	   1.8718530e-06	
   9.2000055e+03	   1.8020930e-06	
   9.2100630e+03	   1.7516080e-06	
   9.2200031e+03	   1.7078790e-06	
   9.2300310e+03	   1.6705970e-06	
   9.2400303e+03	   1.6390980e-06	
   9.2500296e+03	   1.6013180e-06	
   9.2600279e+03	   1.5772700e-06	
   9.2700272e+03	   1.5661550e-06	
   9.2800255e+03	   1.5334190e-06	
   9.2899952e+03	   1.5084580e-06	
   9.3000231e+03	   1.4704470e-06	
   9.3100224e+03	   1.4428390e-06	
   9.3199921e+03	   1.4050540e-06	
   9.3300200e+03	   1.3735120e-06	
   9.3400183e+03	   1.3420890e-06	
   9.3500175e+03	   1.3109540e-06	
   9.3600159e+03	   1.2756000e-06	
   9.3699856e+03	   1.2478670e-06	
   9.3800430e+03	   1.2218480e-06	
   9.3900423e+03	   1.1937900e-06	
   9.4000406e+03	   1.1678110e-06	
   9.4100103e+03	   1.1406330e-06	
   9.4200382e+03	   1.1150080e-06	
   9.4300375e+03	   1.0896430e-06	
   9.4400358e+03	   1.0651730e-06	
   9.4500351e+03	   1.0413020e-06	
   9.4600048e+03	   1.0217200e-06	
   9.4700031e+03	   1.0018250e-06	
   9.4800310e+03	   9.8335510e-07	
   9.4900303e+03	   9.6525180e-07	
   9.5000000e+03	   9.4966990e-07	
