   8.0000296e+03	   3.2090970e-04	
   8.0099993e+03	   2.8053410e-04	
   8.0200272e+03	   2.8045110e-04	
   8.0300255e+03	   2.8038670e-04	
   8.0400248e+03	   2.8031200e-04	
   8.0500231e+03	   2.8024060e-04	
   8.0600224e+03	   2.8017660e-04	
   8.0699921e+03	   2.8012230e-04	
   8.0800200e+03	   2.8004770e-04	
   8.0900183e+03	   2.7996950e-04	
   8.1000175e+03	   2.7992330e-04	
   8.1100159e+03	   2.7984700e-04	
   8.1200151e+03	   2.7979240e-04	
   8.1300430e+03	   2.7972580e-04	
   8.1400423e+03	   2.7967300e-04	
   8.1500406e+03	   2.7960740e-04	
   8.1600399e+03	   2.7956630e-04	
   8.1700096e+03	   2.7951840e-04	
   8.1800375e+03	   2.7942120e-04	
   8.1900072e+03	   2.7939290e-04	
   8.2000351e+03	   2.7934500e-04	
   8.2100334e+03	   2.7927100e-04	
   8.2200031e+03	   2.7922090e-04	
   8.2300310e+03	   2.7916030e-04	
   8.2400303e+03	   2.7909950e-04	
   8.2500296e+03	   2.7906550e-04	
   8.2600279e+03	   2.7901520e-04	
   8.2700272e+03	   2.7895680e-04	
   8.2800255e+03	   2.7891920e-04	
   8.2899952e+03	   2.7884630e-04	
   8.3000231e+03	   2.7879100e-04	
   8.3100224e+03	   2.7874800e-04	
   8.3200207e+03	   2.7872110e-04	
   8.3300200e+03	   2.7866730e-04	
   8.3400183e+03	   2.7859660e-04	
   8.3500175e+03	   2.7856480e-04	
   8.3600159e+03	   2.7853450e-04	
   8.3700151e+03	   2.7847380e-04	
   8.3800430e+03	   2.7843120e-04	
   8.3900423e+03	   2.7835430e-04	
   8.4000120e+03	   2.7830960e-04	
   8.4100399e+03	   2.7828110e-04	
   8.4200096e+03	   2.7826820e-04	
   8.4300375e+03	   2.7822180e-04	
   8.4400358e+03	   2.7816090e-04	
   8.4500351e+03	   2.7809360e-04	
   8.4600334e+03	   2.7805520e-04	
   8.4700327e+03	   2.7802810e-04	
   8.4800310e+03	   2.7797430e-04	
   8.4900007e+03	   2.7796160e-04	
   8.5000296e+03	   2.7791950e-04	
   8.5100279e+03	   2.7787570e-04	
   8.5200272e+03	   2.7779730e-04	
   8.5300255e+03	   2.7776540e-04	
   8.5399952e+03	   2.7769880e-04	
   8.5500231e+03	   2.7762020e-04	
   8.5600224e+03	   2.7756380e-04	
   8.5700207e+03	   2.7747810e-04	
   8.5800200e+03	   2.7742860e-04	
   8.5900183e+03	   2.7734770e-04	
   8.6000175e+03	   2.7727550e-04	
   8.6100159e+03	   2.7715910e-04	
   8.6200151e+03	   2.7704050e-04	
   8.6300144e+03	   2.7689320e-04	
   8.6400423e+03	   2.7671980e-04	
   8.6500406e+03	   2.7649630e-04	
   8.6600399e+03	   2.7617550e-04	
   8.6700382e+03	   2.7579980e-04	
   8.6800661e+03	   2.7530110e-04	
   8.6900072e+03	   2.7467440e-04	
   8.7000351e+03	   2.7390390e-04	
   8.7100334e+03	   2.7291670e-04	
   8.7200327e+03	   2.7174650e-04	
   8.7300310e+03	   2.7024290e-04	
   8.7400303e+03	   2.6851520e-04	
   8.7500296e+03	   2.6640260e-04	
   8.7599993e+03	   2.6397930e-04	
   8.7700272e+03	   2.6116900e-04	
   8.7799969e+03	   2.5780700e-04	
   8.7899952e+03	   2.5387240e-04	
   8.8000231e+03	   2.4903940e-04	
   8.8099928e+03	   2.4336370e-04	
   8.8200207e+03	   2.3675020e-04	
   8.8299904e+03	   2.2930490e-04	
   8.8400183e+03	   2.2075640e-04	
   8.8499880e+03	   2.1096230e-04	
   8.8600159e+03	   2.0045990e-04	
   8.8699856e+03	   1.8906340e-04	
   8.8800430e+03	   1.7717900e-04	
   8.8900127e+03	   1.6488210e-04	
   8.9000406e+03	   1.5133160e-04	
   8.9100399e+03	   1.3747400e-04	
   8.9200382e+03	   1.2369990e-04	
   8.9300375e+03	   1.1019990e-04	
   8.9400072e+03	   9.7380550e-05	
   8.9500351e+03	   8.4950770e-05	
   8.9600334e+03	   7.3821930e-05	
   8.9700031e+03	   6.3401690e-05	
   8.9800310e+03	   5.4246090e-05	
   8.9900303e+03	   4.5997210e-05	
   9.0000296e+03	   3.8742100e-05	
   9.0100279e+03	   3.2538900e-05	
   9.0200272e+03	   2.7242240e-05	
   9.0300255e+03	   2.2654690e-05	
   9.0399952e+03	   1.8842890e-05	
   9.0500231e+03	   1.5606370e-05	
   9.0600224e+03	   1.2886670e-05	
   9.0700207e+03	   1.0597340e-05	
   9.0799904e+03	   8.7621290e-06	
   9.0900478e+03	   7.1968530e-06	
   9.0999880e+03	   5.9750800e-06	
   9.1100159e+03	   4.9557730e-06	
   9.1200151e+03	   4.1553680e-06	
   9.1300144e+03	   3.4872290e-06	
   9.1400423e+03	   2.9762430e-06	
   9.1500406e+03	   2.6241810e-06	
   9.1600103e+03	   2.3294330e-06	
   9.1700382e+03	   2.1147720e-06	
   9.1800079e+03	   1.9591950e-06	
   9.1900358e+03	   1.8548860e-06	
   9.2000055e+03	   1.7634150e-06	
   9.2100334e+03	   1.7048030e-06	
   9.2200031e+03	   1.6652480e-06	
   9.2300310e+03	   1.6365930e-06	
   9.2400303e+03	   1.6054820e-06	
   9.2500296e+03	   1.5857540e-06	
   9.2600279e+03	   1.5491650e-06	
   9.2700272e+03	   1.5217740e-06	
   9.2800255e+03	   1.4967070e-06	
   9.2899952e+03	   1.4754920e-06	
   9.3000231e+03	   1.4580670e-06	
   9.3100224e+03	   1.4326930e-06	
   9.3199921e+03	   1.4077660e-06	
   9.3300200e+03	   1.3800900e-06	
   9.3400183e+03	   1.3545920e-06	
   9.3500175e+03	   1.3278460e-06	
   9.3600159e+03	   1.3029570e-06	
   9.3699856e+03	   1.2775850e-06	
   9.3800430e+03	   1.2536700e-06	
   9.3900423e+03	   1.2280170e-06	
   9.4000406e+03	   1.2046740e-06	
   9.4100103e+03	   1.1805830e-06	
   9.4200382e+03	   1.1593750e-06	
   9.4300375e+03	   1.1391480e-06	
   9.4400358e+03	   1.1155000e-06	
   9.4500351e+03	   1.0953820e-06	
   9.4600334e+03	   1.0771550e-06	
   9.4700327e+03	   1.0595120e-06	
   9.4800310e+03	   1.0392360e-06	
   9.4900007e+03	   1.0222830e-06	
   9.5000296e+03	   1.0020980e-06	
