   8.4000120e+03	   3.1700750e-04	
   8.4100399e+03	   2.7686040e-04	
   8.4200382e+03	   2.7684750e-04	
   8.4300375e+03	   2.7684170e-04	
   8.4400358e+03	   2.7682110e-04	
   8.4500351e+03	   2.7680560e-04	
   8.4600334e+03	   2.7680170e-04	
   8.4700031e+03	   2.7678860e-04	
   8.4800310e+03	   2.7678040e-04	
   8.4900303e+03	   2.7677020e-04	
   8.5000296e+03	   2.7675370e-04	
   8.5099993e+03	   2.7674840e-04	
   8.5200272e+03	   2.7672330e-04	
   8.5299969e+03	   2.7671400e-04	
   8.5400248e+03	   2.7668330e-04	
   8.5499945e+03	   2.7667880e-04	
   8.5600224e+03	   2.7663700e-04	
   8.5700207e+03	   2.7661130e-04	
   8.5800200e+03	   2.7658090e-04	
   8.5900183e+03	   2.7655480e-04	
   8.5999880e+03	   2.7650680e-04	
   8.6100159e+03	   2.7645960e-04	
   8.6200151e+03	   2.7638810e-04	
   8.6300144e+03	   2.7629620e-04	
   8.6400423e+03	   2.7617330e-04	
   8.6500406e+03	   2.7598800e-04	
   8.6600103e+03	   2.7574860e-04	
   8.6700382e+03	   2.7541570e-04	
   8.6800375e+03	   2.7500410e-04	
   8.6900072e+03	   2.7447420e-04	
   8.7000351e+03	   2.7380080e-04	
   8.7100334e+03	   2.7296280e-04	
   8.7200327e+03	   2.7185450e-04	
   8.7300310e+03	   2.7049200e-04	
   8.7400303e+03	   2.6885410e-04	
   8.7500296e+03	   2.6686670e-04	
   8.7599993e+03	   2.6453030e-04	
   8.7700272e+03	   2.6187100e-04	
   8.7799969e+03	   2.5871320e-04	
   8.7900248e+03	   2.5504040e-04	
   8.8000231e+03	   2.5061360e-04	
   8.8100224e+03	   2.4555700e-04	
   8.8199921e+03	   2.3928430e-04	
   8.8300200e+03	   2.3209510e-04	
   8.8399897e+03	   2.2392880e-04	
   8.8500175e+03	   2.1429650e-04	
   8.8600159e+03	   2.0421990e-04	
   8.8699856e+03	   1.9283160e-04	
   8.8800430e+03	   1.8062640e-04	
   8.8900423e+03	   1.6790020e-04	
   8.9000406e+03	   1.5447380e-04	
   8.9100399e+03	   1.4105580e-04	
   8.9200382e+03	   1.2679250e-04	
   8.9300375e+03	   1.1343330e-04	
   8.9400072e+03	   1.0042450e-04	
   8.9500351e+03	   8.7912740e-05	
   8.9600048e+03	   7.6470960e-05	
   8.9700327e+03	   6.5640520e-05	
   8.9800024e+03	   5.6127740e-05	
   8.9900303e+03	   4.7628480e-05	
   9.0000296e+03	   4.0205630e-05	
   9.0100279e+03	   3.3740260e-05	
   9.0200272e+03	   2.8192570e-05	
   9.0300255e+03	   2.3413940e-05	
   9.0399952e+03	   1.9454190e-05	
   9.0500231e+03	   1.6127980e-05	
   9.0600224e+03	   1.3334250e-05	
   9.0700207e+03	   1.0991170e-05	
   9.0799904e+03	   9.0505420e-06	
   9.0900183e+03	   7.3941320e-06	
   9.0999880e+03	   6.1139690e-06	
   9.1100159e+03	   5.0454860e-06	
   9.1200151e+03	   4.2045200e-06	
   9.1300430e+03	   3.5542270e-06	
   9.1400127e+03	   3.0438050e-06	
   9.1500702e+03	   2.6404280e-06	
   9.1600103e+03	   2.3491850e-06	
   9.1700382e+03	   2.1303270e-06	
   9.1800375e+03	   1.9643020e-06	
   9.1900072e+03	   1.8568060e-06	
   9.2000055e+03	   1.7703010e-06	
   9.2100630e+03	   1.7050800e-06	
   9.2200031e+03	   1.6740460e-06	
   9.2300310e+03	   1.6142370e-06	
   9.2400303e+03	   1.5971350e-06	
   9.2500296e+03	   1.5691150e-06	
   9.2600279e+03	   1.5553010e-06	
   9.2700272e+03	   1.5232260e-06	
   9.2800255e+03	   1.4985690e-06	
   9.2899952e+03	   1.4768380e-06	
   9.3000231e+03	   1.4527000e-06	
   9.3100224e+03	   1.4284860e-06	
   9.3200207e+03	   1.4009890e-06	
   9.3299904e+03	   1.3809960e-06	
   9.3400183e+03	   1.3497180e-06	
   9.3500175e+03	   1.3285780e-06	
   9.3600159e+03	   1.2987540e-06	
   9.3699856e+03	   1.2734210e-06	
   9.3800430e+03	   1.2458390e-06	
   9.3900423e+03	   1.2196450e-06	
   9.4000406e+03	   1.1941790e-06	
   9.4100399e+03	   1.1701470e-06	
   9.4200096e+03	   1.1489600e-06	
   9.4300375e+03	   1.1269770e-06	
   9.4400358e+03	   1.1022010e-06	
   9.4500055e+03	   1.0842120e-06	
   9.4600334e+03	   1.0642730e-06	
   9.4700031e+03	   1.0461940e-06	
   9.4800310e+03	   1.0261580e-06	
   9.4900303e+03	   1.0090170e-06	
   9.5000000e+03	   9.9090880e-07	
