   8.5000296e+03	   3.2033700e-04	
   8.5099993e+03	   2.8032590e-04	
   8.5200272e+03	   2.8030560e-04	
   8.5299969e+03	   2.8028340e-04	
   8.5400248e+03	   2.8025410e-04	
   8.5499945e+03	   2.8023340e-04	
   8.5600224e+03	   2.8017640e-04	
   8.5700207e+03	   2.8014620e-04	
   8.5799904e+03	   2.8011210e-04	
   8.5900183e+03	   2.8008620e-04	
   8.5999880e+03	   2.8007810e-04	
   8.6100159e+03	   2.8006520e-04	
   8.6199856e+03	   2.8004130e-04	
   8.6300144e+03	   2.8000600e-04	
   8.6400423e+03	   2.7995680e-04	
   8.6500120e+03	   2.7992480e-04	
   8.6600399e+03	   2.7986440e-04	
   8.6700382e+03	   2.7980200e-04	
   8.6800375e+03	   2.7972690e-04	
   8.6900358e+03	   2.7962270e-04	
   8.7000055e+03	   2.7947040e-04	
   8.7100334e+03	   2.7926160e-04	
   8.7200327e+03	   2.7900160e-04	
   8.7300310e+03	   2.7864770e-04	
   8.7400007e+03	   2.7819770e-04	
   8.7500296e+03	   2.7759880e-04	
   8.7599993e+03	   2.7694890e-04	
   8.7700272e+03	   2.7618950e-04	
   8.7800255e+03	   2.7528050e-04	
   8.7899952e+03	   2.7411840e-04	
   8.8000231e+03	   2.7253220e-04	
   8.8100224e+03	   2.7051080e-04	
   8.8200207e+03	   2.6794010e-04	
   8.8300200e+03	   2.6493130e-04	
   8.8399897e+03	   2.6122060e-04	
   8.8500175e+03	   2.5665360e-04	
   8.8600159e+03	   2.5135800e-04	
   8.8699856e+03	   2.4509950e-04	
   8.8800430e+03	   2.3775080e-04	
   8.8900127e+03	   2.2920330e-04	
   8.9000406e+03	   2.1923050e-04	
   8.9100399e+03	   2.0808380e-04	
   8.9200096e+03	   1.9587900e-04	
   8.9300079e+03	   1.8307720e-04	
   8.9400072e+03	   1.6961000e-04	
   8.9500351e+03	   1.5555870e-04	
   8.9600334e+03	   1.4175200e-04	
   8.9700327e+03	   1.2755000e-04	
   8.9800024e+03	   1.1369620e-04	
   8.9900303e+03	   1.0019710e-04	
   9.0000000e+03	   8.7411930e-05	
   9.0100279e+03	   7.5377670e-05	
   9.0200272e+03	   6.4425970e-05	
   9.0300255e+03	   5.4362940e-05	
   9.0399952e+03	   4.5483660e-05	
   9.0500231e+03	   3.7530390e-05	
   9.0600224e+03	   3.0812990e-05	
   9.0700207e+03	   2.5041480e-05	
   9.0799904e+03	   2.0320500e-05	
   9.0900183e+03	   1.6301160e-05	
   9.0999880e+03	   1.3205110e-05	
   9.1100159e+03	   1.0702000e-05	
   9.1200151e+03	   8.6829750e-06	
   9.1300144e+03	   7.1794050e-06	
   9.1400423e+03	   5.9674700e-06	
   9.1500406e+03	   5.0000590e-06	
   9.1600103e+03	   4.2390750e-06	
   9.1700096e+03	   3.6383900e-06	
   9.1800375e+03	   3.1338180e-06	
   9.1900358e+03	   2.7338240e-06	
   9.2000055e+03	   2.4211900e-06	
   9.2100334e+03	   2.1772660e-06	
   9.2200031e+03	   1.9984100e-06	
   9.2300310e+03	   1.8354670e-06	
   9.2400303e+03	   1.7255900e-06	
   9.2500296e+03	   1.6418630e-06	
   9.2600279e+03	   1.5966740e-06	
   9.2700272e+03	   1.5621920e-06	
   9.2799969e+03	   1.5419730e-06	
   9.2900248e+03	   1.5286340e-06	
   9.3000231e+03	   1.5185040e-06	
   9.3100224e+03	   1.5088760e-06	
   9.3199921e+03	   1.4983950e-06	
   9.3300200e+03	   1.4848950e-06	
   9.3399897e+03	   1.4676270e-06	
   9.3500175e+03	   1.4461100e-06	
   9.3600159e+03	   1.4259530e-06	
   9.3699856e+03	   1.4027630e-06	
   9.3800430e+03	   1.3791840e-06	
   9.3900127e+03	   1.3546120e-06	
   9.4000406e+03	   1.3293520e-06	
   9.4100399e+03	   1.3051330e-06	
   9.4200096e+03	   1.2782790e-06	
   9.4300375e+03	   1.2531500e-06	
   9.4400358e+03	   1.2286030e-06	
   9.4500055e+03	   1.2048130e-06	
   9.4600334e+03	   1.1818980e-06	
   9.4700031e+03	   1.1600510e-06	
   9.4800310e+03	   1.1396740e-06	
   9.4900303e+03	   1.1197860e-06	
   9.5000000e+03	   1.1003620e-06	
