   8.5000296e+03	   3.2033260e-04	
   8.5099993e+03	   2.8096960e-04	
   8.5200272e+03	   2.8094690e-04	
   8.5299969e+03	   2.8092290e-04	
   8.5400248e+03	   2.8089440e-04	
   8.5499945e+03	   2.8086190e-04	
   8.5600224e+03	   2.8081520e-04	
   8.5700207e+03	   2.8078930e-04	
   8.5799904e+03	   2.8076550e-04	
   8.5900183e+03	   2.8073740e-04	
   8.5999880e+03	   2.8071490e-04	
   8.6100159e+03	   2.8068010e-04	
   8.6200151e+03	   2.8064630e-04	
   8.6300144e+03	   2.8061370e-04	
   8.6400423e+03	   2.8058460e-04	
   8.6500406e+03	   2.8053050e-04	
   8.6600103e+03	   2.8049080e-04	
   8.6700382e+03	   2.8041630e-04	
   8.6800375e+03	   2.8034140e-04	
   8.6900358e+03	   2.8022230e-04	
   8.7000055e+03	   2.8003750e-04	
   8.7100334e+03	   2.7980350e-04	
   8.7200327e+03	   2.7950080e-04	
   8.7300310e+03	   2.7915670e-04	
   8.7400007e+03	   2.7874880e-04	
   8.7500296e+03	   2.7822010e-04	
   8.7600279e+03	   2.7758950e-04	
   8.7700272e+03	   2.7680050e-04	
   8.7800255e+03	   2.7579620e-04	
   8.7900248e+03	   2.7455850e-04	
   8.8000231e+03	   2.7299080e-04	
   8.8099928e+03	   2.7104770e-04	
   8.8200207e+03	   2.6861880e-04	
   8.8300200e+03	   2.6571340e-04	
   8.8399897e+03	   2.6208330e-04	
   8.8500175e+03	   2.5749220e-04	
   8.8600159e+03	   2.5215410e-04	
   8.8699856e+03	   2.4585020e-04	
   8.8800430e+03	   2.3841430e-04	
   8.8900127e+03	   2.2985840e-04	
   8.9000406e+03	   2.2005700e-04	
   8.9100399e+03	   2.0920280e-04	
   8.9200096e+03	   1.9730470e-04	
   8.9300375e+03	   1.8459360e-04	
   8.9400072e+03	   1.7118610e-04	
   8.9500351e+03	   1.5697920e-04	
   8.9600048e+03	   1.4296160e-04	
   8.9700327e+03	   1.2838690e-04	
   8.9800310e+03	   1.1454230e-04	
   8.9900303e+03	   1.0105220e-04	
   9.0000296e+03	   8.8099870e-05	
   9.0100279e+03	   7.6183300e-05	
   9.0200272e+03	   6.5009640e-05	
   9.0300255e+03	   5.4945190e-05	
   9.0399952e+03	   4.6176200e-05	
   9.0500231e+03	   3.8234640e-05	
   9.0600224e+03	   3.1404480e-05	
   9.0700207e+03	   2.5638750e-05	
   9.0799904e+03	   2.0820660e-05	
   9.0900183e+03	   1.6711310e-05	
   9.0999880e+03	   1.3553180e-05	
   9.1100159e+03	   1.0986710e-05	
   9.1200151e+03	   8.9091950e-06	
   9.1300430e+03	   7.3076130e-06	
   9.1400127e+03	   6.0697430e-06	
   9.1500702e+03	   5.0659420e-06	
   9.1600103e+03	   4.2847180e-06	
   9.1700382e+03	   3.6651630e-06	
   9.1800375e+03	   3.1524090e-06	
   9.1900358e+03	   2.7523290e-06	
   9.2000055e+03	   2.4389270e-06	
   9.2100334e+03	   2.1809070e-06	
   9.2200031e+03	   1.9800240e-06	
   9.2300310e+03	   1.8386270e-06	
   9.2400303e+03	   1.7363950e-06	
   9.2500296e+03	   1.6605290e-06	
   9.2600279e+03	   1.6155860e-06	
   9.2700272e+03	   1.5734330e-06	
   9.2800255e+03	   1.5555840e-06	
   9.2899952e+03	   1.5491290e-06	
   9.3000231e+03	   1.5283110e-06	
   9.3100224e+03	   1.5233000e-06	
   9.3199921e+03	   1.5127250e-06	
   9.3300200e+03	   1.4993920e-06	
   9.3399897e+03	   1.4828090e-06	
   9.3500175e+03	   1.4621040e-06	
   9.3600159e+03	   1.4397590e-06	
   9.3699856e+03	   1.4155040e-06	
   9.3800430e+03	   1.3901670e-06	
   9.3900423e+03	   1.3634820e-06	
   9.4000406e+03	   1.3359310e-06	
   9.4100103e+03	   1.3090620e-06	
   9.4200382e+03	   1.2814070e-06	
   9.4300079e+03	   1.2552470e-06	
   9.4400358e+03	   1.2286020e-06	
   9.4500055e+03	   1.2034640e-06	
   9.4600334e+03	   1.1792760e-06	
   9.4700327e+03	   1.1554100e-06	
   9.4800310e+03	   1.1336970e-06	
   9.4900007e+03	   1.1123480e-06	
   9.5000296e+03	   1.0917380e-06	
