   8.5000296e+03	   3.2141460e-04	
   8.5099993e+03	   2.8029900e-04	
   8.5200272e+03	   2.8026140e-04	
   8.5299969e+03	   2.8026390e-04	
   8.5400248e+03	   2.8023930e-04	
   8.5499945e+03	   2.8022890e-04	
   8.5600224e+03	   2.8020810e-04	
   8.5700207e+03	   2.8017840e-04	
   8.5799904e+03	   2.8014340e-04	
   8.5900183e+03	   2.8012500e-04	
   8.5999880e+03	   2.8010640e-04	
   8.6100159e+03	   2.8009380e-04	
   8.6200151e+03	   2.8007410e-04	
   8.6300144e+03	   2.8006600e-04	
   8.6400423e+03	   2.8004620e-04	
   8.6500406e+03	   2.8000590e-04	
   8.6600103e+03	   2.7994570e-04	
   8.6700382e+03	   2.7984980e-04	
   8.6800375e+03	   2.7973870e-04	
   8.6900072e+03	   2.7961040e-04	
   8.7000351e+03	   2.7946050e-04	
   8.7100048e+03	   2.7925480e-04	
   8.7200327e+03	   2.7896690e-04	
   8.7300310e+03	   2.7859600e-04	
   8.7400007e+03	   2.7817780e-04	
   8.7500296e+03	   2.7766970e-04	
   8.7599993e+03	   2.7706580e-04	
   8.7700272e+03	   2.7630140e-04	
   8.7799969e+03	   2.7529030e-04	
   8.7899952e+03	   2.7393770e-04	
   8.8000231e+03	   2.7205200e-04	
   8.8100224e+03	   2.6968750e-04	
   8.8199921e+03	   2.6670300e-04	
   8.8300200e+03	   2.6312690e-04	
   8.8400183e+03	   2.5878940e-04	
   8.8499880e+03	   2.5337300e-04	
   8.8600159e+03	   2.4717200e-04	
   8.8699856e+03	   2.3987670e-04	
   8.8800430e+03	   2.3135310e-04	
   8.8900127e+03	   2.2175050e-04	
   8.9000406e+03	   2.1080370e-04	
   8.9100103e+03	   1.9896750e-04	
   8.9200096e+03	   1.8632920e-04	
   8.9300375e+03	   1.7302710e-04	
   8.9400072e+03	   1.5920460e-04	
   8.9500351e+03	   1.4486350e-04	
   8.9600334e+03	   1.3081770e-04	
   8.9700327e+03	   1.1651020e-04	
   8.9800310e+03	   1.0270890e-04	
   8.9900303e+03	   8.9479860e-05	
   9.0000296e+03	   7.7342610e-05	
   9.0100279e+03	   6.6051960e-05	
   9.0200272e+03	   5.5888760e-05	
   9.0300255e+03	   4.6623120e-05	
   9.0399952e+03	   3.8594460e-05	
   9.0500231e+03	   3.1485700e-05	
   9.0600224e+03	   2.5516720e-05	
   9.0700207e+03	   2.0685720e-05	
   9.0799904e+03	   1.6465660e-05	
   9.0900183e+03	   1.3007460e-05	
   9.0999880e+03	   1.0344990e-05	
   9.1100159e+03	   8.2326710e-06	
   9.1200151e+03	   6.5766450e-06	
   9.1300144e+03	   5.3803540e-06	
   9.1400423e+03	   4.4747180e-06	
   9.1500406e+03	   3.7727740e-06	
   9.1600103e+03	   3.2475150e-06	
   9.1700382e+03	   2.8409670e-06	
   9.1800375e+03	   2.5084360e-06	
   9.1900358e+03	   2.2504560e-06	
   9.2000055e+03	   2.0462240e-06	
   9.2100334e+03	   1.8690210e-06	
   9.2200031e+03	   1.7230150e-06	
   9.2300310e+03	   1.6087220e-06	
   9.2400303e+03	   1.5406530e-06	
   9.2500296e+03	   1.4889930e-06	
   9.2600279e+03	   1.4481860e-06	
   9.2700272e+03	   1.4111480e-06	
   9.2800255e+03	   1.3887280e-06	
   9.2899952e+03	   1.3769380e-06	
   9.3000231e+03	   1.3662060e-06	
   9.3100224e+03	   1.3572300e-06	
   9.3199921e+03	   1.3483790e-06	
   9.3300200e+03	   1.3361260e-06	
   9.3400183e+03	   1.3232370e-06	
   9.3500175e+03	   1.3080830e-06	
   9.3600159e+03	   1.2914330e-06	
   9.3699856e+03	   1.2726380e-06	
   9.3800430e+03	   1.2510820e-06	
   9.3900423e+03	   1.2268170e-06	
   9.4000406e+03	   1.2029060e-06	
   9.4100103e+03	   1.1792650e-06	
   9.4200382e+03	   1.1560470e-06	
   9.4300375e+03	   1.1326160e-06	
   9.4400358e+03	   1.1104660e-06	
   9.4500351e+03	   1.0889950e-06	
   9.4600334e+03	   1.0683550e-06	
   9.4700031e+03	   1.0485750e-06	
   9.4800310e+03	   1.0303830e-06	
   9.4900303e+03	   1.0138310e-06	
   9.5000000e+03	   9.9970530e-07	
