   8.5000296e+03	   3.2233550e-04	
   8.5099993e+03	   2.8138190e-04	
   8.5200272e+03	   2.8134890e-04	
   8.5299969e+03	   2.8133700e-04	
   8.5400248e+03	   2.8133240e-04	
   8.5499945e+03	   2.8134080e-04	
   8.5600224e+03	   2.8130440e-04	
   8.5700207e+03	   2.8131410e-04	
   8.5799904e+03	   2.8130660e-04	
   8.5900183e+03	   2.8128830e-04	
   8.5999880e+03	   2.8127580e-04	
   8.6100159e+03	   2.8125540e-04	
   8.6200151e+03	   2.8121970e-04	
   8.6300144e+03	   2.8120790e-04	
   8.6400423e+03	   2.8119480e-04	
   8.6500406e+03	   2.8116310e-04	
   8.6600103e+03	   2.8110690e-04	
   8.6700382e+03	   2.8101990e-04	
   8.6800375e+03	   2.8088830e-04	
   8.6900072e+03	   2.8071700e-04	
   8.7000351e+03	   2.8050660e-04	
   8.7100334e+03	   2.8030190e-04	
   8.7200327e+03	   2.8004470e-04	
   8.7300310e+03	   2.7976090e-04	
   8.7400303e+03	   2.7939450e-04	
   8.7500296e+03	   2.7889310e-04	
   8.7599993e+03	   2.7824200e-04	
   8.7700272e+03	   2.7736920e-04	
   8.7800255e+03	   2.7622310e-04	
   8.7899952e+03	   2.7473770e-04	
   8.8000231e+03	   2.7277650e-04	
   8.8100224e+03	   2.7030720e-04	
   8.8199921e+03	   2.6716440e-04	
   8.8300200e+03	   2.6334510e-04	
   8.8399897e+03	   2.5874480e-04	
   8.8500175e+03	   2.5304010e-04	
   8.8600159e+03	   2.4655700e-04	
   8.8699856e+03	   2.3888000e-04	
   8.8800430e+03	   2.3026130e-04	
   8.8900127e+03	   2.2048480e-04	
   8.9000406e+03	   2.0957540e-04	
   8.9100399e+03	   1.9759780e-04	
   8.9200096e+03	   1.8462920e-04	
   8.9300375e+03	   1.7118600e-04	
   8.9400072e+03	   1.5738610e-04	
   8.9500351e+03	   1.4302700e-04	
   8.9600334e+03	   1.2922050e-04	
   8.9700327e+03	   1.1496290e-04	
   8.9800024e+03	   1.0145030e-04	
   8.9900303e+03	   8.8365800e-05	
   9.0000000e+03	   7.6148530e-05	
   9.0100279e+03	   6.4867530e-05	
   9.0200272e+03	   5.4819640e-05	
   9.0300255e+03	   4.5544660e-05	
   9.0400248e+03	   3.7586160e-05	
   9.0500231e+03	   3.0698200e-05	
   9.0600224e+03	   2.4903590e-05	
   9.0700207e+03	   1.9912200e-05	
   9.0799904e+03	   1.5916940e-05	
   9.0900478e+03	   1.2587500e-05	
   9.0999880e+03	   9.9980240e-06	
   9.1100159e+03	   7.9844470e-06	
   9.1200151e+03	   6.4072830e-06	
   9.1300144e+03	   5.2374870e-06	
   9.1400423e+03	   4.3502030e-06	
   9.1500406e+03	   3.6491450e-06	
   9.1600103e+03	   3.1271430e-06	
   9.1700382e+03	   2.7224460e-06	
   9.1800375e+03	   2.3960690e-06	
   9.1900358e+03	   2.1319360e-06	
   9.2000055e+03	   1.9141590e-06	
   9.2100630e+03	   1.7245430e-06	
   9.2200031e+03	   1.5972320e-06	
   9.2300310e+03	   1.4943760e-06	
   9.2400303e+03	   1.3997060e-06	
   9.2500296e+03	   1.3345050e-06	
   9.2600279e+03	   1.2787410e-06	
   9.2700272e+03	   1.2518870e-06	
   9.2799969e+03	   1.2287770e-06	
   9.2899952e+03	   1.2086490e-06	
   9.3000231e+03	   1.1954600e-06	
   9.3100224e+03	   1.1853300e-06	
   9.3199921e+03	   1.1749920e-06	
   9.3300200e+03	   1.1646760e-06	
   9.3399897e+03	   1.1555870e-06	
   9.3500175e+03	   1.1437500e-06	
   9.3600159e+03	   1.1297500e-06	
   9.3699856e+03	   1.1162870e-06	
   9.3800430e+03	   1.1020810e-06	
   9.3900423e+03	   1.0889380e-06	
   9.4000406e+03	   1.0748750e-06	
   9.4100399e+03	   1.0580990e-06	
   9.4200096e+03	   1.0425920e-06	
   9.4300375e+03	   1.0275040e-06	
   9.4400358e+03	   1.0122010e-06	
   9.4500055e+03	   9.9653320e-07	
   9.4600334e+03	   9.8143620e-07	
   9.4700031e+03	   9.6913820e-07	
   9.4800310e+03	   9.5640510e-07	
   9.4900303e+03	   9.4344680e-07	
   9.5000000e+03	   9.3110870e-07	
