   8.5000000e+03	   3.1851070e-04	
   8.5099993e+03	   2.7854060e-04	
   8.5200272e+03	   2.7848460e-04	
   8.5299969e+03	   2.7843760e-04	
   8.5399952e+03	   2.7839290e-04	
   8.5499945e+03	   2.7835310e-04	
   8.5600224e+03	   2.7828750e-04	
   8.5700207e+03	   2.7824390e-04	
   8.5799904e+03	   2.7819640e-04	
   8.5900183e+03	   2.7816460e-04	
   8.5999880e+03	   2.7811700e-04	
   8.6100159e+03	   2.7807320e-04	
   8.6200151e+03	   2.7801340e-04	
   8.6300144e+03	   2.7796710e-04	
   8.6400423e+03	   2.7790650e-04	
   8.6500120e+03	   2.7784730e-04	
   8.6600103e+03	   2.7771420e-04	
   8.6700382e+03	   2.7759410e-04	
   8.6800375e+03	   2.7743500e-04	
   8.6900358e+03	   2.7726310e-04	
   8.7000055e+03	   2.7706860e-04	
   8.7100334e+03	   2.7683850e-04	
   8.7200327e+03	   2.7658310e-04	
   8.7300310e+03	   2.7625620e-04	
   8.7400007e+03	   2.7587200e-04	
   8.7500296e+03	   2.7534180e-04	
   8.7599993e+03	   2.7466670e-04	
   8.7700272e+03	   2.7382450e-04	
   8.7800255e+03	   2.7272680e-04	
   8.7899952e+03	   2.7134010e-04	
   8.8000231e+03	   2.6950280e-04	
   8.8099928e+03	   2.6721340e-04	
   8.8200207e+03	   2.6431210e-04	
   8.8300200e+03	   2.6082060e-04	
   8.8399897e+03	   2.5658060e-04	
   8.8500175e+03	   2.5130180e-04	
   8.8599873e+03	   2.4528300e-04	
   8.8700151e+03	   2.3801310e-04	
   8.8800430e+03	   2.3023620e-04	
   8.8900127e+03	   2.2104930e-04	
   8.9000406e+03	   2.1085020e-04	
   8.9100399e+03	   1.9976170e-04	
   8.9200096e+03	   1.8783590e-04	
   8.9300375e+03	   1.7500720e-04	
   8.9400072e+03	   1.6157820e-04	
   8.9500351e+03	   1.4756920e-04	
   8.9600334e+03	   1.3361270e-04	
   8.9700327e+03	   1.1946970e-04	
   8.9800024e+03	   1.0613200e-04	
   8.9900303e+03	   9.2926170e-05	
   9.0000296e+03	   8.0449220e-05	
   9.0100279e+03	   6.8657650e-05	
   9.0200272e+03	   5.8203510e-05	
   9.0300255e+03	   4.8546900e-05	
   9.0399952e+03	   4.0166580e-05	
   9.0500231e+03	   3.2727640e-05	
   9.0600224e+03	   2.6452020e-05	
   9.0699921e+03	   2.1209150e-05	
   9.0800200e+03	   1.6920650e-05	
   9.0900183e+03	   1.3390630e-05	
   9.1000175e+03	   1.0615030e-05	
   9.1100159e+03	   8.4126800e-06	
   9.1200151e+03	   6.6874030e-06	
   9.1300144e+03	   5.4315260e-06	
   9.1400423e+03	   4.4825220e-06	
   9.1500406e+03	   3.7326400e-06	
   9.1600103e+03	   3.1744460e-06	
   9.1700382e+03	   2.7484160e-06	
   9.1800375e+03	   2.4017650e-06	
   9.1900358e+03	   2.1227820e-06	
   9.2000055e+03	   1.8943640e-06	
   9.2100334e+03	   1.6972760e-06	
   9.2200031e+03	   1.5337700e-06	
   9.2300310e+03	   1.4030280e-06	
   9.2400303e+03	   1.3131290e-06	
   9.2500296e+03	   1.2456840e-06	
   9.2600279e+03	   1.1963710e-06	
   9.2700272e+03	   1.1561100e-06	
   9.2799969e+03	   1.1263610e-06	
   9.2900248e+03	   1.1056220e-06	
   9.3000231e+03	   1.0902010e-06	
   9.3100224e+03	   1.0800330e-06	
   9.3200207e+03	   1.0713420e-06	
   9.3299904e+03	   1.0638440e-06	
   9.3400183e+03	   1.0565860e-06	
   9.3500175e+03	   1.0489330e-06	
   9.3600159e+03	   1.0415520e-06	
   9.3700151e+03	   1.0326100e-06	
   9.3800430e+03	   1.0249010e-06	
   9.3900423e+03	   1.0163280e-06	
   9.4000120e+03	   1.0055480e-06	
   9.4100399e+03	   9.9352750e-07	
   9.4200382e+03	   9.8333030e-07	
   9.4300079e+03	   9.7111480e-07	
   9.4400358e+03	   9.5928090e-07	
   9.4500055e+03	   9.4838500e-07	
   9.4600334e+03	   9.3763110e-07	
   9.4700327e+03	   9.2567460e-07	
   9.4800310e+03	   9.1382040e-07	
   9.4900007e+03	   9.0316030e-07	
   9.5000296e+03	   8.9394060e-07	
