   8.5000296e+03	   3.1655050e-04	
   8.5099993e+03	   2.7576900e-04	
   8.5200272e+03	   2.7570730e-04	
   8.5299969e+03	   2.7566290e-04	
   8.5400248e+03	   2.7559600e-04	
   8.5499945e+03	   2.7557640e-04	
   8.5600224e+03	   2.7552320e-04	
   8.5700207e+03	   2.7548660e-04	
   8.5799904e+03	   2.7546090e-04	
   8.5900183e+03	   2.7542320e-04	
   8.5999880e+03	   2.7537670e-04	
   8.6100159e+03	   2.7533250e-04	
   8.6200151e+03	   2.7527210e-04	
   8.6300144e+03	   2.7524070e-04	
   8.6400423e+03	   2.7518370e-04	
   8.6500406e+03	   2.7511460e-04	
   8.6600103e+03	   2.7506690e-04	
   8.6700382e+03	   2.7499090e-04	
   8.6800375e+03	   2.7491790e-04	
   8.6900072e+03	   2.7485080e-04	
   8.7000351e+03	   2.7476970e-04	
   8.7100048e+03	   2.7465890e-04	
   8.7200327e+03	   2.7451040e-04	
   8.7300310e+03	   2.7435980e-04	
   8.7400007e+03	   2.7421020e-04	
   8.7500296e+03	   2.7401490e-04	
   8.7599993e+03	   2.7373240e-04	
   8.7700272e+03	   2.7323900e-04	
   8.7799969e+03	   2.7247900e-04	
   8.7900248e+03	   2.7149460e-04	
   8.8000231e+03	   2.7027520e-04	
   8.8100224e+03	   2.6881940e-04	
   8.8199921e+03	   2.6691660e-04	
   8.8300200e+03	   2.6443410e-04	
   8.8400183e+03	   2.6115830e-04	
   8.8499880e+03	   2.5688710e-04	
   8.8600159e+03	   2.5191920e-04	
   8.8699856e+03	   2.4608140e-04	
   8.8800430e+03	   2.3949080e-04	
   8.8900127e+03	   2.3217840e-04	
   8.9000406e+03	   2.2377210e-04	
   8.9100399e+03	   2.1457430e-04	
   8.9200096e+03	   2.0449200e-04	
   8.9300375e+03	   1.9343740e-04	
   8.9400072e+03	   1.8175000e-04	
   8.9500351e+03	   1.6898440e-04	
   8.9600334e+03	   1.5575500e-04	
   8.9700327e+03	   1.4230000e-04	
   8.9800024e+03	   1.2917930e-04	
   8.9900303e+03	   1.1562330e-04	
   9.0000000e+03	   1.0257410e-04	
   9.0100279e+03	   9.0156410e-05	
   9.0200272e+03	   7.8639750e-05	
   9.0300255e+03	   6.7657170e-05	
   9.0399952e+03	   5.7737630e-05	
   9.0500231e+03	   4.8542930e-05	
   9.0600224e+03	   4.0432930e-05	
   9.0700207e+03	   3.3168920e-05	
   9.0799904e+03	   2.6954980e-05	
   9.0900478e+03	   2.1436820e-05	
   9.0999880e+03	   1.6911550e-05	
   9.1100159e+03	   1.3120980e-05	
   9.1200151e+03	   9.9899730e-06	
   9.1300144e+03	   7.7253300e-06	
   9.1400423e+03	   6.0323970e-06	
   9.1500406e+03	   4.6554190e-06	
   9.1600103e+03	   3.6086200e-06	
   9.1700382e+03	   2.8788620e-06	
   9.1800375e+03	   2.3365710e-06	
   9.1900358e+03	   1.9738780e-06	
   9.2000055e+03	   1.7403890e-06	
   9.2100334e+03	   1.5773640e-06	
   9.2200031e+03	   1.4639510e-06	
   9.2300310e+03	   1.3773420e-06	
   9.2400303e+03	   1.3061580e-06	
   9.2500296e+03	   1.2535810e-06	
   9.2600279e+03	   1.2056530e-06	
   9.2700272e+03	   1.1595830e-06	
   9.2799969e+03	   1.1247880e-06	
   9.2899952e+03	   1.0923790e-06	
   9.3000231e+03	   1.0593610e-06	
   9.3100224e+03	   1.0296530e-06	
   9.3199921e+03	   1.0028150e-06	
   9.3300200e+03	   9.8116000e-07	
   9.3399897e+03	   9.6232450e-07	
   9.3500175e+03	   9.4693200e-07	
   9.3600159e+03	   9.3263440e-07	
   9.3699856e+03	   9.2146100e-07	
   9.3800430e+03	   9.0963150e-07	
   9.3900423e+03	   8.9925290e-07	
   9.4000120e+03	   8.8975250e-07	
   9.4100399e+03	   8.8071710e-07	
   9.4200382e+03	   8.7363650e-07	
   9.4300079e+03	   8.6591750e-07	
   9.4400358e+03	   8.5725290e-07	
   9.4500055e+03	   8.5013020e-07	
   9.4600334e+03	   8.4305130e-07	
   9.4700327e+03	   8.3620110e-07	
   9.4800310e+03	   8.3040480e-07	
   9.4900007e+03	   8.2416800e-07	
   9.5000000e+03	   8.2026170e-07	
