   8.5000296e+03	   3.1670620e-04	
   8.5099993e+03	   2.7618000e-04	
   8.5200272e+03	   2.7613530e-04	
   8.5299969e+03	   2.7612720e-04	
   8.5400248e+03	   2.7608440e-04	
   8.5500231e+03	   2.7605180e-04	
   8.5599928e+03	   2.7600730e-04	
   8.5700207e+03	   2.7596010e-04	
   8.5799904e+03	   2.7592590e-04	
   8.5900183e+03	   2.7588010e-04	
   8.6000175e+03	   2.7583110e-04	
   8.6100159e+03	   2.7578760e-04	
   8.6199856e+03	   2.7575510e-04	
   8.6300430e+03	   2.7568830e-04	
   8.6400423e+03	   2.7565340e-04	
   8.6500406e+03	   2.7561810e-04	
   8.6600103e+03	   2.7557310e-04	
   8.6700382e+03	   2.7552420e-04	
   8.6800375e+03	   2.7546100e-04	
   8.6900072e+03	   2.7538530e-04	
   8.7000351e+03	   2.7531180e-04	
   8.7100334e+03	   2.7523970e-04	
   8.7200327e+03	   2.7518720e-04	
   8.7300024e+03	   2.7514190e-04	
   8.7400303e+03	   2.7502410e-04	
   8.7500296e+03	   2.7486170e-04	
   8.7599993e+03	   2.7457660e-04	
   8.7700272e+03	   2.7412310e-04	
   8.7799969e+03	   2.7347490e-04	
   8.7900248e+03	   2.7258650e-04	
   8.8000231e+03	   2.7139970e-04	
   8.8099928e+03	   2.6989000e-04	
   8.8200207e+03	   2.6792630e-04	
   8.8300200e+03	   2.6549510e-04	
   8.8399897e+03	   2.6235140e-04	
   8.8500175e+03	   2.5825910e-04	
   8.8600159e+03	   2.5336010e-04	
   8.8699856e+03	   2.4748140e-04	
   8.8800430e+03	   2.4066040e-04	
   8.8900127e+03	   2.3282650e-04	
   8.9000406e+03	   2.2373180e-04	
   8.9100399e+03	   2.1365270e-04	
   8.9200096e+03	   2.0281810e-04	
   8.9300375e+03	   1.9122100e-04	
   8.9400072e+03	   1.7910120e-04	
   8.9500351e+03	   1.6628950e-04	
   8.9600048e+03	   1.5377150e-04	
   8.9700327e+03	   1.4052560e-04	
   8.9800310e+03	   1.2721710e-04	
   8.9900303e+03	   1.1411950e-04	
   9.0000296e+03	   1.0145810e-04	
   9.0100279e+03	   8.9087490e-05	
   9.0200272e+03	   7.7729840e-05	
   9.0299969e+03	   6.6747720e-05	
   9.0400248e+03	   5.6842160e-05	
   9.0500231e+03	   4.7624280e-05	
   9.0600224e+03	   3.9442250e-05	
   9.0700207e+03	   3.2192100e-05	
   9.0799904e+03	   2.6029300e-05	
   9.0900183e+03	   2.0632720e-05	
   9.0999880e+03	   1.6293610e-05	
   9.1100159e+03	   1.2702230e-05	
   9.1200151e+03	   9.7343230e-06	
   9.1300144e+03	   7.4082430e-06	
   9.1400423e+03	   5.7382920e-06	
   9.1500406e+03	   4.4121990e-06	
   9.1600103e+03	   3.4507220e-06	
   9.1700382e+03	   2.8091430e-06	
   9.1800079e+03	   2.3012690e-06	
   9.1900358e+03	   1.9533610e-06	
   9.2000055e+03	   1.7081900e-06	
   9.2100334e+03	   1.5221680e-06	
   9.2200031e+03	   1.4100660e-06	
   9.2300310e+03	   1.3325360e-06	
   9.2400303e+03	   1.2722940e-06	
   9.2500000e+03	   1.2208910e-06	
   9.2600279e+03	   1.1792560e-06	
   9.2699976e+03	   1.1341700e-06	
   9.2800255e+03	   1.0954760e-06	
   9.2899952e+03	   1.0612700e-06	
   9.3000231e+03	   1.0314560e-06	
   9.3100224e+03	   1.0030550e-06	
   9.3200207e+03	   9.7817700e-07	
   9.3299904e+03	   9.5459090e-07	
   9.3400183e+03	   9.3292210e-07	
   9.3500175e+03	   9.1534530e-07	
   9.3600159e+03	   9.0174900e-07	
   9.3700151e+03	   8.8870220e-07	
   9.3800430e+03	   8.7796870e-07	
   9.3900423e+03	   8.6869100e-07	
   9.4000120e+03	   8.6057190e-07	
   9.4100399e+03	   8.5175000e-07	
   9.4200096e+03	   8.4272980e-07	
   9.4300375e+03	   8.3621830e-07	
   9.4400358e+03	   8.2917340e-07	
   9.4500055e+03	   8.2173990e-07	
   9.4600334e+03	   8.1360010e-07	
   9.4700327e+03	   8.0597340e-07	
   9.4800310e+03	   8.0008690e-07	
   9.4900303e+03	   7.9361240e-07	
   9.5000000e+03	   7.8900060e-07	
