   8.5000296e+03	   3.1223670e-04	
   8.5099993e+03	   2.7207490e-04	
   8.5200272e+03	   2.7201000e-04	
   8.5299969e+03	   2.7196770e-04	
   8.5399952e+03	   2.7192400e-04	
   8.5500231e+03	   2.7185060e-04	
   8.5599928e+03	   2.7180360e-04	
   8.5700207e+03	   2.7173600e-04	
   8.5799904e+03	   2.7168760e-04	
   8.5900183e+03	   2.7163140e-04	
   8.5999880e+03	   2.7157580e-04	
   8.6100159e+03	   2.7151470e-04	
   8.6200151e+03	   2.7146960e-04	
   8.6300144e+03	   2.7139920e-04	
   8.6400423e+03	   2.7134370e-04	
   8.6500406e+03	   2.7128910e-04	
   8.6600103e+03	   2.7121590e-04	
   8.6700382e+03	   2.7115030e-04	
   8.6800375e+03	   2.7107150e-04	
   8.6900072e+03	   2.7100220e-04	
   8.7000351e+03	   2.7092690e-04	
   8.7100334e+03	   2.7083020e-04	
   8.7200327e+03	   2.7072780e-04	
   8.7300024e+03	   2.7060820e-04	
   8.7400303e+03	   2.7044230e-04	
   8.7500296e+03	   2.7023280e-04	
   8.7599993e+03	   2.6995280e-04	
   8.7700272e+03	   2.6954420e-04	
   8.7799969e+03	   2.6898340e-04	
   8.7900248e+03	   2.6820050e-04	
   8.8000231e+03	   2.6712590e-04	
   8.8100224e+03	   2.6568970e-04	
   8.8199921e+03	   2.6378000e-04	
   8.8300200e+03	   2.6130790e-04	
   8.8400183e+03	   2.5818360e-04	
   8.8499880e+03	   2.5413950e-04	
   8.8600159e+03	   2.4935720e-04	
   8.8700151e+03	   2.4366490e-04	
   8.8800430e+03	   2.3714320e-04	
   8.8900127e+03	   2.2962550e-04	
   8.9000406e+03	   2.2097870e-04	
   8.9100399e+03	   2.1152890e-04	
   8.9200096e+03	   2.0120320e-04	
   8.9300375e+03	   1.9018280e-04	
   8.9400072e+03	   1.7845650e-04	
   8.9500351e+03	   1.6591390e-04	
   8.9600334e+03	   1.5325990e-04	
   8.9700327e+03	   1.4036030e-04	
   8.9800024e+03	   1.2721680e-04	
   8.9900599e+03	   1.1421100e-04	
   9.0000000e+03	   1.0157420e-04	
   9.0100279e+03	   8.9244310e-05	
   9.0200272e+03	   7.7687630e-05	
   9.0300255e+03	   6.6635900e-05	
   9.0399952e+03	   5.6692720e-05	
   9.0500231e+03	   4.7505560e-05	
   9.0600224e+03	   3.9359420e-05	
   9.0700207e+03	   3.2071690e-05	
   9.0799904e+03	   2.5946890e-05	
   9.0900478e+03	   2.0602040e-05	
   9.0999880e+03	   1.6286850e-05	
   9.1100159e+03	   1.2758620e-05	
   9.1200151e+03	   9.7472420e-06	
   9.1300144e+03	   7.4258310e-06	
   9.1400423e+03	   5.7188890e-06	
   9.1500406e+03	   4.4028420e-06	
   9.1600103e+03	   3.4292650e-06	
   9.1700382e+03	   2.7480740e-06	
   9.1800375e+03	   2.2516120e-06	
   9.1900072e+03	   1.9040740e-06	
   9.2000055e+03	   1.6459360e-06	
   9.2100334e+03	   1.4707530e-06	
   9.2200031e+03	   1.3485550e-06	
   9.2300310e+03	   1.2674030e-06	
   9.2400303e+03	   1.2073130e-06	
   9.2500000e+03	   1.1567980e-06	
   9.2600279e+03	   1.1100320e-06	
   9.2699976e+03	   1.0698120e-06	
   9.2800255e+03	   1.0313540e-06	
   9.2899952e+03	   9.9832290e-07	
   9.3000231e+03	   9.6876030e-07	
   9.3100224e+03	   9.4245520e-07	
   9.3200207e+03	   9.1829920e-07	
   9.3299904e+03	   8.9467530e-07	
   9.3400183e+03	   8.7354950e-07	
   9.3500175e+03	   8.5510560e-07	
   9.3599873e+03	   8.4159120e-07	
   9.3700151e+03	   8.2922410e-07	
   9.3800144e+03	   8.1908480e-07	
   9.3900423e+03	   8.0980080e-07	
   9.4000120e+03	   8.0199520e-07	
   9.4100399e+03	   7.9355180e-07	
   9.4200382e+03	   7.8471730e-07	
   9.4300375e+03	   7.7888720e-07	
   9.4400358e+03	   7.7170110e-07	
   9.4500351e+03	   7.6432620e-07	
   9.4600334e+03	   7.5689810e-07	
   9.4700031e+03	   7.4918690e-07	
   9.4800310e+03	   7.4219860e-07	
   9.4900303e+03	   7.3568530e-07	
   9.5000000e+03	   7.3119980e-07	
