   8.5000296e+03	   3.1063880e-04	
   8.5099993e+03	   2.7055260e-04	
   8.5200272e+03	   2.7043520e-04	
   8.5299969e+03	   2.7033790e-04	
   8.5400248e+03	   2.7022660e-04	
   8.5500231e+03	   2.7012580e-04	
   8.5600224e+03	   2.7000370e-04	
   8.5700207e+03	   2.6991220e-04	
   8.5799904e+03	   2.6982390e-04	
   8.5900183e+03	   2.6971810e-04	
   8.5999880e+03	   2.6962080e-04	
   8.6100159e+03	   2.6949550e-04	
   8.6200151e+03	   2.6938090e-04	
   8.6300144e+03	   2.6927520e-04	
   8.6400423e+03	   2.6915710e-04	
   8.6500120e+03	   2.6904050e-04	
   8.6600103e+03	   2.6892980e-04	
   8.6700382e+03	   2.6879420e-04	
   8.6800375e+03	   2.6859270e-04	
   8.6900072e+03	   2.6831860e-04	
   8.7000351e+03	   2.6789460e-04	
   8.7100048e+03	   2.6734580e-04	
   8.7200327e+03	   2.6664130e-04	
   8.7300310e+03	   2.6574170e-04	
   8.7400303e+03	   2.6458670e-04	
   8.7500000e+03	   2.6311250e-04	
   8.7600279e+03	   2.6113950e-04	
   8.7700272e+03	   2.5870960e-04	
   8.7799969e+03	   2.5547970e-04	
   8.7900248e+03	   2.5180700e-04	
   8.8000231e+03	   2.4721470e-04	
   8.8099928e+03	   2.4189070e-04	
   8.8199921e+03	   2.3581090e-04	
   8.8300200e+03	   2.2912570e-04	
   8.8399897e+03	   2.2166930e-04	
   8.8500175e+03	   2.1313970e-04	
   8.8600159e+03	   2.0446610e-04	
   8.8699856e+03	   1.9468730e-04	
   8.8800430e+03	   1.8395340e-04	
   8.8900127e+03	   1.7441690e-04	
   8.9000406e+03	   1.6215940e-04	
   8.9100399e+03	   1.4985240e-04	
   8.9200096e+03	   1.3817660e-04	
   8.9300375e+03	   1.2605190e-04	
   8.9400072e+03	   1.1400000e-04	
   8.9500351e+03	   1.0207130e-04	
   8.9600048e+03	   9.0677550e-05	
   8.9700327e+03	   7.9383330e-05	
   8.9800310e+03	   6.9125430e-05	
   8.9900303e+03	   5.9501350e-05	
   9.0000296e+03	   5.0645740e-05	
   9.0099993e+03	   4.2675320e-05	
   9.0200272e+03	   3.5619320e-05	
   9.0300255e+03	   2.9258140e-05	
   9.0399952e+03	   2.3900080e-05	
   9.0500231e+03	   1.9197700e-05	
   9.0600224e+03	   1.5257100e-05	
   9.0700207e+03	   1.1995330e-05	
   9.0799904e+03	   9.3965620e-06	
   9.0900478e+03	   7.0701390e-06	
   9.0999880e+03	   5.4037870e-06	
   9.1100159e+03	   4.0681240e-06	
   9.1200151e+03	   3.1109390e-06	
   9.1300430e+03	   2.4643880e-06	
   9.1400127e+03	   1.9184610e-06	
   9.1500406e+03	   1.5735110e-06	
   9.1600103e+03	   1.3452030e-06	
   9.1700382e+03	   1.1998440e-06	
   9.1800375e+03	   1.1034220e-06	
   9.1900358e+03	   1.0416800e-06	
   9.2000055e+03	   1.0049770e-06	
   9.2100334e+03	   9.7593640e-07	
   9.2200031e+03	   9.5551910e-07	
   9.2300310e+03	   9.3904040e-07	
   9.2400303e+03	   9.2160860e-07	
   9.2500000e+03	   9.0718490e-07	
   9.2600279e+03	   8.9252310e-07	
   9.2699976e+03	   8.7516630e-07	
   9.2799969e+03	   8.6001110e-07	
   9.2900248e+03	   8.4381180e-07	
   9.3000231e+03	   8.2935680e-07	
   9.3100224e+03	   8.1477490e-07	
   9.3200207e+03	   8.0208740e-07	
   9.3299904e+03	   7.8975610e-07	
   9.3400183e+03	   7.7888400e-07	
   9.3500175e+03	   7.6916020e-07	
   9.3599873e+03	   7.5939910e-07	
   9.3700151e+03	   7.5085340e-07	
   9.3800430e+03	   7.4263660e-07	
   9.3900423e+03	   7.3419080e-07	
   9.4000406e+03	   7.2628570e-07	
   9.4100103e+03	   7.2109600e-07	
   9.4200382e+03	   7.1497000e-07	
   9.4300375e+03	   7.0789550e-07	
   9.4400358e+03	   7.0265500e-07	
   9.4500055e+03	   6.9748180e-07	
   9.4600334e+03	   6.9200180e-07	
   9.4700327e+03	   6.8686780e-07	
   9.4800310e+03	   6.8172590e-07	
   9.4900303e+03	   6.7658740e-07	
   9.5000000e+03	   6.7193210e-07	
