   8.5000296e+03	   3.0502360e-04	
   8.5099993e+03	   2.6453570e-04	
   8.5200272e+03	   2.6443410e-04	
   8.5299969e+03	   2.6436760e-04	
   8.5400248e+03	   2.6427480e-04	
   8.5499945e+03	   2.6422310e-04	
   8.5600224e+03	   2.6412730e-04	
   8.5700207e+03	   2.6405200e-04	
   8.5799904e+03	   2.6395610e-04	
   8.5900183e+03	   2.6386140e-04	
   8.5999880e+03	   2.6376340e-04	
   8.6100159e+03	   2.6368360e-04	
   8.6200151e+03	   2.6358820e-04	
   8.6300144e+03	   2.6351030e-04	
   8.6400423e+03	   2.6341370e-04	
   8.6500406e+03	   2.6332370e-04	
   8.6600103e+03	   2.6323080e-04	
   8.6700382e+03	   2.6309150e-04	
   8.6800375e+03	   2.6291410e-04	
   8.6900072e+03	   2.6269300e-04	
   8.7000351e+03	   2.6243890e-04	
   8.7100334e+03	   2.6210730e-04	
   8.7200031e+03	   2.6164300e-04	
   8.7300310e+03	   2.6098250e-04	
   8.7400303e+03	   2.6011100e-04	
   8.7500000e+03	   2.5887280e-04	
   8.7600279e+03	   2.5721370e-04	
   8.7700272e+03	   2.5509300e-04	
   8.7799969e+03	   2.5238440e-04	
   8.7900248e+03	   2.4901880e-04	
   8.8000231e+03	   2.4475960e-04	
   8.8099928e+03	   2.3980170e-04	
   8.8200207e+03	   2.3396030e-04	
   8.8300200e+03	   2.2741990e-04	
   8.8399897e+03	   2.2001390e-04	
   8.8500175e+03	   2.1144720e-04	
   8.8600159e+03	   2.0257990e-04	
   8.8699856e+03	   1.9308240e-04	
   8.8800430e+03	   1.8307150e-04	
   8.8900127e+03	   1.7253810e-04	
   8.9000406e+03	   1.6120530e-04	
   8.9100399e+03	   1.4970400e-04	
   8.9200096e+03	   1.3815270e-04	
   8.9300375e+03	   1.2630750e-04	
   8.9400072e+03	   1.1461360e-04	
   8.9500351e+03	   1.0298630e-04	
   8.9600334e+03	   9.1763980e-05	
   8.9700327e+03	   8.0740750e-05	
   8.9800024e+03	   7.0439320e-05	
   8.9900303e+03	   6.0829260e-05	
   9.0000296e+03	   5.2008580e-05	
   9.0100279e+03	   4.3956300e-05	
   9.0200272e+03	   3.6802510e-05	
   9.0300255e+03	   3.0311060e-05	
   9.0399952e+03	   2.4747280e-05	
   9.0500231e+03	   1.9918040e-05	
   9.0600224e+03	   1.5898610e-05	
   9.0700207e+03	   1.2443230e-05	
   9.0799904e+03	   9.7088810e-06	
   9.0900183e+03	   7.3757160e-06	
   9.0999880e+03	   5.6814000e-06	
   9.1100159e+03	   4.3243880e-06	
   9.1200151e+03	   3.2967170e-06	
   9.1300144e+03	   2.5348880e-06	
   9.1400423e+03	   1.9806640e-06	
   9.1500406e+03	   1.6093450e-06	
   9.1600103e+03	   1.3598370e-06	
   9.1700382e+03	   1.1976340e-06	
   9.1800375e+03	   1.0888900e-06	
   9.1900358e+03	   1.0181130e-06	
   9.2000055e+03	   9.7110260e-07	
   9.2100334e+03	   9.4370290e-07	
   9.2200031e+03	   9.2620800e-07	
   9.2300310e+03	   9.0927980e-07	
   9.2400303e+03	   8.9610460e-07	
   9.2500000e+03	   8.8212380e-07	
   9.2600279e+03	   8.6685980e-07	
   9.2699976e+03	   8.5107250e-07	
   9.2799969e+03	   8.3462930e-07	
   9.2900248e+03	   8.1906510e-07	
   9.3000231e+03	   8.0226900e-07	
   9.3100224e+03	   7.8787500e-07	
   9.3200207e+03	   7.7409150e-07	
   9.3299904e+03	   7.6192090e-07	
   9.3400183e+03	   7.5073210e-07	
   9.3500175e+03	   7.4021760e-07	
   9.3600159e+03	   7.3119250e-07	
   9.3699856e+03	   7.2214690e-07	
   9.3800430e+03	   7.1423190e-07	
   9.3900423e+03	   7.0737240e-07	
   9.4000120e+03	   7.0078520e-07	
   9.4100399e+03	   6.9343880e-07	
   9.4200096e+03	   6.8625550e-07	
   9.4300375e+03	   6.8150260e-07	
   9.4400358e+03	   6.7552840e-07	
   9.4500055e+03	   6.6970060e-07	
   9.4600334e+03	   6.6449170e-07	
   9.4700031e+03	   6.5953590e-07	
   9.4800024e+03	   6.5464920e-07	
   9.4900303e+03	   6.4970270e-07	
   9.5000000e+03	   6.4436920e-07	
