   8.5000296e+03	   3.0384820e-04	
   8.5099993e+03	   2.6286180e-04	
   8.5200272e+03	   2.6284030e-04	
   8.5299969e+03	   2.6284670e-04	
   8.5400248e+03	   2.6283190e-04	
   8.5499945e+03	   2.6281750e-04	
   8.5600224e+03	   2.6281770e-04	
   8.5700207e+03	   2.6280770e-04	
   8.5799904e+03	   2.6279770e-04	
   8.5900183e+03	   2.6277870e-04	
   8.5999880e+03	   2.6276000e-04	
   8.6100159e+03	   2.6273940e-04	
   8.6200151e+03	   2.6271500e-04	
   8.6300144e+03	   2.6270900e-04	
   8.6400423e+03	   2.6268670e-04	
   8.6500406e+03	   2.6267530e-04	
   8.6600103e+03	   2.6263470e-04	
   8.6700382e+03	   2.6257340e-04	
   8.6800375e+03	   2.6248470e-04	
   8.6900072e+03	   2.6236940e-04	
   8.7000351e+03	   2.6213670e-04	
   8.7100048e+03	   2.6179470e-04	
   8.7200327e+03	   2.6126600e-04	
   8.7300310e+03	   2.6048280e-04	
   8.7400007e+03	   2.5947560e-04	
   8.7500296e+03	   2.5806760e-04	
   8.7600279e+03	   2.5625260e-04	
   8.7700272e+03	   2.5400690e-04	
   8.7799969e+03	   2.5120350e-04	
   8.7900248e+03	   2.4780980e-04	
   8.7999945e+03	   2.4357970e-04	
   8.8100224e+03	   2.3872240e-04	
   8.8199921e+03	   2.3309150e-04	
   8.8300200e+03	   2.2677190e-04	
   8.8399897e+03	   2.1972350e-04	
   8.8500175e+03	   2.1160970e-04	
   8.8600159e+03	   2.0310210e-04	
   8.8699856e+03	   1.9385560e-04	
   8.8800430e+03	   1.8401760e-04	
   8.8900127e+03	   1.7360180e-04	
   8.9000406e+03	   1.6253810e-04	
   8.9100399e+03	   1.5109450e-04	
   8.9200096e+03	   1.3904370e-04	
   8.9300375e+03	   1.2754350e-04	
   8.9400072e+03	   1.1599350e-04	
   8.9500351e+03	   1.0442410e-04	
   8.9600048e+03	   9.3244960e-05	
   8.9700623e+03	   8.1938640e-05	
   8.9800024e+03	   7.1740230e-05	
   8.9900303e+03	   6.2164760e-05	
   9.0000296e+03	   5.3377570e-05	
   9.0100279e+03	   4.5153700e-05	
   9.0200272e+03	   3.7850560e-05	
   9.0300255e+03	   3.1350080e-05	
   9.0399952e+03	   2.5710300e-05	
   9.0500231e+03	   2.0810850e-05	
   9.0600224e+03	   1.6585480e-05	
   9.0699921e+03	   1.3012120e-05	
   9.0799904e+03	   1.0171680e-05	
   9.0900478e+03	   7.9062010e-06	
   9.0999880e+03	   6.0708910e-06	
   9.1100159e+03	   4.5392920e-06	
   9.1200151e+03	   3.3769970e-06	
   9.1300144e+03	   2.6179670e-06	
   9.1400423e+03	   2.0936830e-06	
   9.1500406e+03	   1.6563990e-06	
   9.1600103e+03	   1.3782390e-06	
   9.1700382e+03	   1.1931050e-06	
   9.1800375e+03	   1.0695390e-06	
   9.1900358e+03	   9.9930080e-07	
   9.2000055e+03	   9.5761690e-07	
   9.2100334e+03	   9.2831640e-07	
   9.2200031e+03	   9.0671090e-07	
   9.2300310e+03	   8.9119370e-07	
   9.2400303e+03	   8.7541050e-07	
   9.2500296e+03	   8.6019250e-07	
   9.2600279e+03	   8.4549630e-07	
   9.2700272e+03	   8.3035960e-07	
   9.2800255e+03	   8.1260070e-07	
   9.2899952e+03	   7.9744800e-07	
   9.3000231e+03	   7.8298220e-07	
   9.3100224e+03	   7.6906900e-07	
   9.3199921e+03	   7.5596970e-07	
   9.3300200e+03	   7.4330670e-07	
   9.3399897e+03	   7.3177090e-07	
   9.3500175e+03	   7.2189390e-07	
   9.3600159e+03	   7.1239840e-07	
   9.3699856e+03	   7.0346060e-07	
   9.3800430e+03	   6.9505610e-07	
   9.3900423e+03	   6.8752830e-07	
   9.4000120e+03	   6.7904070e-07	
   9.4100399e+03	   6.7271800e-07	
   9.4200096e+03	   6.6714840e-07	
   9.4300375e+03	   6.6088690e-07	
   9.4400358e+03	   6.5465890e-07	
   9.4500055e+03	   6.4932160e-07	
   9.4600334e+03	   6.4403240e-07	
   9.4700327e+03	   6.3906620e-07	
   9.4800310e+03	   6.3420280e-07	
   9.4900303e+03	   6.2881060e-07	
   9.5000000e+03	   6.2354770e-07	
