   8.0000296e+03	   3.0312850e-04	
   8.0099993e+03	   2.6311090e-04	
   8.0200272e+03	   2.6309940e-04	
   8.0300255e+03	   2.6309140e-04	
   8.0400248e+03	   2.6308450e-04	
   8.0500231e+03	   2.6308490e-04	
   8.0600224e+03	   2.6306840e-04	
   8.0700207e+03	   2.6305590e-04	
   8.0800200e+03	   2.6304090e-04	
   8.0900183e+03	   2.6303910e-04	
   8.1000175e+03	   2.6302640e-04	
   8.1100159e+03	   2.6302680e-04	
   8.1200151e+03	   2.6301790e-04	
   8.1300430e+03	   2.6300430e-04	
   8.1400423e+03	   2.6299070e-04	
   8.1500406e+03	   2.6299070e-04	
   8.1600399e+03	   2.6297840e-04	
   8.1700382e+03	   2.6296310e-04	
   8.1800375e+03	   2.6295900e-04	
   8.1900072e+03	   2.6294530e-04	
   8.2000351e+03	   2.6294750e-04	
   8.2100334e+03	   2.6293970e-04	
   8.2200031e+03	   2.6293220e-04	
   8.2300310e+03	   2.6292290e-04	
   8.2400303e+03	   2.6290640e-04	
   8.2500296e+03	   2.6289690e-04	
   8.2600279e+03	   2.6287970e-04	
   8.2700272e+03	   2.6288470e-04	
   8.2800255e+03	   2.6286640e-04	
   8.2899952e+03	   2.6284490e-04	
   8.3000231e+03	   2.6281020e-04	
   8.3100224e+03	   2.6280300e-04	
   8.3199921e+03	   2.6277250e-04	
   8.3300200e+03	   2.6270020e-04	
   8.3399897e+03	   2.6263210e-04	
   8.3499880e+03	   2.6257310e-04	
   8.3600159e+03	   2.6244270e-04	
   8.3699856e+03	   2.6206360e-04	
   8.3800430e+03	   2.6201490e-04	
   8.3900127e+03	   2.6173480e-04	
   8.4000406e+03	   2.6134100e-04	
   8.4100399e+03	   2.6077880e-04	
   8.4200096e+03	   2.5995490e-04	
   8.4300375e+03	   2.5884270e-04	
   8.4400072e+03	   2.5748580e-04	
   8.4500351e+03	   2.5580700e-04	
   8.4600334e+03	   2.5383900e-04	
   8.4700031e+03	   2.5147760e-04	
   8.4800310e+03	   2.4864220e-04	
   8.4900303e+03	   2.4518600e-04	
   8.5000296e+03	   2.4122120e-04	
   8.5100279e+03	   2.3647010e-04	
   8.5200558e+03	   2.3108900e-04	
   8.5299969e+03	   2.2504090e-04	
   8.5399952e+03	   2.1829420e-04	
   8.5500231e+03	   2.1095040e-04	
   8.5600224e+03	   2.0314890e-04	
   8.5700207e+03	   1.9479490e-04	
   8.5799904e+03	   1.8613070e-04	
   8.5900183e+03	   1.7685050e-04	
   8.5999880e+03	   1.6716360e-04	
   8.6100159e+03	   1.5702520e-04	
   8.6200151e+03	   1.4695910e-04	
   8.6300144e+03	   1.3653430e-04	
   8.6400423e+03	   1.2601350e-04	
   8.6500406e+03	   1.1552100e-04	
   8.6600103e+03	   1.0485190e-04	
   8.6700382e+03	   9.4616140e-05	
   8.6800375e+03	   8.4720690e-05	
   8.6900358e+03	   7.5048510e-05	
   8.7000055e+03	   6.5984500e-05	
   8.7100334e+03	   5.7539160e-05	
   8.7200327e+03	   4.9803180e-05	
   8.7300310e+03	   4.2593870e-05	
   8.7400007e+03	   3.6192790e-05	
   8.7500296e+03	   3.0427840e-05	
   8.7600279e+03	   2.5518150e-05	
   8.7700272e+03	   2.1281210e-05	
   8.7799969e+03	   1.7530500e-05	
   8.7899952e+03	   1.4372760e-05	
   8.8000231e+03	   1.1499280e-05	
   8.8100224e+03	   9.1247280e-06	
   8.8199921e+03	   7.1874150e-06	
   8.8300200e+03	   5.6488720e-06	
   8.8399897e+03	   4.4382530e-06	
   8.8500175e+03	   3.4239740e-06	
   8.8600159e+03	   2.6838220e-06	
   8.8700151e+03	   2.1678420e-06	
   8.8800144e+03	   1.8058490e-06	
   8.8900127e+03	   1.5331550e-06	
   8.9000406e+03	   1.3174060e-06	
   8.9100399e+03	   1.1694750e-06	
   8.9200382e+03	   1.0697110e-06	
   8.9300375e+03	   1.0087370e-06	
   8.9400072e+03	   9.6670210e-07	
   8.9500351e+03	   9.2895340e-07	
   8.9600048e+03	   9.1465440e-07	
   8.9700327e+03	   8.9240040e-07	
   8.9800310e+03	   8.7936600e-07	
   8.9900303e+03	   8.6688750e-07	
   9.0000296e+03	   8.5616020e-07	
   9.0100279e+03	   8.4207970e-07	
   9.0200272e+03	   8.2770290e-07	
   9.0299969e+03	   8.1175790e-07	
   9.0400248e+03	   7.9866790e-07	
   9.0500231e+03	   7.8634470e-07	
   9.0600224e+03	   7.7197750e-07	
   9.0700207e+03	   7.5940760e-07	
   9.0799904e+03	   7.4553620e-07	
   9.0900478e+03	   7.3483440e-07	
   9.0999880e+03	   7.2444090e-07	
   9.1100159e+03	   7.1145170e-07	
   9.1200151e+03	   7.0117300e-07	
   9.1300144e+03	   6.9053780e-07	
   9.1400423e+03	   6.7961200e-07	
   9.1500406e+03	   6.7127070e-07	
   9.1600103e+03	   6.6116050e-07	
   9.1700382e+03	   6.5293690e-07	
   9.1800079e+03	   6.4568920e-07	
   9.1900358e+03	   6.3950160e-07	
   9.2000055e+03	   6.3315700e-07	
   9.2100334e+03	   6.2681690e-07	
   9.2200031e+03	   6.2089140e-07	
   9.2300310e+03	   6.1552250e-07	
   9.2400303e+03	   6.0981110e-07	
   9.2500296e+03	   6.0464270e-07	
   9.2600279e+03	   5.9947700e-07	
   9.2699976e+03	   5.9404930e-07	
   9.2799969e+03	   5.8958170e-07	
   9.2899952e+03	   5.8519290e-07	
   9.3000231e+03	   5.8067650e-07	
   9.3100224e+03	   5.7569770e-07	
   9.3199921e+03	   5.7159770e-07	
   9.3300200e+03	   5.6773270e-07	
   9.3399897e+03	   5.6421520e-07	
   9.3500175e+03	   5.6010800e-07	
   9.3600159e+03	   5.5629360e-07	
   9.3699856e+03	   5.5296310e-07	
   9.3800430e+03	   5.4946000e-07	
   9.3900423e+03	   5.4574950e-07	
   9.4000120e+03	   5.4220090e-07	
   9.4100399e+03	   5.3867250e-07	
   9.4200096e+03	   5.3462920e-07	
   9.4300375e+03	   5.3001000e-07	
   9.4400358e+03	   5.2661420e-07	
   9.4500055e+03	   5.2254800e-07	
   9.4600334e+03	   5.1808040e-07	
   9.4700031e+03	   5.1344120e-07	
   9.4800310e+03	   5.0856600e-07	
   9.4900007e+03	   5.0338620e-07	
   9.5000296e+03	   4.9803830e-07	
