   8.2000055e+03	   3.0288680e-04	
   8.2100048e+03	   2.6277020e-04	
   8.2200327e+03	   2.6277320e-04	
   8.2300024e+03	   2.6275870e-04	
   8.2400303e+03	   2.6275760e-04	
   8.2500000e+03	   2.6274770e-04	
   8.2600279e+03	   2.6274010e-04	
   8.2699976e+03	   2.6271900e-04	
   8.2800255e+03	   2.6269850e-04	
   8.2899952e+03	   2.6268210e-04	
   8.3000231e+03	   2.6266500e-04	
   8.3100224e+03	   2.6264950e-04	
   8.3200207e+03	   2.6260720e-04	
   8.3299904e+03	   2.6255410e-04	
   8.3400183e+03	   2.6248760e-04	
   8.3500175e+03	   2.6241890e-04	
   8.3599873e+03	   2.6232510e-04	
   8.3700151e+03	   2.6219200e-04	
   8.3800144e+03	   2.6197210e-04	
   8.3900423e+03	   2.6162520e-04	
   8.4000120e+03	   2.6120080e-04	
   8.4100399e+03	   2.6059340e-04	
   8.4200096e+03	   2.5985090e-04	
   8.4300375e+03	   2.5887500e-04	
   8.4400072e+03	   2.5767050e-04	
   8.4500351e+03	   2.5608920e-04	
   8.4600334e+03	   2.5412290e-04	
   8.4700327e+03	   2.5168560e-04	
   8.4800024e+03	   2.4875160e-04	
   8.4900303e+03	   2.4526960e-04	
   8.5000296e+03	   2.4136190e-04	
   8.5100279e+03	   2.3671150e-04	
   8.5200272e+03	   2.3133050e-04	
   8.5300255e+03	   2.2541560e-04	
   8.5400248e+03	   2.1877810e-04	
   8.5499945e+03	   2.1145660e-04	
   8.5600224e+03	   2.0359410e-04	
   8.5700207e+03	   1.9522440e-04	
   8.5799904e+03	   1.8652150e-04	
   8.5900183e+03	   1.7728690e-04	
   8.5999880e+03	   1.6750190e-04	
   8.6100159e+03	   1.5703260e-04	
   8.6200151e+03	   1.4685400e-04	
   8.6300144e+03	   1.3631940e-04	
   8.6400423e+03	   1.2556420e-04	
   8.6500120e+03	   1.1518550e-04	
   8.6600399e+03	   1.0453940e-04	
   8.6700096e+03	   9.4435580e-05	
   8.6800375e+03	   8.4395200e-05	
   8.6900072e+03	   7.4935400e-05	
   8.7000351e+03	   6.5942790e-05	
   8.7100048e+03	   5.7667670e-05	
   8.7200327e+03	   4.9845330e-05	
   8.7300310e+03	   4.2791060e-05	
   8.7400303e+03	   3.6415790e-05	
   8.7500296e+03	   3.0779320e-05	
   8.7599993e+03	   2.5667140e-05	
   8.7700272e+03	   2.1211920e-05	
   8.7799969e+03	   1.7250920e-05	
   8.7899952e+03	   1.3997570e-05	
   8.8000231e+03	   1.1205010e-05	
   8.8100224e+03	   8.8671920e-06	
   8.8199921e+03	   6.9320790e-06	
   8.8300200e+03	   5.3530560e-06	
   8.8399897e+03	   4.1426560e-06	
   8.8500175e+03	   3.2358010e-06	
   8.8600159e+03	   2.6268970e-06	
   8.8699856e+03	   2.1037890e-06	
   8.8800430e+03	   1.7435990e-06	
   8.8900127e+03	   1.4581740e-06	
   8.9000406e+03	   1.2596130e-06	
   8.9100399e+03	   1.1219160e-06	
   8.9200096e+03	   1.0338750e-06	
   8.9300079e+03	   9.7669650e-07	
   8.9400358e+03	   9.3207370e-07	
   8.9500351e+03	   9.0048280e-07	
   8.9600048e+03	   8.8678840e-07	
   8.9700327e+03	   8.6806970e-07	
   8.9800310e+03	   8.5459000e-07	
   8.9900303e+03	   8.4408690e-07	
   9.0000296e+03	   8.3066460e-07	
   9.0100279e+03	   8.1669010e-07	
   9.0200272e+03	   8.0184760e-07	
   9.0299969e+03	   7.8591240e-07	
   9.0399952e+03	   7.7346810e-07	
   9.0500231e+03	   7.6022170e-07	
   9.0600224e+03	   7.4501340e-07	
   9.0699921e+03	   7.3141720e-07	
   9.0799904e+03	   7.1848880e-07	
   9.0900478e+03	   7.0585940e-07	
   9.0999880e+03	   6.9406600e-07	
   9.1100159e+03	   6.8308780e-07	
   9.1200151e+03	   6.7518390e-07	
   9.1300144e+03	   6.6785200e-07	
   9.1400423e+03	   6.5885620e-07	
   9.1500406e+03	   6.4628190e-07	
   9.1600103e+03	   6.3757640e-07	
   9.1700382e+03	   6.3049730e-07	
   9.1800375e+03	   6.2350670e-07	
   9.1900358e+03	   6.1723660e-07	
   9.2000055e+03	   6.1123110e-07	
