   8.5000000e+03	   2.6252110e-04	
   8.5099993e+03	   2.6249560e-04	
   8.5200272e+03	   2.6247830e-04	
   8.5299969e+03	   2.6247780e-04	
   8.5400248e+03	   2.6244740e-04	
   8.5499945e+03	   2.6244090e-04	
   8.5600224e+03	   2.6239910e-04	
   8.5700207e+03	   2.6235040e-04	
   8.5799904e+03	   2.6231290e-04	
   8.5900183e+03	   2.6225630e-04	
   8.5999880e+03	   2.6219050e-04	
   8.6100159e+03	   2.6211380e-04	
   8.6200151e+03	   2.6205090e-04	
   8.6300144e+03	   2.6195440e-04	
   8.6400423e+03	   2.6181920e-04	
   8.6500406e+03	   2.6168360e-04	
   8.6600103e+03	   2.6154980e-04	
   8.6700382e+03	   2.6138350e-04	
   8.6800079e+03	   2.6116560e-04	
   8.6900072e+03	   2.6089290e-04	
   8.7000351e+03	   2.6058630e-04	
   8.7100334e+03	   2.6021860e-04	
   8.7200327e+03	   2.5976610e-04	
   8.7300310e+03	   2.5921430e-04	
   8.7400303e+03	   2.5855740e-04	
   8.7500296e+03	   2.5777590e-04	
   8.7599993e+03	   2.5685080e-04	
   8.7700272e+03	   2.5576430e-04	
   8.7800255e+03	   2.5444890e-04	
   8.7900248e+03	   2.5287490e-04	
   8.8000231e+03	   2.5093330e-04	
   8.8099928e+03	   2.4872170e-04	
   8.8200207e+03	   2.4612560e-04	
   8.8299904e+03	   2.4321620e-04	
   8.8400183e+03	   2.3993700e-04	
   8.8500175e+03	   2.3620230e-04	
   8.8600159e+03	   2.3217390e-04	
   8.8700151e+03	   2.2760940e-04	
   8.8800430e+03	   2.2286340e-04	
   8.8900127e+03	   2.1756770e-04	
   8.9000406e+03	   2.1147600e-04	
   8.9100399e+03	   2.0494020e-04	
   8.9200096e+03	   1.9822780e-04	
   8.9300375e+03	   1.9115950e-04	
   8.9400072e+03	   1.8377180e-04	
   8.9500351e+03	   1.7557070e-04	
   8.9600048e+03	   1.6746690e-04	
   8.9700327e+03	   1.5877440e-04	
   8.9800310e+03	   1.5070010e-04	
   8.9900303e+03	   1.4166560e-04	
   9.0000000e+03	   1.3311690e-04	
   9.0100279e+03	   1.2418140e-04	
   9.0200272e+03	   1.1554840e-04	
   9.0299969e+03	   1.0685660e-04	
   9.0400248e+03	   9.8046690e-05	
   9.0500231e+03	   8.9834520e-05	
   9.0600224e+03	   8.2574750e-05	
   9.0699921e+03	   7.4287460e-05	
   9.0799904e+03	   6.6868580e-05	
   9.0900478e+03	   5.9645040e-05	
   9.0999880e+03	   5.3229360e-05	
   9.1100159e+03	   4.7148810e-05	
   9.1200151e+03	   4.1590840e-05	
   9.1300144e+03	   3.6567840e-05	
   9.1400423e+03	   3.1971520e-05	
   9.1500406e+03	   2.7798070e-05	
   9.1600103e+03	   2.4142650e-05	
   9.1700096e+03	   2.0912590e-05	
   9.1800375e+03	   1.7947990e-05	
   9.1900072e+03	   1.5393800e-05	
   9.2000055e+03	   1.3164560e-05	
   9.2100334e+03	   1.1163530e-05	
   9.2200031e+03	   9.5322950e-06	
   9.2300310e+03	   8.0935840e-06	
   9.2400303e+03	   6.8530850e-06	
   9.2500000e+03	   5.8029720e-06	
   9.2600279e+03	   4.9026970e-06	
   9.2699976e+03	   4.1464030e-06	
   9.2800255e+03	   3.5095880e-06	
   9.2899952e+03	   3.0038520e-06	
   9.3000231e+03	   2.5829360e-06	
   9.3100224e+03	   2.2438890e-06	
   9.3199921e+03	   1.9733250e-06	
   9.3300200e+03	   1.7494560e-06	
   9.3399897e+03	   1.5652280e-06	
   9.3500175e+03	   1.4241400e-06	
   9.3600159e+03	   1.3104910e-06	
   9.3700151e+03	   1.2145920e-06	
   9.3800430e+03	   1.1418420e-06	
   9.3900423e+03	   1.0799540e-06	
   9.4000120e+03	   1.0279680e-06	
   9.4100399e+03	   9.8544330e-07	
   9.4200096e+03	   9.4960590e-07	
   9.4300375e+03	   9.1673070e-07	
   9.4400358e+03	   8.8781380e-07	
   9.4500055e+03	   8.6670400e-07	
   9.4600334e+03	   8.4633420e-07	
   9.4700031e+03	   8.2542790e-07	
   9.4800310e+03	   8.0144240e-07	
   9.4900303e+03	   7.8015650e-07	
   9.5000000e+03	   7.5712440e-07	
   9.5100279e+03	   7.4081470e-07	
   9.5199976e+03	   7.2426040e-07	
   9.5300255e+03	   7.0783070e-07	
   9.5399952e+03	   6.8942470e-07	
   9.5499945e+03	   6.7400760e-07	
   9.5600224e+03	   6.5942530e-07	
   9.5699921e+03	   6.4439370e-07	
   9.5799904e+03	   6.3028430e-07	
   9.5900183e+03	   6.1533520e-07	
   9.6000175e+03	   6.0157500e-07	
   9.6099873e+03	   5.9156720e-07	
   9.6200151e+03	   5.7991700e-07	
   9.6300430e+03	   5.6968360e-07	
   9.6400127e+03	   5.6026550e-07	
   9.6500406e+03	   5.5175190e-07	
   9.6600103e+03	   5.4386120e-07	
   9.6700382e+03	   5.3720660e-07	
   9.6800375e+03	   5.2942810e-07	
   9.6900358e+03	   5.2274920e-07	
   9.7000055e+03	   5.1528420e-07	
   9.7100334e+03	   5.0838000e-07	
   9.7200031e+03	   5.0161270e-07	
   9.7300310e+03	   4.9627020e-07	
   9.7400303e+03	   4.9079360e-07	
   9.7500296e+03	   4.8616810e-07	
   9.7599993e+03	   4.8041620e-07	
   9.7700272e+03	   4.7571760e-07	
   9.7800255e+03	   4.7123370e-07	
   9.7899952e+03	   4.6657250e-07	
   9.8000231e+03	   4.6147210e-07	
   9.8099928e+03	   4.5774320e-07	
   9.8200207e+03	   4.5397220e-07	
   9.8300200e+03	   4.5007810e-07	
   9.8399897e+03	   4.4690200e-07	
   9.8499880e+03	   4.4337170e-07	
   9.8600159e+03	   4.4077490e-07	
   9.8699856e+03	   4.3750150e-07	
   9.8800430e+03	   4.3338380e-07	
   9.8900127e+03	   4.3095170e-07	
   9.9000406e+03	   4.2761650e-07	
   9.9100103e+03	   4.2453870e-07	
   9.9200096e+03	   4.2107860e-07	
   9.9300079e+03	   4.1839500e-07	
   9.9400358e+03	   4.1574100e-07	
   9.9500351e+03	   4.1251360e-07	
   9.9600334e+03	   4.0954210e-07	
   9.9700031e+03	   4.0661810e-07	
   9.9800310e+03	   4.0331030e-07	
   9.9900007e+03	   3.9927320e-07	
   1.0000030e+04	   3.9543280e-07	
