   8.4000406e+03	   3.1130490e-04	
   8.4100399e+03	   2.7020260e-04	
   8.4200382e+03	   2.7024930e-04	
   8.4300375e+03	   2.7028100e-04	
   8.4400358e+03	   2.7033570e-04	
   8.4500351e+03	   2.7037870e-04	
   8.4600334e+03	   2.7040790e-04	
   8.4700327e+03	   2.7046380e-04	
   8.4800310e+03	   2.7050540e-04	
   8.4900007e+03	   2.7053780e-04	
   8.5000296e+03	   2.7059930e-04	
   8.5099993e+03	   2.7063730e-04	
   8.5200272e+03	   2.7064840e-04	
   8.5299969e+03	   2.7070170e-04	
   8.5400248e+03	   2.7071460e-04	
   8.5499945e+03	   2.7074020e-04	
   8.5600224e+03	   2.7076920e-04	
   8.5700207e+03	   2.7076390e-04	
   8.5799904e+03	   2.7074320e-04	
   8.5900183e+03	   2.7074530e-04	
   8.5999880e+03	   2.7070450e-04	
   8.6100159e+03	   2.7067810e-04	
   8.6200151e+03	   2.7064700e-04	
   8.6300144e+03	   2.7057280e-04	
   8.6400423e+03	   2.7048630e-04	
   8.6500120e+03	   2.7038510e-04	
   8.6600103e+03	   2.7024330e-04	
   8.6700382e+03	   2.7008760e-04	
   8.6800375e+03	   2.6990970e-04	
   8.6900072e+03	   2.6967260e-04	
   8.7000351e+03	   2.6942940e-04	
   8.7100334e+03	   2.6912140e-04	
   8.7200327e+03	   2.6875800e-04	
   8.7300310e+03	   2.6832400e-04	
   8.7400303e+03	   2.6783530e-04	
   8.7500296e+03	   2.6728970e-04	
   8.7600279e+03	   2.6666540e-04	
   8.7700272e+03	   2.6597040e-04	
   8.7800255e+03	   2.6515540e-04	
   8.7900248e+03	   2.6419950e-04	
   8.8000231e+03	   2.6305650e-04	
   8.8099928e+03	   2.6176860e-04	
   8.8200207e+03	   2.6026010e-04	
   8.8300200e+03	   2.5863880e-04	
   8.8399897e+03	   2.5680350e-04	
   8.8500175e+03	   2.5466570e-04	
   8.8600159e+03	   2.5236590e-04	
   8.8700151e+03	   2.4980600e-04	
   8.8800430e+03	   2.4700290e-04	
   8.8900127e+03	   2.4392840e-04	
   8.9000406e+03	   2.4043130e-04	
   8.9100399e+03	   2.3667180e-04	
   8.9200096e+03	   2.3244910e-04	
   8.9300375e+03	   2.2800860e-04	
   8.9400072e+03	   2.2320550e-04	
   8.9500351e+03	   2.1803400e-04	
   8.9600048e+03	   2.1255130e-04	
   8.9700327e+03	   2.0663260e-04	
   8.9800024e+03	   2.0049890e-04	
   8.9900303e+03	   1.9406540e-04	
   9.0000000e+03	   1.8741570e-04	
   9.0100279e+03	   1.8033690e-04	
   9.0200272e+03	   1.7328720e-04	
   9.0300255e+03	   1.6584810e-04	
   9.0400248e+03	   1.5844110e-04	
   9.0500231e+03	   1.5090050e-04	
   9.0600224e+03	   1.4315360e-04	
   9.0700207e+03	   1.3537240e-04	
   9.0799904e+03	   1.2762110e-04	
   9.0900183e+03	   1.1962170e-04	
   9.0999880e+03	   1.1195050e-04	
   9.1100159e+03	   1.0440170e-04	
   9.1200151e+03	   9.6971990e-05	
   9.1300144e+03	   8.9916920e-05	
   9.1400423e+03	   8.3215240e-05	
   9.1500406e+03	   7.6694270e-05	
   9.1600103e+03	   7.0502340e-05	
   9.1700382e+03	   6.4629570e-05	
   9.1800375e+03	   5.8924550e-05	
   9.1900358e+03	   5.3633880e-05	
   9.2000055e+03	   4.8753630e-05	
   9.2100334e+03	   4.4051200e-05	
   9.2200031e+03	   3.9807090e-05	
   9.2300310e+03	   3.5753890e-05	
   9.2400303e+03	   3.1825490e-05	
   9.2500000e+03	   2.8388050e-05	
   9.2600279e+03	   2.5187120e-05	
   9.2699976e+03	   2.2245890e-05	
   9.2800255e+03	   1.9626200e-05	
   9.2899952e+03	   1.7310740e-05	
   9.3000231e+03	   1.5175240e-05	
   9.3100224e+03	   1.3345270e-05	
   9.3199921e+03	   1.1774080e-05	
   9.3300200e+03	   1.0273110e-05	
   9.3399897e+03	   8.9977390e-06	
   9.3500175e+03	   7.8782200e-06	
   9.3599873e+03	   6.8996210e-06	
   9.3700151e+03	   6.0525640e-06	
   9.3800430e+03	   5.3130570e-06	
   9.3900423e+03	   4.6750240e-06	
   9.4000120e+03	   4.1112360e-06	
   9.4100399e+03	   3.6258460e-06	
   9.4200096e+03	   3.2111810e-06	
   9.4300375e+03	   2.8538100e-06	
   9.4400358e+03	   2.5466110e-06	
   9.4500055e+03	   2.2855840e-06	
   9.4600334e+03	   2.0739170e-06	
   9.4700031e+03	   1.8950420e-06	
   9.4800310e+03	   1.7305650e-06	
   9.4900303e+03	   1.5979430e-06	
   9.5000000e+03	   1.4782370e-06	
   9.5100279e+03	   1.3884580e-06	
   9.5200272e+03	   1.2918610e-06	
   9.5300255e+03	   1.2114410e-06	
   9.5399952e+03	   1.1497680e-06	
   9.5500231e+03	   1.0971810e-06	
   9.5600224e+03	   1.0457070e-06	
   9.5699921e+03	   1.0028190e-06	
   9.5800200e+03	   9.6041660e-07	
   9.5899897e+03	   9.2060020e-07	
   9.6000175e+03	   8.8203140e-07	
