   8.4000120e+03	   2.7657870e-04	
   8.4100399e+03	   2.7642830e-04	
   8.4200096e+03	   2.7627710e-04	
   8.4300375e+03	   2.7609360e-04	
   8.4400072e+03	   2.7589030e-04	
   8.4500351e+03	   2.7565100e-04	
   8.4600334e+03	   2.7537020e-04	
   8.4700031e+03	   2.7509000e-04	
   8.4800310e+03	   2.7475670e-04	
   8.4900303e+03	   2.7438570e-04	
   8.5000000e+03	   2.7399770e-04	
   8.5100279e+03	   2.7353440e-04	
   8.5200272e+03	   2.7303630e-04	
   8.5299969e+03	   2.7249100e-04	
   8.5400248e+03	   2.7184930e-04	
   8.5499945e+03	   2.7115900e-04	
   8.5600224e+03	   2.7041520e-04	
   8.5700207e+03	   2.6953940e-04	
   8.5799904e+03	   2.6858840e-04	
   8.5900183e+03	   2.6753960e-04	
   8.5999880e+03	   2.6637250e-04	
   8.6100159e+03	   2.6503360e-04	
   8.6200151e+03	   2.6362870e-04	
   8.6300144e+03	   2.6208320e-04	
   8.6400423e+03	   2.6034620e-04	
   8.6500120e+03	   2.5849170e-04	
   8.6600399e+03	   2.5636140e-04	
   8.6700096e+03	   2.5412800e-04	
   8.6800661e+03	   2.5157110e-04	
   8.6900072e+03	   2.4878920e-04	
   8.7000055e+03	   2.4579910e-04	
   8.7100334e+03	   2.4253060e-04	
   8.7200327e+03	   2.3907130e-04	
   8.7300024e+03	   2.3529530e-04	
   8.7400303e+03	   2.3134380e-04	
   8.7500296e+03	   2.2708280e-04	
   8.7599993e+03	   2.2257300e-04	
   8.7700272e+03	   2.1771530e-04	
   8.7799969e+03	   2.1259520e-04	
   8.7900248e+03	   2.0727620e-04	
   8.8000231e+03	   2.0147270e-04	
   8.8099928e+03	   1.9560860e-04	
   8.8200207e+03	   1.8944050e-04	
   8.8300200e+03	   1.8333070e-04	
   8.8399897e+03	   1.7699610e-04	
   8.8500175e+03	   1.7023330e-04	
   8.8600159e+03	   1.6354820e-04	
   8.8699856e+03	   1.5691030e-04	
   8.8800430e+03	   1.5006260e-04	
   8.8900127e+03	   1.4330320e-04	
   8.9000406e+03	   1.3643100e-04	
   8.9100399e+03	   1.2963770e-04	
   8.9200096e+03	   1.2284650e-04	
   8.9300375e+03	   1.1615630e-04	
   8.9400072e+03	   1.0949340e-04	
   8.9500351e+03	   1.0288290e-04	
   8.9600048e+03	   9.6545470e-05	
   8.9700327e+03	   9.0439080e-05	
   8.9800310e+03	   8.4317650e-05	
   8.9900303e+03	   7.8422370e-05	
   9.0000296e+03	   7.2805630e-05	
   9.0100279e+03	   6.7419660e-05	
   9.0200272e+03	   6.2268370e-05	
   9.0300255e+03	   5.7360240e-05	
   9.0399952e+03	   5.2746560e-05	
   9.0500231e+03	   4.8407820e-05	
   9.0600224e+03	   4.4222580e-05	
   9.0700207e+03	   4.0310600e-05	
   9.0799904e+03	   3.6764010e-05	
   9.0900478e+03	   3.3247690e-05	
   9.0999880e+03	   3.0103130e-05	
   9.1100159e+03	   2.7140730e-05	
   9.1200151e+03	   2.4397380e-05	
   9.1300144e+03	   2.1975820e-05	
   9.1400423e+03	   1.9789340e-05	
   9.1500406e+03	   1.7765450e-05	
   9.1600103e+03	   1.5946500e-05	
   9.1700382e+03	   1.4320260e-05	
   9.1800375e+03	   1.2771680e-05	
   9.1900072e+03	   1.1451510e-05	
   9.2000055e+03	   1.0246500e-05	
   9.2100630e+03	   9.1261310e-06	
   9.2200031e+03	   8.1907570e-06	
   9.2300310e+03	   7.2914370e-06	
   9.2400007e+03	   6.4828710e-06	
   9.2500000e+03	   5.7937100e-06	
   9.2600279e+03	   5.1726830e-06	
   9.2700272e+03	   4.6051750e-06	
   9.2799969e+03	   4.1187180e-06	
   9.2900248e+03	   3.6924880e-06	
   9.3000231e+03	   3.3224630e-06	
   9.3099928e+03	   2.9869340e-06	
   9.3200207e+03	   2.6929890e-06	
   9.3300200e+03	   2.4287860e-06	
   9.3399897e+03	   2.2167080e-06	
   9.3500175e+03	   2.0237330e-06	
   9.3599873e+03	   1.8585700e-06	
   9.3699856e+03	   1.7152200e-06	
   9.3800430e+03	   1.5708870e-06	
   9.3900423e+03	   1.4596650e-06	
   9.4000120e+03	   1.3549420e-06	
   9.4100103e+03	   1.2528000e-06	
   9.4200382e+03	   1.1846710e-06	
   9.4300375e+03	   1.1316760e-06	
   9.4400358e+03	   1.0554120e-06	
   9.4500351e+03	   9.8259980e-07	
   9.4600334e+03	   9.3440010e-07	
   9.4700031e+03	   8.9002610e-07	
   9.4800310e+03	   8.4784270e-07	
   9.4900303e+03	   8.0444460e-07	
   9.5000296e+03	   7.7118600e-07	
   9.5099993e+03	   7.2343250e-07	
   9.5200272e+03	   6.8773340e-07	
   9.5300255e+03	   6.6316790e-07	
   9.5399952e+03	   6.3736210e-07	
   9.5500231e+03	   6.0782720e-07	
   9.5600224e+03	   5.8198150e-07	
   9.5700207e+03	   5.5334840e-07	
   9.5799904e+03	   5.3095600e-07	
   9.5900183e+03	   5.1084820e-07	
   9.6000175e+03	   4.9383690e-07	
