   5.5000000e+03	   2.7973640e-04	
   5.5099988e+03	   2.7972080e-04	
   5.5200267e+03	   2.7971210e-04	
   5.5299964e+03	   2.7971420e-04	
   5.5400243e+03	   2.7969350e-04	
   5.5499940e+03	   2.7970110e-04	
   5.5600224e+03	   2.7967210e-04	
   5.5700212e+03	   2.7965750e-04	
   5.5800200e+03	   2.7964560e-04	
   5.5899897e+03	   2.7964660e-04	
   5.6000175e+03	   2.7962590e-04	
   5.6100163e+03	   2.7961510e-04	
   5.6200151e+03	   2.7958480e-04	
   5.6300139e+03	   2.7957780e-04	
   5.6400418e+03	   2.7955640e-04	
   5.6500406e+03	   2.7951970e-04	
   5.6600103e+03	   2.7950630e-04	
   5.6700387e+03	   2.7946200e-04	
   5.6800375e+03	   2.7942120e-04	
   5.6900363e+03	   2.7937900e-04	
   5.7000351e+03	   2.7934150e-04	
   5.7100339e+03	   2.7928680e-04	
   5.7200036e+03	   2.7922900e-04	
   5.7300315e+03	   2.7914090e-04	
   5.7400012e+03	   2.7907740e-04	
   5.7500291e+03	   2.7899290e-04	
   5.7599988e+03	   2.7889600e-04	
   5.7700267e+03	   2.7876200e-04	
   5.7800255e+03	   2.7862580e-04	
   5.7899952e+03	   2.7848540e-04	
   5.8000236e+03	   2.7830660e-04	
   5.8100224e+03	   2.7811290e-04	
   5.8199921e+03	   2.7791020e-04	
   5.8300200e+03	   2.7767020e-04	
   5.8399897e+03	   2.7739640e-04	
   5.8500175e+03	   2.7708530e-04	
   5.8599873e+03	   2.7678000e-04	
   5.8700151e+03	   2.7640170e-04	
   5.8800430e+03	   2.7598730e-04	
   5.8900418e+03	   2.7553790e-04	
   5.9000115e+03	   2.7503250e-04	
   5.9100394e+03	   2.7444960e-04	
   5.9200387e+03	   2.7384720e-04	
   5.9300079e+03	   2.7317770e-04	
   5.9400363e+03	   2.7239680e-04	
   5.9500060e+03	   2.7161070e-04	
   5.9600339e+03	   2.7076110e-04	
   5.9700327e+03	   2.6981520e-04	
   5.9800315e+03	   2.6882580e-04	
   5.9900012e+03	   2.6774730e-04	
   6.0000291e+03	   2.6649610e-04	
   6.0100279e+03	   2.6520430e-04	
   6.0200267e+03	   2.6378430e-04	
   6.0299964e+03	   2.6230530e-04	
   6.0400243e+03	   2.6066130e-04	
   6.0500236e+03	   2.5889130e-04	
   6.0599928e+03	   2.5711650e-04	
   6.0700212e+03	   2.5503330e-04	
   6.0799909e+03	   2.5292650e-04	
   6.0900187e+03	   2.5076890e-04	
   6.0999885e+03	   2.4830140e-04	
   6.1100163e+03	   2.4536010e-04	
   6.1200151e+03	   2.4249160e-04	
   6.1300139e+03	   2.3943430e-04	
   6.1400418e+03	   2.3605800e-04	
   6.1500406e+03	   2.3280330e-04	
   6.1600394e+03	   2.2882980e-04	
   6.1700091e+03	   2.2495330e-04	
   6.1800375e+03	   2.2119550e-04	
   6.1900072e+03	   2.1706800e-04	
   6.2000351e+03	   2.1257630e-04	
   6.2100048e+03	   2.0799310e-04	
   6.2200327e+03	   2.0319600e-04	
   6.2300024e+03	   1.9830240e-04	
   6.2400303e+03	   1.9342280e-04	
   6.2500291e+03	   1.8848540e-04	
   6.2599988e+03	   1.8307590e-04	
   6.2700267e+03	   1.7751250e-04	
   6.2800255e+03	   1.7187120e-04	
   6.2899952e+03	   1.6636030e-04	
   6.3000236e+03	   1.6077940e-04	
   6.3099928e+03	   1.5495690e-04	
   6.3200212e+03	   1.4914020e-04	
   6.3300200e+03	   1.4316960e-04	
   6.3399897e+03	   1.3731140e-04	
   6.3500175e+03	   1.3172180e-04	
   6.3599873e+03	   1.2536430e-04	
   6.3700151e+03	   1.1942920e-04	
   6.3800139e+03	   1.1347940e-04	
   6.3900127e+03	   1.0754570e-04	
   6.4000115e+03	   1.0191860e-04	
   6.4100394e+03	   9.6534990e-05	
   6.4200387e+03	   9.1039630e-05	
   6.4300375e+03	   8.5783460e-05	
   6.4400072e+03	   8.0868510e-05	
   6.4500351e+03	   7.6071160e-05	
   6.4600339e+03	   7.1619760e-05	
   6.4700327e+03	   6.6946040e-05	
   6.4800024e+03	   6.2765360e-05	
   6.4900303e+03	   5.8539660e-05	
   6.5000000e+03	   5.4540900e-05	
   6.5100279e+03	   5.0805960e-05	
   6.5199976e+03	   4.7397670e-05	
   6.5300255e+03	   4.3990570e-05	
   6.5399952e+03	   4.0743060e-05	
   6.5499940e+03	   3.7600150e-05	
   6.5600224e+03	   3.4614750e-05	
   6.5699921e+03	   3.1901300e-05	
   6.5800200e+03	   2.9324250e-05	
   6.5899897e+03	   2.7024150e-05	
   6.6000466e+03	   2.4754610e-05	
   6.6099873e+03	   2.2721890e-05	
   6.6200151e+03	   2.0764960e-05	
   6.6300139e+03	   1.8988690e-05	
   6.6400418e+03	   1.7396690e-05	
   6.6500406e+03	   1.5970870e-05	
   6.6600103e+03	   1.4556500e-05	
   6.6700387e+03	   1.3182320e-05	
   6.6800375e+03	   1.2027030e-05	
   6.6900072e+03	   1.0962210e-05	
   6.7000351e+03	   9.9457040e-06	
   6.7100048e+03	   9.0619830e-06	
   6.7200327e+03	   8.2288270e-06	
   6.7300315e+03	   7.5041780e-06	
   6.7400012e+03	   6.7206080e-06	
   6.7500000e+03	   6.1784940e-06	
   6.7600279e+03	   5.5587940e-06	
   6.7700267e+03	   5.0864650e-06	
   6.7800255e+03	   4.6128840e-06	
   6.7899952e+03	   4.1862690e-06	
   6.8000236e+03	   3.8213420e-06	
   6.8100224e+03	   3.4595920e-06	
   6.8200212e+03	   3.1544620e-06	
   6.8300200e+03	   2.8961720e-06	
   6.8399897e+03	   2.6653170e-06	
   6.8500175e+03	   2.4243420e-06	
   6.8599873e+03	   2.2275220e-06	
   6.8700151e+03	   2.0564030e-06	
   6.8800430e+03	   1.8959970e-06	
   6.8900418e+03	   1.7567570e-06	
   6.9000115e+03	   1.6282260e-06	
   6.9100394e+03	   1.5080040e-06	
   6.9200091e+03	   1.3940230e-06	
   6.9300375e+03	   1.2964310e-06	
   6.9400363e+03	   1.2104310e-06	
   6.9500351e+03	   1.1260760e-06	
   6.9600048e+03	   1.0558350e-06	
   6.9700327e+03	   9.8870810e-07	
   6.9800315e+03	   9.2848750e-07	
   6.9900303e+03	   8.7174900e-07	
   7.0000291e+03	   8.2205240e-07	
   7.0100279e+03	   7.7475510e-07	
   7.0199976e+03	   7.2861200e-07	
   7.0300546e+03	   6.9035670e-07	
   7.0399952e+03	   6.5007610e-07	
   7.0500236e+03	   6.1745870e-07	
   7.0600224e+03	   5.8024930e-07	
   7.0700212e+03	   5.5329600e-07	
   7.0799909e+03	   5.2186550e-07	
   7.0900478e+03	   4.9969820e-07	
   7.0999885e+03	   4.7127800e-07	
   7.1100163e+03	   4.5061460e-07	
   7.1200151e+03	   4.2771300e-07	
   7.1300430e+03	   4.1147530e-07	
   7.1400418e+03	   3.9335840e-07	
   7.1500406e+03	   3.7630590e-07	
   7.1600394e+03	   3.6189180e-07	
   7.1700387e+03	   3.4281190e-07	
   7.1800375e+03	   3.3299250e-07	
   7.1900363e+03	   3.1757620e-07	
   7.2000351e+03	   3.0914530e-07	
   7.2100339e+03	   2.8958800e-07	
   7.2200327e+03	   2.9000360e-07	
   7.2300315e+03	   2.6967790e-07	
   7.2400303e+03	   2.6307700e-07	
   7.2500291e+03	   2.5679990e-07	
   7.2599988e+03	   2.4393430e-07	
   7.2700267e+03	   2.3686020e-07	
   7.2800255e+03	   2.2752690e-07	
   7.2900243e+03	   2.1911700e-07	
   7.3000236e+03	   2.1577760e-07	
   7.3100224e+03	   2.0676650e-07	
   7.3200212e+03	   1.9676480e-07	
   7.3299909e+03	   1.9302300e-07	
   7.3400187e+03	   1.8706690e-07	
   7.3500175e+03	   1.7820980e-07	
   7.3600163e+03	   1.7444740e-07	
   7.3700151e+03	   1.6748070e-07	
   7.3800430e+03	   1.6272500e-07	
   7.3900418e+03	   1.5712240e-07	
   7.4000406e+03	   1.5189580e-07	
   7.4100394e+03	   1.4706770e-07	
   7.4200091e+03	   1.4150910e-07	
   7.4300375e+03	   1.3797320e-07	
   7.4400363e+03	   1.3185930e-07	
   7.4500351e+03	   1.2861280e-07	
   7.4600339e+03	   1.2463950e-07	
   7.4700327e+03	   1.2119480e-07	
   7.4800315e+03	   1.1731280e-07	
   7.4900303e+03	   1.1451460e-07	
   7.5000291e+03	   1.1120590e-07	
