   6.5000000e+03	   2.8066420e-04	
   6.5500236e+03	   2.8066020e-04	
   6.6000175e+03	   2.8065820e-04	
   6.6500702e+03	   2.8065150e-04	
   6.7000351e+03	   2.8065620e-04	
   6.7500582e+03	   2.8065980e-04	
   6.8000526e+03	   2.8065090e-04	
   6.8500466e+03	   2.8064900e-04	
   6.9000702e+03	   2.8064050e-04	
   6.9500642e+03	   2.8063000e-04	
   7.0000582e+03	   2.8060710e-04	
   7.0500526e+03	   2.8056920e-04	
   7.1000466e+03	   2.8050630e-04	
   7.1500702e+03	   2.8039040e-04	
   7.2000642e+03	   2.8022920e-04	
   7.2500582e+03	   2.7996240e-04	
   7.3000526e+03	   2.7958990e-04	
   7.3500466e+03	   2.7902070e-04	
   7.4000702e+03	   2.7817590e-04	
   7.4500642e+03	   2.7685150e-04	
   7.5000582e+03	   2.7497000e-04	
   7.5500526e+03	   2.7212220e-04	
   7.6000466e+03	   2.6817080e-04	
   7.6500702e+03	   2.6278390e-04	
   7.7000642e+03	   2.5561170e-04	
   7.7500582e+03	   2.4640000e-04	
   7.8000236e+03	   2.3447300e-04	
   7.8500466e+03	   2.1952720e-04	
   7.9000702e+03	   2.0147280e-04	
   7.9500351e+03	   1.8102100e-04	
   8.0000296e+03	   1.5943890e-04	
   8.0500526e+03	   1.3734400e-04	
   8.1000471e+03	   1.1469670e-04	
   8.1500406e+03	   9.2527250e-05	
   8.2000637e+03	   7.3067130e-05	
   8.2500582e+03	   5.6131520e-05	
   8.3000526e+03	   4.2201500e-05	
   8.3500471e+03	   3.0932020e-05	
   8.4000702e+03	   2.2387540e-05	
   8.4500351e+03	   1.5683260e-05	
   8.5000582e+03	   1.0820990e-05	
   8.5500526e+03	   7.4303630e-06	
   8.6000471e+03	   5.1120370e-06	
   8.6500702e+03	   3.5223170e-06	
   8.7000637e+03	   2.4435960e-06	
   8.7500296e+03	   1.7282990e-06	
   8.8000231e+03	   1.2543650e-06	
   8.8500471e+03	   9.1981360e-07	
   8.9000702e+03	   7.1396490e-07	
   8.9500637e+03	   5.7375700e-07	
   9.0000582e+03	   4.6030380e-07	
   9.0500526e+03	   3.7817280e-07	
   9.1000175e+03	   3.1491070e-07	
   9.1500702e+03	   2.6581300e-07	
   9.2000637e+03	   2.2825710e-07	
   9.2500582e+03	   1.9758490e-07	
   9.3000526e+03	   1.7348660e-07	
   9.3500471e+03	   1.4702170e-07	
   9.4000702e+03	   1.2995930e-07	
   9.4500637e+03	   1.1405670e-07	
   9.5000582e+03	   1.0263150e-07	
