   6.5000291e+03	   2.8195990e-04	
   6.5500526e+03	   2.8193310e-04	
   6.6000175e+03	   2.8189780e-04	
   6.6500406e+03	   2.8186090e-04	
   6.7000351e+03	   2.8183770e-04	
   6.7500582e+03	   2.8178870e-04	
   6.8000526e+03	   2.8174360e-04	
   6.8500175e+03	   2.8170260e-04	
   6.9000702e+03	   2.8163290e-04	
   6.9500351e+03	   2.8157040e-04	
   7.0000582e+03	   2.8148320e-04	
   7.0500526e+03	   2.8137290e-04	
   7.1000466e+03	   2.8122950e-04	
   7.1500702e+03	   2.8103990e-04	
   7.2000351e+03	   2.8079340e-04	
   7.2500582e+03	   2.8044370e-04	
   7.3000526e+03	   2.7998560e-04	
   7.3500466e+03	   2.7940970e-04	
   7.4000702e+03	   2.7862050e-04	
   7.4500642e+03	   2.7755010e-04	
   7.5000582e+03	   2.7618000e-04	
   7.5500526e+03	   2.7432960e-04	
   7.6000175e+03	   2.7189650e-04	
   7.6500702e+03	   2.6868280e-04	
   7.7000642e+03	   2.6461690e-04	
   7.7500582e+03	   2.5965300e-04	
   7.8000236e+03	   2.5346060e-04	
   7.8500175e+03	   2.4595660e-04	
   7.9000406e+03	   2.3702400e-04	
   7.9500642e+03	   2.2662690e-04	
   8.0000296e+03	   2.1501240e-04	
   8.0500526e+03	   2.0219320e-04	
   8.1000175e+03	   1.8780490e-04	
   8.1500406e+03	   1.7233060e-04	
   8.2000637e+03	   1.5612390e-04	
   8.2500582e+03	   1.3933140e-04	
   8.3000526e+03	   1.2268170e-04	
   8.3500471e+03	   1.0645460e-04	
   8.4000702e+03	   9.0924260e-05	
   8.4500637e+03	   7.6473020e-05	
   8.5000582e+03	   6.3233940e-05	
   8.5500526e+03	   5.1717150e-05	
   8.6000175e+03	   4.1683850e-05	
   8.6500702e+03	   3.3115980e-05	
   8.7000637e+03	   2.5805890e-05	
   8.7500582e+03	   2.0054460e-05	
   8.8000231e+03	   1.5443020e-05	
   8.8500175e+03	   1.1804460e-05	
   8.9000406e+03	   8.9998940e-06	
   8.9500637e+03	   6.7706470e-06	
   9.0000582e+03	   5.0800780e-06	
   9.0500526e+03	   3.8352970e-06	
   9.1000471e+03	   2.9007320e-06	
   9.1500702e+03	   2.2157730e-06	
   9.2000351e+03	   1.7172370e-06	
   9.2500582e+03	   1.3418540e-06	
   9.3000526e+03	   1.0624710e-06	
   9.3500471e+03	   8.6140800e-07	
   9.4000702e+03	   7.0254630e-07	
   9.4500637e+03	   5.8399810e-07	
   9.5000582e+03	   4.9509670e-07	
