   8.0000296e+03	   3.1513490e-04	
   8.0099993e+03	   2.7473950e-04	
   8.0200272e+03	   2.7472460e-04	
   8.0300255e+03	   2.7467570e-04	
   8.0400248e+03	   2.7461680e-04	
   8.0500231e+03	   2.7457450e-04	
   8.0600224e+03	   2.7451760e-04	
   8.0700207e+03	   2.7442870e-04	
   8.0800200e+03	   2.7437770e-04	
   8.0900183e+03	   2.7431650e-04	
   8.1000175e+03	   2.7424840e-04	
   8.1100159e+03	   2.7417290e-04	
   8.1200151e+03	   2.7403890e-04	
   8.1300430e+03	   2.7394110e-04	
   8.1400423e+03	   2.7385370e-04	
   8.1500406e+03	   2.7374090e-04	
   8.1600399e+03	   2.7363670e-04	
   8.1700096e+03	   2.7351400e-04	
   8.1800661e+03	   2.7343090e-04	
   8.1900358e+03	   2.7329440e-04	
   8.2000351e+03	   2.7315700e-04	
   8.2100334e+03	   2.7301500e-04	
   8.2200327e+03	   2.7285680e-04	
   8.2300310e+03	   2.7270240e-04	
   8.2400303e+03	   2.7256200e-04	
   8.2500296e+03	   2.7242260e-04	
   8.2600279e+03	   2.7226650e-04	
   8.2700272e+03	   2.7212630e-04	
   8.2800255e+03	   2.7196670e-04	
   8.2900248e+03	   2.7179630e-04	
   8.3000231e+03	   2.7163620e-04	
   8.3100224e+03	   2.7145850e-04	
   8.3200207e+03	   2.7128390e-04	
   8.3300200e+03	   2.7110450e-04	
   8.3399897e+03	   2.7088540e-04	
   8.3500175e+03	   2.7060630e-04	
   8.3599873e+03	   2.7032690e-04	
   8.3700151e+03	   2.7001190e-04	
   8.3800430e+03	   2.6961200e-04	
   8.3900423e+03	   2.6917600e-04	
   8.4000120e+03	   2.6875190e-04	
   8.4100399e+03	   2.6823860e-04	
   8.4200382e+03	   2.6761630e-04	
   8.4300375e+03	   2.6689280e-04	
   8.4400358e+03	   2.6605920e-04	
   8.4500351e+03	   2.6505700e-04	
   8.4600334e+03	   2.6376770e-04	
   8.4700031e+03	   2.6243640e-04	
   8.4800310e+03	   2.6087560e-04	
   8.4900007e+03	   2.5890040e-04	
   8.5000296e+03	   2.5656520e-04	
   8.5099993e+03	   2.5388830e-04	
   8.5200558e+03	   2.5072600e-04	
   8.5299969e+03	   2.4711050e-04	
   8.5400248e+03	   2.4291180e-04	
   8.5499945e+03	   2.3813420e-04	
   8.5600224e+03	   2.3294140e-04	
   8.5699921e+03	   2.2727940e-04	
   8.5800200e+03	   2.2108180e-04	
   8.5899897e+03	   2.1446370e-04	
   8.6000471e+03	   2.0719210e-04	
   8.6099873e+03	   1.9937150e-04	
   8.6200151e+03	   1.9128250e-04	
   8.6300144e+03	   1.8253890e-04	
   8.6400423e+03	   1.7321970e-04	
   8.6500406e+03	   1.6381470e-04	
   8.6600103e+03	   1.5410440e-04	
   8.6700382e+03	   1.4434910e-04	
   8.6800375e+03	   1.3452390e-04	
   8.6900072e+03	   1.2456000e-04	
   8.7000351e+03	   1.1468870e-04	
   8.7100334e+03	   1.0505200e-04	
   8.7200327e+03	   9.5366080e-05	
   8.7300310e+03	   8.5993820e-05	
   8.7400303e+03	   7.7152360e-05	
   8.7500296e+03	   6.8648970e-05	
   8.7599993e+03	   6.0856340e-05	
   8.7700272e+03	   5.3639910e-05	
   8.7800255e+03	   4.6915840e-05	
   8.7899952e+03	   4.0903870e-05	
   8.8000231e+03	   3.5266120e-05	
   8.8099928e+03	   3.0410050e-05	
   8.8200207e+03	   2.5946520e-05	
   8.8300200e+03	   2.2117510e-05	
   8.8399897e+03	   1.8836380e-05	
   8.8500175e+03	   1.5798390e-05	
   8.8600159e+03	   1.3312710e-05	
   8.8699856e+03	   1.1336600e-05	
   8.8800430e+03	   9.5422080e-06	
   8.8900127e+03	   8.1218280e-06	
   8.9000406e+03	   6.8645190e-06	
   8.9100399e+03	   5.7844430e-06	
   8.9200096e+03	   4.9624270e-06	
   8.9300375e+03	   4.2578150e-06	
   8.9400072e+03	   3.6781390e-06	
   8.9500351e+03	   3.3073260e-06	
   8.9600048e+03	   3.0097910e-06	
   8.9700327e+03	   2.7682970e-06	
   8.9800310e+03	   2.5681550e-06	
   8.9900303e+03	   2.4290670e-06	
   9.0000296e+03	   2.3223790e-06	
   9.0100279e+03	   2.2319900e-06	
   9.0200272e+03	   2.1531170e-06	
   9.0300255e+03	   2.0798120e-06	
   9.0400248e+03	   2.0146710e-06	
   9.0499945e+03	   1.9447610e-06	
   9.0599928e+03	   1.8687930e-06	
   9.0700207e+03	   1.7956570e-06	
   9.0799904e+03	   1.7255130e-06	
   9.0900478e+03	   1.6539350e-06	
   9.0999880e+03	   1.5849600e-06	
   9.1100159e+03	   1.5200040e-06	
   9.1200151e+03	   1.4557540e-06	
   9.1300144e+03	   1.3970990e-06	
   9.1400423e+03	   1.3357360e-06	
   9.1500406e+03	   1.2788600e-06	
   9.1600103e+03	   1.2296270e-06	
   9.1700382e+03	   1.1803830e-06	
   9.1800375e+03	   1.1352990e-06	
   9.1900358e+03	   1.0948010e-06	
   9.2000351e+03	   1.0624410e-06	
   9.2100334e+03	   1.0285820e-06	
   9.2200031e+03	   9.9757150e-07	
   9.2300310e+03	   9.6832780e-07	
   9.2400303e+03	   9.4301340e-07	
   9.2500000e+03	   9.2443470e-07	
   9.2600279e+03	   9.1191110e-07	
   9.2700272e+03	   9.0252790e-07	
   9.2800255e+03	   8.9587150e-07	
   9.2899952e+03	   8.8561980e-07	
   9.3000231e+03	   8.7977690e-07	
   9.3099928e+03	   8.7537020e-07	
   9.3200207e+03	   8.7189520e-07	
   9.3299904e+03	   8.6614150e-07	
   9.3400183e+03	   8.6249900e-07	
   9.3500175e+03	   8.5802000e-07	
   9.3600159e+03	   8.5148950e-07	
   9.3699856e+03	   8.4681740e-07	
   9.3800430e+03	   8.4031880e-07	
   9.3900423e+03	   8.3425320e-07	
   9.4000120e+03	   8.2634820e-07	
   9.4100103e+03	   8.1752340e-07	
   9.4200382e+03	   8.1031450e-07	
   9.4300079e+03	   7.9912440e-07	
   9.4400358e+03	   7.9031370e-07	
   9.4500055e+03	   7.8202710e-07	
   9.4600334e+03	   7.7283480e-07	
   9.4700031e+03	   7.6172000e-07	
   9.4800310e+03	   7.5323080e-07	
   9.4900007e+03	   7.4300830e-07	
   9.5000296e+03	   7.3375650e-07	
