   8.0000000e+03	   3.1385700e-04	
   8.0099993e+03	   2.7282800e-04	
   8.0200272e+03	   2.7281860e-04	
   8.0300255e+03	   2.7283640e-04	
   8.0399952e+03	   2.7283380e-04	
   8.0500231e+03	   2.7284350e-04	
   8.0600224e+03	   2.7285910e-04	
   8.0699921e+03	   2.7289060e-04	
   8.0800200e+03	   2.7287160e-04	
   8.0900183e+03	   2.7285060e-04	
   8.1000175e+03	   2.7286600e-04	
   8.1100159e+03	   2.7284300e-04	
   8.1200151e+03	   2.7284270e-04	
   8.1300144e+03	   2.7283370e-04	
   8.1400709e+03	   2.7279490e-04	
   8.1500120e+03	   2.7277700e-04	
   8.1600399e+03	   2.7272430e-04	
   8.1700096e+03	   2.7271140e-04	
   8.1800661e+03	   2.7263350e-04	
   8.1900072e+03	   2.7258240e-04	
   8.2000351e+03	   2.7253950e-04	
   8.2100334e+03	   2.7247810e-04	
   8.2200327e+03	   2.7243270e-04	
   8.2300310e+03	   2.7236870e-04	
   8.2400303e+03	   2.7229040e-04	
   8.2500296e+03	   2.7221940e-04	
   8.2600279e+03	   2.7214720e-04	
   8.2700272e+03	   2.7208390e-04	
   8.2800255e+03	   2.7200670e-04	
   8.2899952e+03	   2.7193800e-04	
   8.3000231e+03	   2.7183860e-04	
   8.3100224e+03	   2.7176270e-04	
   8.3200207e+03	   2.7164350e-04	
   8.3299904e+03	   2.7151360e-04	
   8.3400183e+03	   2.7142610e-04	
   8.3500175e+03	   2.7132510e-04	
   8.3600159e+03	   2.7119570e-04	
   8.3699856e+03	   2.7107690e-04	
   8.3800430e+03	   2.7095670e-04	
   8.3900423e+03	   2.7085370e-04	
   8.4000120e+03	   2.7075170e-04	
   8.4100399e+03	   2.7060120e-04	
   8.4200096e+03	   2.7041450e-04	
   8.4300375e+03	   2.7025190e-04	
   8.4400358e+03	   2.7008170e-04	
   8.4500351e+03	   2.6987890e-04	
   8.4600334e+03	   2.6967780e-04	
   8.4700031e+03	   2.6943560e-04	
   8.4800310e+03	   2.6913860e-04	
   8.4900303e+03	   2.6877310e-04	
   8.5000000e+03	   2.6837610e-04	
   8.5100279e+03	   2.6792370e-04	
   8.5200272e+03	   2.6740680e-04	
   8.5299969e+03	   2.6685160e-04	
   8.5400248e+03	   2.6619430e-04	
   8.5499945e+03	   2.6544150e-04	
   8.5600224e+03	   2.6451980e-04	
   8.5699921e+03	   2.6346120e-04	
   8.5800200e+03	   2.6215340e-04	
   8.5899897e+03	   2.6067550e-04	
   8.6000175e+03	   2.5887210e-04	
   8.6100159e+03	   2.5670940e-04	
   8.6199856e+03	   2.5422350e-04	
   8.6300144e+03	   2.5123080e-04	
   8.6400423e+03	   2.4764980e-04	
   8.6500406e+03	   2.4374350e-04	
   8.6600399e+03	   2.3920370e-04	
   8.6700096e+03	   2.3424110e-04	
   8.6800661e+03	   2.2856340e-04	
   8.6900072e+03	   2.2226220e-04	
   8.7000351e+03	   2.1546320e-04	
   8.7100334e+03	   2.0829980e-04	
   8.7200031e+03	   2.0062860e-04	
   8.7300310e+03	   1.9245010e-04	
   8.7400007e+03	   1.8404760e-04	
   8.7500296e+03	   1.7498250e-04	
   8.7599993e+03	   1.6561320e-04	
   8.7700272e+03	   1.5616590e-04	
   8.7799969e+03	   1.4649960e-04	
   8.7900248e+03	   1.3680610e-04	
   8.8000231e+03	   1.2683110e-04	
   8.8099928e+03	   1.1705490e-04	
   8.8200207e+03	   1.0734170e-04	
   8.8299904e+03	   9.7966450e-05	
   8.8400183e+03	   8.8804710e-05	
   8.8499880e+03	   7.9648630e-05	
   8.8600159e+03	   7.1127740e-05	
   8.8699856e+03	   6.3188020e-05	
   8.8800430e+03	   5.5689320e-05	
   8.8900127e+03	   4.8808000e-05	
   8.9000406e+03	   4.2449340e-05	
   8.9100399e+03	   3.6752200e-05	
   8.9200096e+03	   3.1685980e-05	
   8.9300375e+03	   2.7112840e-05	
   8.9400358e+03	   2.3171020e-05	
   8.9500351e+03	   1.9702520e-05	
   8.9600048e+03	   1.6775590e-05	
   8.9700327e+03	   1.4171360e-05	
   8.9800024e+03	   1.1964870e-05	
   8.9900303e+03	   1.0160540e-05	
   9.0000296e+03	   8.5904750e-06	
   9.0100279e+03	   7.2906210e-06	
   9.0200272e+03	   6.2293830e-06	
   9.0300255e+03	   5.3443440e-06	
   9.0400248e+03	   4.5413990e-06	
   9.0500231e+03	   3.8822950e-06	
   9.0600224e+03	   3.3777030e-06	
   9.0700207e+03	   3.0128270e-06	
   9.0799904e+03	   2.7644970e-06	
   9.0900183e+03	   2.5554910e-06	
   9.0999880e+03	   2.4215710e-06	
   9.1100159e+03	   2.3078560e-06	
   9.1200151e+03	   2.2283820e-06	
   9.1300144e+03	   2.1267720e-06	
   9.1400423e+03	   2.0434300e-06	
   9.1500406e+03	   1.9864180e-06	
   9.1600103e+03	   1.9348950e-06	
   9.1700382e+03	   1.8788980e-06	
   9.1800375e+03	   1.8221640e-06	
   9.1900358e+03	   1.7578060e-06	
   9.2000055e+03	   1.6933200e-06	
   9.2100334e+03	   1.6314400e-06	
   9.2200031e+03	   1.5698020e-06	
   9.2300310e+03	   1.5134170e-06	
   9.2400303e+03	   1.4542560e-06	
   9.2500296e+03	   1.3985590e-06	
   9.2600279e+03	   1.3406950e-06	
   9.2700272e+03	   1.2793170e-06	
   9.2799969e+03	   1.2205580e-06	
   9.2900248e+03	   1.1683550e-06	
   9.3000231e+03	   1.1185220e-06	
   9.3100224e+03	   1.0717110e-06	
   9.3199921e+03	   1.0350020e-06	
   9.3300200e+03	   1.0030260e-06	
   9.3399897e+03	   9.7114400e-07	
   9.3500175e+03	   9.4382140e-07	
   9.3600159e+03	   9.1637980e-07	
   9.3699856e+03	   8.9298390e-07	
   9.3800430e+03	   8.7790230e-07	
   9.3900423e+03	   8.7066980e-07	
   9.4000120e+03	   8.6526310e-07	
   9.4100399e+03	   8.5720610e-07	
   9.4200096e+03	   8.5176490e-07	
   9.4300375e+03	   8.4385680e-07	
   9.4400072e+03	   8.3870300e-07	
   9.4500351e+03	   8.3462680e-07	
   9.4600334e+03	   8.2801280e-07	
   9.4700031e+03	   8.2134530e-07	
   9.4800310e+03	   8.1792610e-07	
   9.4900303e+03	   8.1370220e-07	
   9.5000296e+03	   8.0641010e-07	
