   8.0000296e+03	   3.0248450e-04	
   8.0100279e+03	   2.6162500e-04	
   8.0200272e+03	   2.6164840e-04	
   8.0300255e+03	   2.6165040e-04	
   8.0400248e+03	   2.6165430e-04	
   8.0500231e+03	   2.6166440e-04	
   8.0600224e+03	   2.6166280e-04	
   8.0699921e+03	   2.6165240e-04	
   8.0800486e+03	   2.6166430e-04	
   8.0900183e+03	   2.6166510e-04	
   8.1000175e+03	   2.6166290e-04	
   8.1100159e+03	   2.6166240e-04	
   8.1200151e+03	   2.6170430e-04	
   8.1300430e+03	   2.6171210e-04	
   8.1400423e+03	   2.6173540e-04	
   8.1500406e+03	   2.6172810e-04	
   8.1600399e+03	   2.6171870e-04	
   8.1700382e+03	   2.6172670e-04	
   8.1800375e+03	   2.6174920e-04	
   8.1900358e+03	   2.6174260e-04	
   8.2000351e+03	   2.6176300e-04	
   8.2100048e+03	   2.6176190e-04	
   8.2200327e+03	   2.6177260e-04	
   8.2300024e+03	   2.6177040e-04	
   8.2400599e+03	   2.6176700e-04	
   8.2500000e+03	   2.6176340e-04	
   8.2600279e+03	   2.6176610e-04	
   8.2700272e+03	   2.6176030e-04	
   8.2800255e+03	   2.6175740e-04	
   8.2900248e+03	   2.6175920e-04	
   8.3000231e+03	   2.6175030e-04	
   8.3100224e+03	   2.6174430e-04	
   8.3200207e+03	   2.6174210e-04	
   8.3300200e+03	   2.6174580e-04	
   8.3400183e+03	   2.6174360e-04	
   8.3500175e+03	   2.6173550e-04	
   8.3600159e+03	   2.6173690e-04	
   8.3700151e+03	   2.6172790e-04	
   8.3800144e+03	   2.6173400e-04	
   8.3900423e+03	   2.6172360e-04	
   8.4000406e+03	   2.6171810e-04	
   8.4100399e+03	   2.6172100e-04	
   8.4200382e+03	   2.6172490e-04	
   8.4300375e+03	   2.6171770e-04	
   8.4400358e+03	   2.6171890e-04	
   8.4500351e+03	   2.6172730e-04	
   8.4600334e+03	   2.6171050e-04	
   8.4700327e+03	   2.6172140e-04	
   8.4800310e+03	   2.6172560e-04	
   8.4900303e+03	   2.6172770e-04	
   8.5000296e+03	   2.6172920e-04	
   8.5099993e+03	   2.6172320e-04	
   8.5200558e+03	   2.6171520e-04	
   8.5300255e+03	   2.6171870e-04	
   8.5400248e+03	   2.6171280e-04	
   8.5500231e+03	   2.6171970e-04	
   8.5600224e+03	   2.6172480e-04	
   8.5700207e+03	   2.6170890e-04	
   8.5800200e+03	   2.6170640e-04	
   8.5900183e+03	   2.6171150e-04	
   8.5999880e+03	   2.6170610e-04	
   8.6100159e+03	   2.6171440e-04	
   8.6200151e+03	   2.6171130e-04	
   8.6300144e+03	   2.6171090e-04	
   8.6400423e+03	   2.6170890e-04	
   8.6500120e+03	   2.6170870e-04	
   8.6600399e+03	   2.6170560e-04	
   8.6700382e+03	   2.6169800e-04	
   8.6800079e+03	   2.6169590e-04	
   8.6900358e+03	   2.6168700e-04	
   8.7000351e+03	   2.6167980e-04	
   8.7100334e+03	   2.6167130e-04	
   8.7200327e+03	   2.6165610e-04	
   8.7300310e+03	   2.6163250e-04	
   8.7400303e+03	   2.6161110e-04	
   8.7500000e+03	   2.6158670e-04	
   8.7600574e+03	   2.6156020e-04	
   8.7700272e+03	   2.6152990e-04	
   8.7799969e+03	   2.6149720e-04	
   8.7900248e+03	   2.6147060e-04	
   8.8000231e+03	   2.6139480e-04	
   8.8099928e+03	   2.6131920e-04	
   8.8200207e+03	   2.6120240e-04	
   8.8300200e+03	   2.6104640e-04	
   8.8400183e+03	   2.6083440e-04	
   8.8499880e+03	   2.6056600e-04	
   8.8600159e+03	   2.6023620e-04	
   8.8699856e+03	   2.5978610e-04	
   8.8800430e+03	   2.5922270e-04	
   8.8900423e+03	   2.5850800e-04	
   8.9000406e+03	   2.5760090e-04	
   8.9100399e+03	   2.5641940e-04	
   8.9200096e+03	   2.5478620e-04	
   8.9300375e+03	   2.5261880e-04	
   8.9400072e+03	   2.4986300e-04	
   8.9500351e+03	   2.4635890e-04	
   8.9600048e+03	   2.4225730e-04	
   8.9700327e+03	   2.3712930e-04	
   8.9800310e+03	   2.3104070e-04	
   8.9900303e+03	   2.2387660e-04	
   9.0000000e+03	   2.1571770e-04	
   9.0100279e+03	   2.0651630e-04	
   9.0200272e+03	   1.9643240e-04	
   9.0299969e+03	   1.8515350e-04	
   9.0400248e+03	   1.7301350e-04	
   9.0499945e+03	   1.6041940e-04	
   9.0600224e+03	   1.4721360e-04	
   9.0700207e+03	   1.3361450e-04	
   9.0799904e+03	   1.2020280e-04	
   9.0900183e+03	   1.0665670e-04	
   9.0999880e+03	   9.3633470e-05	
   9.1100159e+03	   8.1522180e-05	
   9.1200151e+03	   7.0316270e-05	
   9.1300144e+03	   5.9795590e-05	
   9.1400423e+03	   5.0514870e-05	
   9.1500120e+03	   4.2245020e-05	
   9.1600399e+03	   3.4819080e-05	
   9.1700096e+03	   2.8540280e-05	
   9.1800375e+03	   2.3106650e-05	
   9.1900358e+03	   1.8593300e-05	
   9.2000055e+03	   1.4945550e-05	
   9.2100334e+03	   1.1881090e-05	
   9.2200031e+03	   9.6334020e-06	
   9.2300310e+03	   7.7766760e-06	
   9.2400303e+03	   6.4540150e-06	
   9.2500296e+03	   5.4358070e-06	
   9.2599993e+03	   4.6832820e-06	
   9.2700272e+03	   4.1237290e-06	
   9.2799969e+03	   3.7457960e-06	
   9.2900248e+03	   3.5287110e-06	
   9.3000231e+03	   3.3814000e-06	
   9.3100224e+03	   3.2822840e-06	
   9.3200207e+03	   3.2316940e-06	
   9.3299904e+03	   3.2108360e-06	
   9.3400183e+03	   3.1913290e-06	
   9.3500175e+03	   3.1855800e-06	
   9.3600159e+03	   3.1907310e-06	
   9.3700151e+03	   3.1951300e-06	
   9.3800430e+03	   3.1949440e-06	
   9.3900127e+03	   3.2140470e-06	
   9.4000406e+03	   3.2085870e-06	
   9.4100399e+03	   3.2228820e-06	
   9.4200096e+03	   3.2018730e-06	
   9.4300375e+03	   3.1829980e-06	
   9.4400358e+03	   3.1379310e-06	
   9.4500351e+03	   3.0786900e-06	
   9.4600048e+03	   3.0099610e-06	
   9.4700327e+03	   2.9280120e-06	
   9.4800310e+03	   2.8490460e-06	
   9.4900007e+03	   2.7642760e-06	
   9.5000296e+03	   2.6908640e-06	
   9.5099993e+03	   2.6118060e-06	
   9.5200272e+03	   2.5348320e-06	
   9.5300255e+03	   2.4615670e-06	
   9.5399952e+03	   2.3927270e-06	
   9.5500231e+03	   2.3284710e-06	
   9.5600224e+03	   2.2716420e-06	
   9.5700207e+03	   2.2240850e-06	
   9.5800200e+03	   2.1848800e-06	
   9.5899897e+03	   2.1599350e-06	
   9.5999880e+03	   2.1449630e-06	
   9.6100159e+03	   2.1416170e-06	
   9.6199856e+03	   2.1381830e-06	
   9.6300430e+03	   2.1445230e-06	
   9.6400127e+03	   2.1499220e-06	
   9.6500406e+03	   2.1549720e-06	
   9.6600103e+03	   2.1602320e-06	
   9.6700382e+03	   2.1612050e-06	
   9.6800079e+03	   2.1618650e-06	
   9.6900358e+03	   2.1649500e-06	
   9.7000055e+03	   2.1752550e-06	
   9.7100334e+03	   2.1877370e-06	
   9.7200031e+03	   2.1983780e-06	
   9.7300310e+03	   2.2097290e-06	
   9.7400303e+03	   2.2159830e-06	
   9.7500000e+03	   2.2258370e-06	
   9.7600279e+03	   2.2392810e-06	
   9.7699976e+03	   2.2531710e-06	
   9.7799969e+03	   2.2669050e-06	
   9.7900248e+03	   2.2808750e-06	
   9.8000231e+03	   2.2906180e-06	
   9.8099928e+03	   2.3028650e-06	
   9.8200207e+03	   2.3126670e-06	
   9.8299904e+03	   2.3186150e-06	
   9.8400183e+03	   2.3199410e-06	
   9.8499880e+03	   2.3126660e-06	
   9.8600159e+03	   2.3030800e-06	
   9.8699856e+03	   2.2911820e-06	
   9.8800430e+03	   2.2720060e-06	
   9.8900127e+03	   2.2464990e-06	
   9.9000406e+03	   2.2136410e-06	
   9.9100103e+03	   2.1724590e-06	
   9.9200382e+03	   2.1269010e-06	
   9.9300079e+03	   2.0767870e-06	
   9.9400358e+03	   2.0286100e-06	
   9.9500351e+03	   1.9796540e-06	
   9.9600334e+03	   1.9337120e-06	
   9.9700031e+03	   1.8873810e-06	
   9.9800310e+03	   1.8493710e-06	
   9.9900007e+03	   1.8125070e-06	
   1.0000000e+04	   1.7851420e-06	
