   8.0000296e+03	   3.1868940e-04	
   8.0100279e+03	   2.7805900e-04	
   8.0200272e+03	   2.7809080e-04	
   8.0300255e+03	   2.7814060e-04	
   8.0400248e+03	   2.7819910e-04	
   8.0500231e+03	   2.7822660e-04	
   8.0600224e+03	   2.7827250e-04	
   8.0699921e+03	   2.7830810e-04	
   8.0800486e+03	   2.7835530e-04	
   8.0900183e+03	   2.7839460e-04	
   8.1000175e+03	   2.7843080e-04	
   8.1100159e+03	   2.7845420e-04	
   8.1200151e+03	   2.7849800e-04	
   8.1300430e+03	   2.7853170e-04	
   8.1400423e+03	   2.7858080e-04	
   8.1500406e+03	   2.7859800e-04	
   8.1600399e+03	   2.7865240e-04	
   8.1700382e+03	   2.7868930e-04	
   8.1800375e+03	   2.7872690e-04	
   8.1900358e+03	   2.7875390e-04	
   8.2000351e+03	   2.7879130e-04	
   8.2100334e+03	   2.7882650e-04	
   8.2200327e+03	   2.7886480e-04	
   8.2300310e+03	   2.7890120e-04	
   8.2400303e+03	   2.7892980e-04	
   8.2500296e+03	   2.7896980e-04	
   8.2600279e+03	   2.7899720e-04	
   8.2700272e+03	   2.7903100e-04	
   8.2799969e+03	   2.7906640e-04	
   8.2900248e+03	   2.7909160e-04	
   8.3000231e+03	   2.7913450e-04	
   8.3100224e+03	   2.7917540e-04	
   8.3200207e+03	   2.7919160e-04	
   8.3300200e+03	   2.7923480e-04	
   8.3400183e+03	   2.7927060e-04	
   8.3500175e+03	   2.7930250e-04	
   8.3600159e+03	   2.7934260e-04	
   8.3700151e+03	   2.7938390e-04	
   8.3800430e+03	   2.7942720e-04	
   8.3900423e+03	   2.7947470e-04	
   8.4000406e+03	   2.7948780e-04	
   8.4100399e+03	   2.7952740e-04	
   8.4200096e+03	   2.7953810e-04	
   8.4300375e+03	   2.7957680e-04	
   8.4400072e+03	   2.7961960e-04	
   8.4500351e+03	   2.7964420e-04	
   8.4600334e+03	   2.7969130e-04	
   8.4700327e+03	   2.7971560e-04	
   8.4800310e+03	   2.7973740e-04	
   8.4900303e+03	   2.7976490e-04	
   8.5000296e+03	   2.7980410e-04	
   8.5100279e+03	   2.7982570e-04	
   8.5200272e+03	   2.7984330e-04	
   8.5300255e+03	   2.7988570e-04	
   8.5400248e+03	   2.7990670e-04	
   8.5500231e+03	   2.7993960e-04	
   8.5600224e+03	   2.7997880e-04	
   8.5700207e+03	   2.8000940e-04	
   8.5799904e+03	   2.8004640e-04	
   8.5900478e+03	   2.8006140e-04	
   8.5999880e+03	   2.8009280e-04	
   8.6100159e+03	   2.8012560e-04	
   8.6199856e+03	   2.8015630e-04	
   8.6300144e+03	   2.8019240e-04	
   8.6400709e+03	   2.8021420e-04	
   8.6500120e+03	   2.8024550e-04	
   8.6600399e+03	   2.8025830e-04	
   8.6700382e+03	   2.8029010e-04	
   8.6800079e+03	   2.8032270e-04	
   8.6900358e+03	   2.8034820e-04	
   8.7000351e+03	   2.8037760e-04	
   8.7100048e+03	   2.8038860e-04	
   8.7200327e+03	   2.8039870e-04	
   8.7300310e+03	   2.8042200e-04	
   8.7400303e+03	   2.8043910e-04	
   8.7500000e+03	   2.8046000e-04	
   8.7600574e+03	   2.8044680e-04	
   8.7700272e+03	   2.8044180e-04	
   8.7799969e+03	   2.8046010e-04	
   8.7900534e+03	   2.8046230e-04	
   8.8000231e+03	   2.8045720e-04	
   8.8100224e+03	   2.8042180e-04	
   8.8200207e+03	   2.8034940e-04	
   8.8300200e+03	   2.8026110e-04	
   8.8400183e+03	   2.8009730e-04	
   8.8500175e+03	   2.7990240e-04	
   8.8599873e+03	   2.7962650e-04	
   8.8699856e+03	   2.7925470e-04	
   8.8800430e+03	   2.7877050e-04	
   8.8900423e+03	   2.7813130e-04	
   8.9000406e+03	   2.7731650e-04	
   8.9100399e+03	   2.7626090e-04	
   8.9200382e+03	   2.7480640e-04	
   8.9300375e+03	   2.7286130e-04	
   8.9400358e+03	   2.7038190e-04	
   8.9500351e+03	   2.6717850e-04	
   8.9600334e+03	   2.6325770e-04	
   8.9700327e+03	   2.5833950e-04	
   8.9800310e+03	   2.5226250e-04	
   8.9900303e+03	   2.4525220e-04	
   9.0000000e+03	   2.3722770e-04	
   9.0100279e+03	   2.2798550e-04	
   9.0200272e+03	   2.1757550e-04	
   9.0300255e+03	   2.0597760e-04	
   9.0400248e+03	   1.9324600e-04	
   9.0500231e+03	   1.8004400e-04	
   9.0600224e+03	   1.6610640e-04	
   9.0700207e+03	   1.5128950e-04	
   9.0799904e+03	   1.3699700e-04	
   9.0900183e+03	   1.2230780e-04	
   9.0999880e+03	   1.0817000e-04	
   9.1100159e+03	   9.4556840e-05	
   9.1200151e+03	   8.2075490e-05	
   9.1300430e+03	   7.0318880e-05	
   9.1400423e+03	   5.9718650e-05	
   9.1500406e+03	   4.9941040e-05	
   9.1600103e+03	   4.1427840e-05	
   9.1700382e+03	   3.3925040e-05	
   9.1800375e+03	   2.7515080e-05	
   9.1900358e+03	   2.2207270e-05	
   9.2000055e+03	   1.7677400e-05	
   9.2100334e+03	   1.3989360e-05	
   9.2200327e+03	   1.1285050e-05	
   9.2300310e+03	   9.0468210e-06	
   9.2400303e+03	   7.2901320e-06	
   9.2500296e+03	   5.9940080e-06	
   9.2600279e+03	   5.0900570e-06	
   9.2700272e+03	   4.3908430e-06	
   9.2800255e+03	   3.8671740e-06	
   9.2900248e+03	   3.5607150e-06	
   9.3000231e+03	   3.3701710e-06	
   9.3100224e+03	   3.2179800e-06	
   9.3200207e+03	   3.1451930e-06	
   9.3300200e+03	   3.1043330e-06	
   9.3400183e+03	   3.0775460e-06	
   9.3500175e+03	   3.0778710e-06	
   9.3600159e+03	   3.0803770e-06	
   9.3700151e+03	   3.0732870e-06	
   9.3800430e+03	   3.0820560e-06	
   9.3900127e+03	   3.1062760e-06	
   9.4000406e+03	   3.0979530e-06	
   9.4100399e+03	   3.1207360e-06	
   9.4200382e+03	   3.0916320e-06	
   9.4300375e+03	   3.0804860e-06	
   9.4400358e+03	   3.0463100e-06	
   9.4500351e+03	   2.9865700e-06	
   9.4600048e+03	   2.9254790e-06	
   9.4700327e+03	   2.8401690e-06	
   9.4800310e+03	   2.7656540e-06	
   9.4900303e+03	   2.6719270e-06	
   9.5000296e+03	   2.5902200e-06	
   9.5100279e+03	   2.5065430e-06	
   9.5199976e+03	   2.4263100e-06	
   9.5300255e+03	   2.3474450e-06	
   9.5400248e+03	   2.2677170e-06	
   9.5499945e+03	   2.2020570e-06	
   9.5600224e+03	   2.1341490e-06	
   9.5700207e+03	   2.0772830e-06	
   9.5800200e+03	   2.0366470e-06	
   9.5899897e+03	   1.9929340e-06	
   9.5999880e+03	   1.9774010e-06	
   9.6100159e+03	   1.9671650e-06	
   9.6199856e+03	   1.9645630e-06	
   9.6300430e+03	   1.9629300e-06	
   9.6400423e+03	   1.9733910e-06	
   9.6500120e+03	   1.9743170e-06	
   9.6600399e+03	   1.9816860e-06	
   9.6700382e+03	   1.9852410e-06	
   9.6800079e+03	   1.9857320e-06	
   9.6900358e+03	   1.9866470e-06	
   9.7000055e+03	   1.9908010e-06	
   9.7100334e+03	   1.9998680e-06	
   9.7200031e+03	   2.0122110e-06	
   9.7300310e+03	   2.0243970e-06	
   9.7400303e+03	   2.0366420e-06	
   9.7500000e+03	   2.0415970e-06	
   9.7600279e+03	   2.0523560e-06	
   9.7700272e+03	   2.0631280e-06	
   9.7799969e+03	   2.0820950e-06	
   9.7900248e+03	   2.0944070e-06	
   9.7999945e+03	   2.1062190e-06	
   9.8099928e+03	   2.1201720e-06	
   9.8200207e+03	   2.1339450e-06	
   9.8300200e+03	   2.1471110e-06	
   9.8399897e+03	   2.1537810e-06	
   9.8500175e+03	   2.1576550e-06	
   9.8600159e+03	   2.1516080e-06	
   9.8699856e+03	   2.1449800e-06	
   9.8800430e+03	   2.1302570e-06	
   9.8900423e+03	   2.1126070e-06	
   9.9000120e+03	   2.0860950e-06	
   9.9100399e+03	   2.0516970e-06	
   9.9200096e+03	   2.0083560e-06	
   9.9300079e+03	   1.9632330e-06	
   9.9400358e+03	   1.9072280e-06	
   9.9500351e+03	   1.8588320e-06	
   9.9600334e+03	   1.8110750e-06	
   9.9700031e+03	   1.7598010e-06	
   9.9800310e+03	   1.7118250e-06	
   9.9900007e+03	   1.6708060e-06	
   1.0000000e+04	   1.6309170e-06	
