   8.0000296e+03	   3.2198030e-04	
   8.0100279e+03	   2.8144150e-04	
   8.0200272e+03	   2.8141140e-04	
   8.0300255e+03	   2.8137430e-04	
   8.0400248e+03	   2.8134850e-04	
   8.0500231e+03	   2.8133080e-04	
   8.0600224e+03	   2.8128600e-04	
   8.0699921e+03	   2.8123320e-04	
   8.0800486e+03	   2.8122030e-04	
   8.0900183e+03	   2.8118040e-04	
   8.0999880e+03	   2.8115020e-04	
   8.1100159e+03	   2.8111370e-04	
   8.1199856e+03	   2.8107660e-04	
   8.1300430e+03	   2.8103390e-04	
   8.1400423e+03	   2.8100320e-04	
   8.1500406e+03	   2.8096740e-04	
   8.1600399e+03	   2.8093490e-04	
   8.1700382e+03	   2.8089950e-04	
   8.1800375e+03	   2.8086670e-04	
   8.1900358e+03	   2.8083530e-04	
   8.2000351e+03	   2.8080060e-04	
   8.2100334e+03	   2.8076440e-04	
   8.2200327e+03	   2.8072360e-04	
   8.2300310e+03	   2.8068040e-04	
   8.2400303e+03	   2.8065470e-04	
   8.2500296e+03	   2.8062020e-04	
   8.2600279e+03	   2.8057570e-04	
   8.2700272e+03	   2.8054100e-04	
   8.2800255e+03	   2.8049870e-04	
   8.2900248e+03	   2.8047450e-04	
   8.3000231e+03	   2.8043410e-04	
   8.3100224e+03	   2.8037290e-04	
   8.3200207e+03	   2.8035280e-04	
   8.3300200e+03	   2.8031430e-04	
   8.3400183e+03	   2.8026810e-04	
   8.3500175e+03	   2.8023220e-04	
   8.3600159e+03	   2.8018480e-04	
   8.3700151e+03	   2.8014740e-04	
   8.3800430e+03	   2.8009880e-04	
   8.3900423e+03	   2.8004490e-04	
   8.4000406e+03	   2.8000040e-04	
   8.4100399e+03	   2.7995650e-04	
   8.4200382e+03	   2.7991260e-04	
   8.4300375e+03	   2.7987630e-04	
   8.4400358e+03	   2.7981670e-04	
   8.4500351e+03	   2.7979220e-04	
   8.4600334e+03	   2.7973210e-04	
   8.4700327e+03	   2.7967690e-04	
   8.4800310e+03	   2.7964140e-04	
   8.4900303e+03	   2.7960450e-04	
   8.5000296e+03	   2.7954100e-04	
   8.5100279e+03	   2.7949430e-04	
   8.5200272e+03	   2.7943940e-04	
   8.5300255e+03	   2.7939830e-04	
   8.5400248e+03	   2.7934320e-04	
   8.5500231e+03	   2.7929550e-04	
   8.5600224e+03	   2.7924860e-04	
   8.5700207e+03	   2.7917450e-04	
   8.5800200e+03	   2.7913380e-04	
   8.5900183e+03	   2.7908800e-04	
   8.5999880e+03	   2.7903170e-04	
   8.6100159e+03	   2.7898510e-04	
   8.6199856e+03	   2.7894300e-04	
   8.6300430e+03	   2.7889110e-04	
   8.6400423e+03	   2.7883830e-04	
   8.6500120e+03	   2.7878770e-04	
   8.6600399e+03	   2.7873160e-04	
   8.6700382e+03	   2.7867200e-04	
   8.6800079e+03	   2.7862170e-04	
   8.6900358e+03	   2.7855220e-04	
   8.7000351e+03	   2.7850230e-04	
   8.7100048e+03	   2.7843090e-04	
   8.7200327e+03	   2.7836750e-04	
   8.7300310e+03	   2.7830420e-04	
   8.7400303e+03	   2.7822960e-04	
   8.7500000e+03	   2.7816200e-04	
   8.7600279e+03	   2.7808300e-04	
   8.7699976e+03	   2.7801570e-04	
   8.7800255e+03	   2.7794300e-04	
   8.7900248e+03	   2.7784440e-04	
   8.8000231e+03	   2.7777200e-04	
   8.8099928e+03	   2.7765370e-04	
   8.8200207e+03	   2.7750680e-04	
   8.8300200e+03	   2.7733270e-04	
   8.8399897e+03	   2.7710990e-04	
   8.8500175e+03	   2.7682930e-04	
   8.8600159e+03	   2.7648310e-04	
   8.8699856e+03	   2.7606330e-04	
   8.8800430e+03	   2.7551330e-04	
   8.8900423e+03	   2.7482410e-04	
   8.9000406e+03	   2.7393830e-04	
   8.9100399e+03	   2.7285510e-04	
   8.9200382e+03	   2.7143400e-04	
   8.9300375e+03	   2.6950890e-04	
   8.9400358e+03	   2.6705690e-04	
   8.9500351e+03	   2.6390010e-04	
   8.9600048e+03	   2.6011270e-04	
   8.9700327e+03	   2.5539920e-04	
   8.9800310e+03	   2.4969100e-04	
   8.9900303e+03	   2.4294060e-04	
   9.0000296e+03	   2.3506990e-04	
   9.0100279e+03	   2.2610270e-04	
   9.0200272e+03	   2.1613240e-04	
   9.0300255e+03	   2.0477450e-04	
   9.0400248e+03	   1.9250980e-04	
   9.0500231e+03	   1.7968330e-04	
   9.0600224e+03	   1.6617390e-04	
   9.0700207e+03	   1.5183230e-04	
   9.0799904e+03	   1.3763550e-04	
   9.0900478e+03	   1.2306210e-04	
   9.0999880e+03	   1.0903840e-04	
   9.1100159e+03	   9.5748790e-05	
   9.1200151e+03	   8.3206720e-05	
   9.1300430e+03	   7.1520740e-05	
   9.1400423e+03	   6.1119150e-05	
   9.1500406e+03	   5.1567790e-05	
   9.1600399e+03	   4.2934130e-05	
   9.1700382e+03	   3.5501680e-05	
   9.1800375e+03	   2.8910140e-05	
   9.1900358e+03	   2.3400490e-05	
   9.2000351e+03	   1.8914720e-05	
   9.2100048e+03	   1.5076210e-05	
   9.2200327e+03	   1.2118130e-05	
   9.2300310e+03	   9.9374980e-06	
   9.2400303e+03	   8.2253050e-06	
   9.2500296e+03	   6.8417190e-06	
   9.2600279e+03	   5.7495500e-06	
   9.2700272e+03	   5.0736330e-06	
   9.2799969e+03	   4.5916120e-06	
   9.2900248e+03	   4.2227180e-06	
   9.3000231e+03	   3.9867590e-06	
   9.3100224e+03	   3.8344110e-06	
   9.3199921e+03	   3.7481890e-06	
   9.3300200e+03	   3.6827250e-06	
   9.3400183e+03	   3.6505530e-06	
   9.3500175e+03	   3.6204270e-06	
   9.3600159e+03	   3.6020080e-06	
   9.3700151e+03	   3.5990790e-06	
   9.3800430e+03	   3.6020560e-06	
   9.3900127e+03	   3.5781080e-06	
   9.4000406e+03	   3.5793110e-06	
   9.4100399e+03	   3.5646800e-06	
   9.4200096e+03	   3.5685330e-06	
   9.4300375e+03	   3.5524370e-06	
   9.4400072e+03	   3.5000420e-06	
   9.4500351e+03	   3.4521770e-06	
   9.4600048e+03	   3.3728800e-06	
   9.4700031e+03	   3.3006760e-06	
   9.4800310e+03	   3.2176090e-06	
   9.4900303e+03	   3.1421600e-06	
   9.5000296e+03	   3.0534250e-06	
   9.5099993e+03	   2.9763410e-06	
   9.5200272e+03	   2.8912880e-06	
   9.5300255e+03	   2.8178290e-06	
   9.5399952e+03	   2.7384110e-06	
   9.5500231e+03	   2.6732870e-06	
   9.5599928e+03	   2.6095490e-06	
   9.5700207e+03	   2.5551280e-06	
   9.5799904e+03	   2.5017070e-06	
   9.5900183e+03	   2.4703950e-06	
   9.5999880e+03	   2.4453950e-06	
   9.6100159e+03	   2.4368530e-06	
   9.6199856e+03	   2.4297190e-06	
   9.6300144e+03	   2.4309240e-06	
   9.6400423e+03	   2.4351760e-06	
   9.6500120e+03	   2.4399060e-06	
   9.6600399e+03	   2.4415510e-06	
   9.6700382e+03	   2.4447130e-06	
   9.6800079e+03	   2.4477930e-06	
   9.6900358e+03	   2.4469900e-06	
   9.7000055e+03	   2.4474330e-06	
   9.7100334e+03	   2.4543460e-06	
   9.7200031e+03	   2.4645290e-06	
   9.7300310e+03	   2.4731760e-06	
   9.7400303e+03	   2.4820440e-06	
   9.7500000e+03	   2.4897530e-06	
   9.7600279e+03	   2.4938860e-06	
   9.7700272e+03	   2.5027580e-06	
   9.7799969e+03	   2.5137510e-06	
   9.7900248e+03	   2.5296660e-06	
   9.8000231e+03	   2.5386860e-06	
   9.8099928e+03	   2.5459850e-06	
   9.8200207e+03	   2.5557920e-06	
   9.8300200e+03	   2.5621900e-06	
   9.8400183e+03	   2.5677480e-06	
   9.8499880e+03	   2.5697400e-06	
   9.8600159e+03	   2.5639670e-06	
   9.8699856e+03	   2.5534190e-06	
   9.8800430e+03	   2.5379840e-06	
   9.8900423e+03	   2.5207610e-06	
   9.9000120e+03	   2.4944150e-06	
   9.9100399e+03	   2.4613260e-06	
   9.9200382e+03	   2.4204520e-06	
   9.9300375e+03	   2.3728440e-06	
   9.9400358e+03	   2.3243340e-06	
   9.9500351e+03	   2.2736070e-06	
   9.9600334e+03	   2.2266770e-06	
   9.9700031e+03	   2.1791030e-06	
   9.9800310e+03	   2.1345800e-06	
   9.9900007e+03	   2.0870050e-06	
   1.0000000e+04	   2.0537150e-06	
