   8.0000000e+03	   2.6243860e-04	
   8.0099993e+03	   2.6244110e-04	
   8.0200272e+03	   2.6242640e-04	
   8.0299969e+03	   2.6243360e-04	
   8.0400248e+03	   2.6242820e-04	
   8.0500231e+03	   2.6243040e-04	
   8.0600224e+03	   2.6242760e-04	
   8.0700207e+03	   2.6242290e-04	
   8.0800200e+03	   2.6243380e-04	
   8.0900183e+03	   2.6243160e-04	
   8.1000175e+03	   2.6242550e-04	
   8.1100159e+03	   2.6242370e-04	
   8.1200151e+03	   2.6243340e-04	
   8.1300430e+03	   2.6242210e-04	
   8.1400423e+03	   2.6242110e-04	
   8.1500406e+03	   2.6241220e-04	
   8.1600399e+03	   2.6240880e-04	
   8.1700382e+03	   2.6240530e-04	
   8.1800375e+03	   2.6241100e-04	
   8.1900358e+03	   2.6240080e-04	
   8.2000351e+03	   2.6240910e-04	
   8.2100334e+03	   2.6241000e-04	
   8.2200327e+03	   2.6240550e-04	
   8.2300024e+03	   2.6240270e-04	
   8.2400303e+03	   2.6238410e-04	
   8.2500000e+03	   2.6240100e-04	
   8.2600279e+03	   2.6238930e-04	
   8.2700272e+03	   2.6238930e-04	
   8.2799969e+03	   2.6239590e-04	
   8.2900248e+03	   2.6238980e-04	
   8.3000231e+03	   2.6239750e-04	
   8.3099928e+03	   2.6238280e-04	
   8.3200207e+03	   2.6238280e-04	
   8.3299904e+03	   2.6238800e-04	
   8.3400183e+03	   2.6239250e-04	
   8.3500175e+03	   2.6238410e-04	
   8.3600159e+03	   2.6238750e-04	
   8.3700151e+03	   2.6238440e-04	
   8.3800430e+03	   2.6238380e-04	
   8.3900127e+03	   2.6237830e-04	
   8.4000406e+03	   2.6236720e-04	
   8.4100399e+03	   2.6237310e-04	
   8.4200096e+03	   2.6236860e-04	
   8.4300375e+03	   2.6238550e-04	
   8.4400072e+03	   2.6236760e-04	
   8.4500351e+03	   2.6236880e-04	
   8.4600334e+03	   2.6237480e-04	
   8.4700327e+03	   2.6236980e-04	
   8.4800310e+03	   2.6236980e-04	
   8.4900303e+03	   2.6236310e-04	
   8.5000296e+03	   2.6235580e-04	
   8.5100279e+03	   2.6235920e-04	
   8.5200272e+03	   2.6236320e-04	
   8.5299969e+03	   2.6235780e-04	
   8.5400248e+03	   2.6236550e-04	
   8.5500231e+03	   2.6235310e-04	
   8.5600224e+03	   2.6235630e-04	
   8.5700207e+03	   2.6235170e-04	
   8.5800200e+03	   2.6235170e-04	
   8.5900183e+03	   2.6234240e-04	
   8.5999880e+03	   2.6234620e-04	
   8.6100159e+03	   2.6232750e-04	
   8.6200151e+03	   2.6233560e-04	
   8.6300430e+03	   2.6231840e-04	
   8.6400423e+03	   2.6232450e-04	
   8.6500120e+03	   2.6231740e-04	
   8.6600399e+03	   2.6231270e-04	
   8.6700382e+03	   2.6230440e-04	
   8.6800079e+03	   2.6229980e-04	
   8.6900358e+03	   2.6229650e-04	
   8.7000351e+03	   2.6228890e-04	
   8.7100334e+03	   2.6228810e-04	
   8.7200031e+03	   2.6228280e-04	
   8.7300310e+03	   2.6226960e-04	
   8.7400303e+03	   2.6224700e-04	
   8.7500000e+03	   2.6223460e-04	
   8.7600279e+03	   2.6220900e-04	
   8.7700272e+03	   2.6218710e-04	
   8.7799969e+03	   2.6216950e-04	
   8.7900248e+03	   2.6214720e-04	
   8.8000231e+03	   2.6210700e-04	
   8.8099928e+03	   2.6207170e-04	
   8.8200207e+03	   2.6200020e-04	
   8.8299904e+03	   2.6189440e-04	
   8.8400183e+03	   2.6176610e-04	
   8.8499880e+03	   2.6159280e-04	
   8.8600159e+03	   2.6135590e-04	
   8.8699856e+03	   2.6106230e-04	
   8.8800430e+03	   2.6069910e-04	
   8.8900127e+03	   2.6019890e-04	
   8.9000406e+03	   2.5952500e-04	
   8.9100103e+03	   2.5870070e-04	
   8.9200382e+03	   2.5760650e-04	
   8.9300079e+03	   2.5619810e-04	
   8.9400358e+03	   2.5436520e-04	
   8.9500055e+03	   2.5198600e-04	
   8.9600334e+03	   2.4893720e-04	
   8.9700327e+03	   2.4516400e-04	
   8.9800024e+03	   2.4049540e-04	
   8.9900303e+03	   2.3484230e-04	
   9.0000296e+03	   2.2813930e-04	
   9.0099993e+03	   2.2040270e-04	
   9.0200272e+03	   2.1153480e-04	
   9.0300255e+03	   2.0158200e-04	
   9.0399952e+03	   1.9046740e-04	
   9.0500231e+03	   1.7871770e-04	
   9.0600224e+03	   1.6617270e-04	
   9.0700207e+03	   1.5263210e-04	
   9.0799904e+03	   1.3913000e-04	
   9.0900183e+03	   1.2522470e-04	
   9.0999880e+03	   1.1185070e-04	
   9.1100159e+03	   9.8930970e-05	
   9.1200151e+03	   8.6649580e-05	
   9.1300430e+03	   7.5105530e-05	
   9.1400127e+03	   6.4317780e-05	
   9.1500406e+03	   5.4605400e-05	
   9.1600399e+03	   4.5959670e-05	
   9.1700096e+03	   3.8385470e-05	
   9.1800375e+03	   3.1625000e-05	
   9.1900358e+03	   2.5767860e-05	
   9.2000351e+03	   2.0871210e-05	
   9.2100334e+03	   1.6668310e-05	
   9.2200031e+03	   1.3456860e-05	
   9.2300310e+03	   1.0860590e-05	
   9.2400303e+03	   8.9572310e-06	
   9.2500000e+03	   7.3775000e-06	
   9.2600279e+03	   6.2534300e-06	
   9.2699976e+03	   5.4449930e-06	
   9.2800255e+03	   4.7974180e-06	
   9.2900248e+03	   4.3343500e-06	
   9.3000231e+03	   4.0078950e-06	
   9.3099928e+03	   3.8378410e-06	
   9.3200207e+03	   3.7227070e-06	
   9.3299904e+03	   3.6342440e-06	
   9.3400183e+03	   3.5793990e-06	
   9.3500175e+03	   3.5485140e-06	
   9.3600159e+03	   3.5143360e-06	
   9.3699856e+03	   3.4971950e-06	
   9.3800430e+03	   3.4975260e-06	
   9.3900127e+03	   3.4731580e-06	
   9.4000406e+03	   3.4809230e-06	
   9.4100399e+03	   3.4756350e-06	
   9.4200096e+03	   3.4770510e-06	
   9.4300375e+03	   3.4372570e-06	
   9.4400358e+03	   3.4253110e-06	
   9.4500351e+03	   3.3883630e-06	
   9.4600048e+03	   3.3307460e-06	
   9.4700327e+03	   3.2621880e-06	
   9.4800310e+03	   3.1833440e-06	
   9.4900303e+03	   3.1110150e-06	
   9.5000000e+03	   3.0286600e-06	
   9.5100279e+03	   2.9552030e-06	
   9.5200272e+03	   2.8707720e-06	
   9.5299969e+03	   2.7963030e-06	
   9.5400248e+03	   2.7198560e-06	
   9.5500231e+03	   2.6500390e-06	
   9.5599928e+03	   2.5851890e-06	
   9.5700207e+03	   2.5273940e-06	
   9.5799904e+03	   2.4800140e-06	
   9.5900183e+03	   2.4398470e-06	
   9.5999880e+03	   2.4120910e-06	
   9.6100159e+03	   2.3941350e-06	
   9.6200151e+03	   2.3850060e-06	
   9.6300144e+03	   2.3832590e-06	
   9.6400423e+03	   2.3869210e-06	
   9.6500120e+03	   2.3906390e-06	
   9.6600103e+03	   2.3968730e-06	
   9.6700382e+03	   2.4023360e-06	
   9.6800079e+03	   2.4057920e-06	
   9.6900358e+03	   2.4067190e-06	
   9.7000055e+03	   2.4075100e-06	
   9.7100334e+03	   2.4096530e-06	
   9.7200031e+03	   2.4194310e-06	
   9.7300310e+03	   2.4277620e-06	
   9.7400303e+03	   2.4371070e-06	
   9.7500000e+03	   2.4456610e-06	
   9.7600279e+03	   2.4527690e-06	
   9.7699976e+03	   2.4584610e-06	
   9.7800255e+03	   2.4694600e-06	
   9.7899952e+03	   2.4831930e-06	
   9.8000231e+03	   2.4912440e-06	
   9.8099928e+03	   2.5030640e-06	
   9.8200207e+03	   2.5119810e-06	
   9.8299904e+03	   2.5175920e-06	
   9.8400183e+03	   2.5256370e-06	
   9.8499880e+03	   2.5305600e-06	
   9.8600159e+03	   2.5306550e-06	
   9.8700151e+03	   2.5225370e-06	
   9.8800144e+03	   2.5115470e-06	
   9.8900127e+03	   2.4960270e-06	
   9.9000406e+03	   2.4767140e-06	
   9.9100399e+03	   2.4495250e-06	
   9.9200096e+03	   2.4133540e-06	
   9.9300079e+03	   2.3705650e-06	
   9.9400358e+03	   2.3209210e-06	
   9.9500351e+03	   2.2754950e-06	
   9.9600334e+03	   2.2276760e-06	
   9.9700031e+03	   2.1798380e-06	
   9.9800310e+03	   2.1350590e-06	
   9.9900007e+03	   2.0903410e-06	
   1.0000000e+04	   2.0549870e-06	
