   8.0000000e+03	   2.6253200e-04	
   8.0099993e+03	   2.6252970e-04	
   8.0200272e+03	   2.6251730e-04	
   8.0300255e+03	   2.6251250e-04	
   8.0400248e+03	   2.6252830e-04	
   8.0500231e+03	   2.6251100e-04	
   8.0600224e+03	   2.6251220e-04	
   8.0699921e+03	   2.6250540e-04	
   8.0800486e+03	   2.6250550e-04	
   8.0899897e+03	   2.6250420e-04	
   8.1000175e+03	   2.6249440e-04	
   8.1100159e+03	   2.6249010e-04	
   8.1200151e+03	   2.6249190e-04	
   8.1300430e+03	   2.6248790e-04	
   8.1400423e+03	   2.6248610e-04	
   8.1500406e+03	   2.6249070e-04	
   8.1600399e+03	   2.6247400e-04	
   8.1700382e+03	   2.6246470e-04	
   8.1800375e+03	   2.6247120e-04	
   8.1900358e+03	   2.6246060e-04	
   8.2000351e+03	   2.6246230e-04	
   8.2100334e+03	   2.6245070e-04	
   8.2200327e+03	   2.6244850e-04	
   8.2300310e+03	   2.6244280e-04	
   8.2400303e+03	   2.6243780e-04	
   8.2500296e+03	   2.6244220e-04	
   8.2600279e+03	   2.6243380e-04	
   8.2700272e+03	   2.6243100e-04	
   8.2799969e+03	   2.6242110e-04	
   8.2900248e+03	   2.6242090e-04	
   8.3000231e+03	   2.6241750e-04	
   8.3100224e+03	   2.6240980e-04	
   8.3200207e+03	   2.6240790e-04	
   8.3300200e+03	   2.6240530e-04	
   8.3400183e+03	   2.6239410e-04	
   8.3500175e+03	   2.6238950e-04	
   8.3600159e+03	   2.6238640e-04	
   8.3700151e+03	   2.6238260e-04	
   8.3800430e+03	   2.6238440e-04	
   8.3900127e+03	   2.6236630e-04	
   8.4000406e+03	   2.6236740e-04	
   8.4100685e+03	   2.6236200e-04	
   8.4200096e+03	   2.6236620e-04	
   8.4300375e+03	   2.6235670e-04	
   8.4400358e+03	   2.6235650e-04	
   8.4500351e+03	   2.6233880e-04	
   8.4600334e+03	   2.6234550e-04	
   8.4700327e+03	   2.6232550e-04	
   8.4800310e+03	   2.6231930e-04	
   8.4900303e+03	   2.6232390e-04	
   8.5000296e+03	   2.6231610e-04	
   8.5100279e+03	   2.6231270e-04	
   8.5200272e+03	   2.6229950e-04	
   8.5300255e+03	   2.6229740e-04	
   8.5400248e+03	   2.6229110e-04	
   8.5500231e+03	   2.6228510e-04	
   8.5600224e+03	   2.6227870e-04	
   8.5699921e+03	   2.6226790e-04	
   8.5800200e+03	   2.6226210e-04	
   8.5900183e+03	   2.6225470e-04	
   8.5999880e+03	   2.6225620e-04	
   8.6100159e+03	   2.6224620e-04	
   8.6200151e+03	   2.6223320e-04	
   8.6300144e+03	   2.6221990e-04	
   8.6400423e+03	   2.6221480e-04	
   8.6500120e+03	   2.6221040e-04	
   8.6600399e+03	   2.6220010e-04	
   8.6700382e+03	   2.6218480e-04	
   8.6800079e+03	   2.6218150e-04	
   8.6900358e+03	   2.6216860e-04	
   8.7000351e+03	   2.6214520e-04	
   8.7100334e+03	   2.6213560e-04	
   8.7200031e+03	   2.6212210e-04	
   8.7300310e+03	   2.6209240e-04	
   8.7400303e+03	   2.6208020e-04	
   8.7500000e+03	   2.6206210e-04	
   8.7600279e+03	   2.6203670e-04	
   8.7699976e+03	   2.6200350e-04	
   8.7800255e+03	   2.6197620e-04	
   8.7900248e+03	   2.6194590e-04	
   8.8000231e+03	   2.6190420e-04	
   8.8099928e+03	   2.6185010e-04	
   8.8200207e+03	   2.6177430e-04	
   8.8300200e+03	   2.6167820e-04	
   8.8399897e+03	   2.6154060e-04	
   8.8500175e+03	   2.6134890e-04	
   8.8600159e+03	   2.6111630e-04	
   8.8699856e+03	   2.6081380e-04	
   8.8800430e+03	   2.6042770e-04	
   8.8900127e+03	   2.5992570e-04	
   8.9000406e+03	   2.5926900e-04	
   8.9100399e+03	   2.5843690e-04	
   8.9200382e+03	   2.5735420e-04	
   8.9300375e+03	   2.5595880e-04	
   8.9400072e+03	   2.5411730e-04	
   8.9500351e+03	   2.5172170e-04	
   8.9600048e+03	   2.4864610e-04	
   8.9700327e+03	   2.4486160e-04	
   8.9800024e+03	   2.4017090e-04	
   8.9900303e+03	   2.3458670e-04	
   9.0000296e+03	   2.2802470e-04	
   9.0099993e+03	   2.2034850e-04	
   9.0200558e+03	   2.1155860e-04	
   9.0299969e+03	   2.0166230e-04	
   9.0400248e+03	   1.9055110e-04	
   9.0499945e+03	   1.7876630e-04	
   9.0600224e+03	   1.6634450e-04	
   9.0699921e+03	   1.5288280e-04	
   9.0800200e+03	   1.3936220e-04	
   9.0900183e+03	   1.2559140e-04	
   9.0999880e+03	   1.1189930e-04	
   9.1100159e+03	   9.8746040e-05	
   9.1200151e+03	   8.6434230e-05	
   9.1300430e+03	   7.4566870e-05	
   9.1400423e+03	   6.3898890e-05	
   9.1500406e+03	   5.4319450e-05	
   9.1600399e+03	   4.5628400e-05	
   9.1700382e+03	   3.8035720e-05	
   9.1800375e+03	   3.1233200e-05	
   9.1900358e+03	   2.5438820e-05	
   9.2000351e+03	   2.0365000e-05	
   9.2100048e+03	   1.6327460e-05	
   9.2200031e+03	   1.3070200e-05	
   9.2300310e+03	   1.0493330e-05	
   9.2400303e+03	   8.5961530e-06	
   9.2500296e+03	   7.2100310e-06	
   9.2600279e+03	   6.0406150e-06	
   9.2700272e+03	   5.1932900e-06	
   9.2800255e+03	   4.6567460e-06	
   9.2900248e+03	   4.2451130e-06	
   9.3000231e+03	   3.9554660e-06	
   9.3100224e+03	   3.7802260e-06	
   9.3200207e+03	   3.6837360e-06	
   9.3300200e+03	   3.6068410e-06	
   9.3399897e+03	   3.5586390e-06	
   9.3500175e+03	   3.5252360e-06	
   9.3600159e+03	   3.4917200e-06	
   9.3700151e+03	   3.4788680e-06	
   9.3800430e+03	   3.4723100e-06	
   9.3900127e+03	   3.4564460e-06	
   9.4000406e+03	   3.4493530e-06	
   9.4100399e+03	   3.4413920e-06	
   9.4200096e+03	   3.4314280e-06	
   9.4300375e+03	   3.4095270e-06	
   9.4400358e+03	   3.3964280e-06	
   9.4500351e+03	   3.3434540e-06	
   9.4600334e+03	   3.3023260e-06	
   9.4700031e+03	   3.2303830e-06	
   9.4800310e+03	   3.1587260e-06	
   9.4900303e+03	   3.0830830e-06	
   9.5000296e+03	   3.0088490e-06	
   9.5100279e+03	   2.9265130e-06	
   9.5199976e+03	   2.8635070e-06	
   9.5300255e+03	   2.7862120e-06	
   9.5400248e+03	   2.7191460e-06	
   9.5499945e+03	   2.6546950e-06	
   9.5600224e+03	   2.5958300e-06	
   9.5700207e+03	   2.5400670e-06	
   9.5799904e+03	   2.4953070e-06	
   9.5900183e+03	   2.4580240e-06	
   9.5999880e+03	   2.4326550e-06	
   9.6100159e+03	   2.4150810e-06	
   9.6200151e+03	   2.4120010e-06	
   9.6300430e+03	   2.4096610e-06	
   9.6400127e+03	   2.4158690e-06	
   9.6500120e+03	   2.4185130e-06	
   9.6600399e+03	   2.4270360e-06	
   9.6700382e+03	   2.4349120e-06	
   9.6800079e+03	   2.4399190e-06	
   9.6900358e+03	   2.4407920e-06	
   9.7000055e+03	   2.4436490e-06	
   9.7100334e+03	   2.4451170e-06	
   9.7200031e+03	   2.4530340e-06	
   9.7300310e+03	   2.4630340e-06	
   9.7400303e+03	   2.4711190e-06	
   9.7500296e+03	   2.4797440e-06	
   9.7600279e+03	   2.4896730e-06	
   9.7699976e+03	   2.4966400e-06	
   9.7800255e+03	   2.5044270e-06	
   9.7899952e+03	   2.5157540e-06	
   9.8000231e+03	   2.5280400e-06	
   9.8099928e+03	   2.5378440e-06	
   9.8200207e+03	   2.5471060e-06	
   9.8300200e+03	   2.5522980e-06	
   9.8399897e+03	   2.5596070e-06	
   9.8500175e+03	   2.5653000e-06	
   9.8600159e+03	   2.5667230e-06	
   9.8699856e+03	   2.5575910e-06	
   9.8800430e+03	   2.5522770e-06	
   9.8900423e+03	   2.5339590e-06	
   9.9000120e+03	   2.5183900e-06	
   9.9100399e+03	   2.4928800e-06	
   9.9200382e+03	   2.4609500e-06	
   9.9300079e+03	   2.4192240e-06	
   9.9400358e+03	   2.3739830e-06	
   9.9500351e+03	   2.3260880e-06	
   9.9600334e+03	   2.2771710e-06	
   9.9700031e+03	   2.2339070e-06	
   9.9800310e+03	   2.1855780e-06	
   9.9900007e+03	   2.1432130e-06	
   1.0000030e+04	   2.1008480e-06	
