   8.0000000e+03	   2.6158390e-04	
   8.0100279e+03	   2.6157480e-04	
   8.0200272e+03	   2.6156800e-04	
   8.0300255e+03	   2.6157510e-04	
   8.0400248e+03	   2.6156240e-04	
   8.0500231e+03	   2.6155020e-04	
   8.0600224e+03	   2.6155760e-04	
   8.0699921e+03	   2.6153010e-04	
   8.0800486e+03	   2.6152850e-04	
   8.0900183e+03	   2.6152090e-04	
   8.1000175e+03	   2.6151590e-04	
   8.1100159e+03	   2.6151500e-04	
   8.1200151e+03	   2.6150160e-04	
   8.1300430e+03	   2.6150300e-04	
   8.1400423e+03	   2.6148580e-04	
   8.1500406e+03	   2.6148550e-04	
   8.1600399e+03	   2.6148460e-04	
   8.1700382e+03	   2.6147490e-04	
   8.1800375e+03	   2.6147410e-04	
   8.1900358e+03	   2.6147180e-04	
   8.2000351e+03	   2.6146240e-04	
   8.2100334e+03	   2.6145000e-04	
   8.2200327e+03	   2.6145440e-04	
   8.2300310e+03	   2.6145040e-04	
   8.2400303e+03	   2.6143760e-04	
   8.2500296e+03	   2.6142600e-04	
   8.2600279e+03	   2.6142340e-04	
   8.2700272e+03	   2.6142340e-04	
   8.2799969e+03	   2.6141380e-04	
   8.2900248e+03	   2.6139870e-04	
   8.3000231e+03	   2.6139450e-04	
   8.3100224e+03	   2.6138200e-04	
   8.3200207e+03	   2.6138420e-04	
   8.3300200e+03	   2.6136720e-04	
   8.3400183e+03	   2.6136220e-04	
   8.3500175e+03	   2.6135840e-04	
   8.3600159e+03	   2.6134110e-04	
   8.3700151e+03	   2.6133140e-04	
   8.3800430e+03	   2.6132150e-04	
   8.3900423e+03	   2.6131810e-04	
   8.4000406e+03	   2.6131850e-04	
   8.4100399e+03	   2.6129650e-04	
   8.4200382e+03	   2.6128860e-04	
   8.4300375e+03	   2.6128130e-04	
   8.4400072e+03	   2.6126550e-04	
   8.4500351e+03	   2.6125780e-04	
   8.4600334e+03	   2.6124380e-04	
   8.4700327e+03	   2.6122630e-04	
   8.4800310e+03	   2.6122560e-04	
   8.4900303e+03	   2.6121120e-04	
   8.5000296e+03	   2.6118790e-04	
   8.5099993e+03	   2.6118570e-04	
   8.5200272e+03	   2.6117090e-04	
   8.5299969e+03	   2.6115800e-04	
   8.5400248e+03	   2.6114820e-04	
   8.5500231e+03	   2.6112660e-04	
   8.5600224e+03	   2.6111400e-04	
   8.5700207e+03	   2.6110380e-04	
   8.5800200e+03	   2.6107850e-04	
   8.5900183e+03	   2.6107440e-04	
   8.5999880e+03	   2.6105260e-04	
   8.6100159e+03	   2.6103820e-04	
   8.6200151e+03	   2.6101850e-04	
   8.6300144e+03	   2.6100730e-04	
   8.6400423e+03	   2.6098870e-04	
   8.6500120e+03	   2.6096330e-04	
   8.6600399e+03	   2.6094310e-04	
   8.6700382e+03	   2.6090490e-04	
   8.6800079e+03	   2.6087780e-04	
   8.6900358e+03	   2.6083800e-04	
   8.7000351e+03	   2.6077570e-04	
   8.7100334e+03	   2.6071310e-04	
   8.7200031e+03	   2.6062770e-04	
   8.7300310e+03	   2.6050030e-04	
   8.7400303e+03	   2.6028740e-04	
   8.7500000e+03	   2.5993340e-04	
   8.7600279e+03	   2.5932350e-04	
   8.7699976e+03	   2.5839890e-04	
   8.7799969e+03	   2.5702620e-04	
   8.7900248e+03	   2.5496690e-04	
   8.8000231e+03	   2.5199280e-04	
   8.8099928e+03	   2.4790390e-04	
   8.8200207e+03	   2.4184160e-04	
   8.8300200e+03	   2.3372420e-04	
   8.8399897e+03	   2.2257170e-04	
   8.8500175e+03	   2.0791690e-04	
   8.8599873e+03	   1.9003230e-04	
   8.8699856e+03	   1.6926550e-04	
   8.8800430e+03	   1.4667500e-04	
   8.8900423e+03	   1.2310130e-04	
   8.9000406e+03	   9.9547020e-05	
   8.9100399e+03	   7.7593860e-05	
   8.9200382e+03	   5.8211560e-05	
   8.9300375e+03	   4.2442490e-05	
   8.9400072e+03	   3.0562110e-05	
   8.9500351e+03	   2.1830180e-05	
   8.9600048e+03	   1.5687950e-05	
   8.9700327e+03	   1.1145410e-05	
   8.9800310e+03	   7.9732000e-06	
   8.9900303e+03	   5.7847140e-06	
   9.0000296e+03	   4.2989190e-06	
   9.0099993e+03	   3.2952490e-06	
   9.0200558e+03	   2.6640860e-06	
   9.0299969e+03	   2.3082840e-06	
   9.0400248e+03	   2.1459700e-06	
   9.0500231e+03	   2.0918120e-06	
   9.0600224e+03	   2.1303170e-06	
   9.0700207e+03	   2.1853520e-06	
   9.0799904e+03	   2.2538710e-06	
   9.0900183e+03	   2.3209320e-06	
   9.0999880e+03	   2.3592440e-06	
   9.1100159e+03	   2.4117090e-06	
   9.1200151e+03	   2.4245850e-06	
   9.1300430e+03	   2.4232560e-06	
   9.1400423e+03	   2.4276920e-06	
   9.1500406e+03	   2.4355080e-06	
   9.1600103e+03	   2.4647790e-06	
   9.1700382e+03	   2.5082880e-06	
   9.1800375e+03	   2.5638780e-06	
   9.1900072e+03	   2.6300850e-06	
   9.2000351e+03	   2.6857770e-06	
   9.2100334e+03	   2.7398010e-06	
   9.2200031e+03	   2.7808160e-06	
   9.2300310e+03	   2.7965200e-06	
   9.2400303e+03	   2.7718920e-06	
   9.2500296e+03	   2.7073670e-06	
   9.2599993e+03	   2.6180800e-06	
   9.2700272e+03	   2.4899380e-06	
   9.2799969e+03	   2.3463890e-06	
   9.2900248e+03	   2.2021640e-06	
   9.3000231e+03	   2.0640560e-06	
   9.3099928e+03	   1.9556560e-06	
   9.3199921e+03	   1.8703560e-06	
   9.3300200e+03	   1.7919010e-06	
   9.3399897e+03	   1.7299610e-06	
   9.3500175e+03	   1.6878500e-06	
   9.3600159e+03	   1.6595770e-06	
   9.3699856e+03	   1.6469780e-06	
   9.3800430e+03	   1.6434770e-06	
   9.3900127e+03	   1.6451880e-06	
   9.4000406e+03	   1.6617540e-06	
   9.4100399e+03	   1.6850210e-06	
   9.4200096e+03	   1.7185010e-06	
   9.4300375e+03	   1.7562070e-06	
   9.4400358e+03	   1.7949170e-06	
   9.4500351e+03	   1.8333800e-06	
   9.4600048e+03	   1.8696890e-06	
   9.4700327e+03	   1.9006360e-06	
   9.4800310e+03	   1.9215340e-06	
   9.4900007e+03	   1.9252650e-06	
   9.5000296e+03	   1.9060000e-06	
   9.5100279e+03	   1.8696730e-06	
   9.5199976e+03	   1.8193030e-06	
   9.5300255e+03	   1.7674370e-06	
   9.5399952e+03	   1.7208260e-06	
   9.5500231e+03	   1.6894230e-06	
   9.5599928e+03	   1.6690840e-06	
   9.5700207e+03	   1.6587330e-06	
   9.5800200e+03	   1.6463050e-06	
   9.5900183e+03	   1.6331500e-06	
   9.5999880e+03	   1.6194880e-06	
   9.6100159e+03	   1.6093780e-06	
   9.6199856e+03	   1.5940760e-06	
   9.6300430e+03	   1.5742320e-06	
   9.6400127e+03	   1.5484970e-06	
   9.6500406e+03	   1.5199000e-06	
   9.6600103e+03	   1.4893230e-06	
   9.6700382e+03	   1.4524760e-06	
   9.6800079e+03	   1.4052760e-06	
   9.6900358e+03	   1.3509700e-06	
   9.7000055e+03	   1.2940850e-06	
   9.7100334e+03	   1.2458720e-06	
   9.7200031e+03	   1.2083880e-06	
   9.7300310e+03	   1.1809360e-06	
   9.7400303e+03	   1.1635290e-06	
   9.7500000e+03	   1.1502170e-06	
   9.7600279e+03	   1.1349150e-06	
   9.7699976e+03	   1.1174470e-06	
   9.7800255e+03	   1.0992450e-06	
   9.7899952e+03	   1.0823200e-06	
   9.8000231e+03	   1.0669400e-06	
   9.8099928e+03	   1.0528780e-06	
   9.8200207e+03	   1.0412760e-06	
   9.8299904e+03	   1.0335420e-06	
   9.8400183e+03	   1.0284620e-06	
   9.8499880e+03	   1.0233150e-06	
   9.8600159e+03	   1.0155420e-06	
   9.8699856e+03	   1.0062370e-06	
   9.8800430e+03	   9.9483820e-07	
   9.8900423e+03	   9.8372750e-07	
   9.9000120e+03	   9.7379200e-07	
   9.9100399e+03	   9.6387530e-07	
   9.9200096e+03	   9.5547850e-07	
   9.9300375e+03	   9.4724690e-07	
   9.9400072e+03	   9.3957420e-07	
   9.9500351e+03	   9.3217480e-07	
   9.9600334e+03	   9.2480640e-07	
   9.9700031e+03	   9.1784890e-07	
   9.9800310e+03	   9.1150430e-07	
   9.9900007e+03	   9.0504450e-07	
   1.0000000e+04	   8.9849120e-07	
