   8.0000000e+03	   3.0290270e-04	
   8.0100279e+03	   2.6205830e-04	
   8.0200272e+03	   2.6207090e-04	
   8.0300255e+03	   2.6207140e-04	
   8.0400248e+03	   2.6205990e-04	
   8.0500231e+03	   2.6206090e-04	
   8.0600224e+03	   2.6205350e-04	
   8.0700207e+03	   2.6204410e-04	
   8.0800200e+03	   2.6204010e-04	
   8.0900183e+03	   2.6203340e-04	
   8.1000175e+03	   2.6203150e-04	
   8.1100159e+03	   2.6202670e-04	
   8.1200151e+03	   2.6201240e-04	
   8.1300430e+03	   2.6200750e-04	
   8.1400423e+03	   2.6199780e-04	
   8.1500406e+03	   2.6199960e-04	
   8.1600399e+03	   2.6199620e-04	
   8.1700382e+03	   2.6199340e-04	
   8.1800375e+03	   2.6198720e-04	
   8.1900358e+03	   2.6198850e-04	
   8.2000351e+03	   2.6198350e-04	
   8.2100334e+03	   2.6198040e-04	
   8.2200327e+03	   2.6197870e-04	
   8.2300310e+03	   2.6196920e-04	
   8.2400303e+03	   2.6196750e-04	
   8.2500296e+03	   2.6196340e-04	
   8.2600279e+03	   2.6195920e-04	
   8.2700272e+03	   2.6194590e-04	
   8.2800255e+03	   2.6195100e-04	
   8.2900248e+03	   2.6193930e-04	
   8.3000231e+03	   2.6193270e-04	
   8.3099928e+03	   2.6193740e-04	
   8.3200502e+03	   2.6192100e-04	
   8.3299904e+03	   2.6191240e-04	
   8.3400183e+03	   2.6190660e-04	
   8.3500175e+03	   2.6190120e-04	
   8.3600159e+03	   2.6190420e-04	
   8.3700151e+03	   2.6189740e-04	
   8.3800430e+03	   2.6189030e-04	
   8.3900127e+03	   2.6187970e-04	
   8.4000406e+03	   2.6187150e-04	
   8.4100685e+03	   2.6187100e-04	
   8.4200096e+03	   2.6186810e-04	
   8.4300375e+03	   2.6185660e-04	
   8.4400358e+03	   2.6184790e-04	
   8.4500351e+03	   2.6183840e-04	
   8.4600334e+03	   2.6183200e-04	
   8.4700031e+03	   2.6183180e-04	
   8.4800310e+03	   2.6181960e-04	
   8.4900303e+03	   2.6183050e-04	
   8.5000296e+03	   2.6180960e-04	
   8.5099993e+03	   2.6180540e-04	
   8.5200272e+03	   2.6178170e-04	
   8.5299969e+03	   2.6178160e-04	
   8.5400248e+03	   2.6177000e-04	
   8.5500231e+03	   2.6175090e-04	
   8.5600224e+03	   2.6173780e-04	
   8.5699921e+03	   2.6172400e-04	
   8.5800200e+03	   2.6171970e-04	
   8.5900183e+03	   2.6169900e-04	
   8.5999880e+03	   2.6169650e-04	
   8.6100159e+03	   2.6168050e-04	
   8.6200151e+03	   2.6166060e-04	
   8.6300430e+03	   2.6165470e-04	
   8.6400423e+03	   2.6163760e-04	
   8.6500120e+03	   2.6163240e-04	
   8.6600399e+03	   2.6159760e-04	
   8.6700382e+03	   2.6158330e-04	
   8.6800079e+03	   2.6155470e-04	
   8.6900358e+03	   2.6152170e-04	
   8.7000351e+03	   2.6147220e-04	
   8.7100048e+03	   2.6142380e-04	
   8.7200327e+03	   2.6135360e-04	
   8.7300310e+03	   2.6125380e-04	
   8.7400303e+03	   2.6111210e-04	
   8.7500000e+03	   2.6089240e-04	
   8.7600279e+03	   2.6048630e-04	
   8.7699976e+03	   2.5985240e-04	
   8.7799969e+03	   2.5886170e-04	
   8.7900248e+03	   2.5738190e-04	
   8.8000231e+03	   2.5523610e-04	
   8.8099928e+03	   2.5224430e-04	
   8.8200502e+03	   2.4777060e-04	
   8.8299904e+03	   2.4165050e-04	
   8.8399897e+03	   2.3287250e-04	
   8.8500175e+03	   2.2124000e-04	
   8.8600159e+03	   2.0604550e-04	
   8.8699856e+03	   1.8774660e-04	
   8.8800430e+03	   1.6649290e-04	
   8.8900423e+03	   1.4309840e-04	
   8.9000406e+03	   1.1923780e-04	
   8.9100103e+03	   9.5893810e-05	
   8.9200382e+03	   7.4422630e-05	
   8.9300375e+03	   5.5882660e-05	
   8.9400072e+03	   4.0998650e-05	
   8.9500351e+03	   2.9619430e-05	
   8.9600048e+03	   2.1396980e-05	
   8.9700327e+03	   1.5216070e-05	
   8.9800024e+03	   1.0857790e-05	
   8.9900303e+03	   7.8590510e-06	
   9.0000000e+03	   5.7661000e-06	
   9.0100279e+03	   4.3605560e-06	
   9.0200272e+03	   3.4140510e-06	
   9.0300255e+03	   2.8222820e-06	
   9.0399952e+03	   2.4879920e-06	
   9.0500231e+03	   2.3724490e-06	
   9.0599928e+03	   2.3387110e-06	
   9.0700207e+03	   2.3642080e-06	
   9.0799904e+03	   2.4058060e-06	
   9.0900183e+03	   2.4820340e-06	
   9.0999880e+03	   2.5457960e-06	
   9.1100159e+03	   2.5900890e-06	
   9.1200151e+03	   2.6372330e-06	
   9.1300144e+03	   2.6317680e-06	
   9.1400423e+03	   2.6284680e-06	
   9.1500120e+03	   2.6341840e-06	
   9.1600399e+03	   2.6584400e-06	
   9.1700096e+03	   2.6967360e-06	
   9.1800375e+03	   2.7464380e-06	
   9.1900072e+03	   2.8006410e-06	
   9.2000351e+03	   2.8718440e-06	
   9.2100334e+03	   2.9295760e-06	
   9.2200031e+03	   2.9959130e-06	
   9.2300310e+03	   3.0345890e-06	
   9.2400303e+03	   3.0491830e-06	
   9.2500000e+03	   3.0272750e-06	
   9.2600279e+03	   2.9649880e-06	
   9.2700272e+03	   2.8752260e-06	
   9.2800255e+03	   2.7592430e-06	
   9.2900248e+03	   2.6144890e-06	
   9.3000231e+03	   2.4679160e-06	
   9.3100224e+03	   2.3306220e-06	
   9.3200207e+03	   2.2065460e-06	
   9.3300200e+03	   2.1125160e-06	
   9.3399897e+03	   2.0354210e-06	
   9.3500175e+03	   1.9683630e-06	
   9.3600159e+03	   1.9312480e-06	
   9.3699856e+03	   1.8988360e-06	
   9.3800430e+03	   1.8845970e-06	
   9.3900127e+03	   1.8797080e-06	
   9.4000406e+03	   1.8818120e-06	
   9.4100399e+03	   1.8960960e-06	
   9.4200096e+03	   1.9188550e-06	
   9.4300375e+03	   1.9545250e-06	
   9.4400358e+03	   1.9933350e-06	
   9.4500351e+03	   2.0329480e-06	
   9.4600048e+03	   2.0714990e-06	
   9.4700327e+03	   2.1084560e-06	
   9.4800024e+03	   2.1418660e-06	
   9.4900303e+03	   2.1645300e-06	
   9.5000000e+03	   2.1670090e-06	
   9.5100279e+03	   2.1476600e-06	
   9.5200272e+03	   2.1083230e-06	
   9.5300255e+03	   2.0596360e-06	
   9.5399952e+03	   2.0066750e-06	
   9.5500231e+03	   1.9629020e-06	
   9.5599928e+03	   1.9322060e-06	
   9.5700207e+03	   1.9148880e-06	
   9.5799904e+03	   1.9014390e-06	
   9.5900183e+03	   1.8899650e-06	
   9.5999880e+03	   1.8713850e-06	
   9.6100159e+03	   1.8585320e-06	
   9.6200151e+03	   1.8470350e-06	
   9.6300144e+03	   1.8302670e-06	
   9.6400423e+03	   1.8104960e-06	
   9.6500120e+03	   1.7828650e-06	
   9.6600399e+03	   1.7564410e-06	
   9.6700382e+03	   1.7222460e-06	
   9.6800079e+03	   1.6814340e-06	
   9.6900358e+03	   1.6289020e-06	
   9.7000055e+03	   1.5697960e-06	
   9.7100334e+03	   1.5152130e-06	
   9.7200031e+03	   1.4704660e-06	
   9.7300310e+03	   1.4369640e-06	
   9.7400303e+03	   1.4145680e-06	
   9.7500000e+03	   1.3997920e-06	
   9.7600279e+03	   1.3858700e-06	
   9.7699976e+03	   1.3691200e-06	
   9.7799969e+03	   1.3499580e-06	
   9.7900248e+03	   1.3315240e-06	
   9.8000231e+03	   1.3146490e-06	
   9.8099928e+03	   1.2992590e-06	
   9.8200207e+03	   1.2860510e-06	
   9.8299904e+03	   1.2763060e-06	
   9.8400183e+03	   1.2700460e-06	
   9.8499880e+03	   1.2652810e-06	
   9.8600159e+03	   1.2596760e-06	
   9.8699856e+03	   1.2517440e-06	
   9.8800430e+03	   1.2405350e-06	
   9.8900127e+03	   1.2297790e-06	
   9.9000406e+03	   1.2188370e-06	
   9.9100103e+03	   1.2088650e-06	
   9.9200382e+03	   1.2000690e-06	
   9.9300079e+03	   1.1912810e-06	
   9.9400358e+03	   1.1836540e-06	
   9.9500351e+03	   1.1758300e-06	
   9.9600334e+03	   1.1684300e-06	
   9.9700031e+03	   1.1612940e-06	
   9.9800310e+03	   1.1543340e-06	
   9.9900007e+03	   1.1484750e-06	
   1.0000000e+04	   1.1407550e-06	
