   8.0000296e+03	   3.0475200e-04	
   8.0100279e+03	   2.6370610e-04	
   8.0200272e+03	   2.6370030e-04	
   8.0300255e+03	   2.6367410e-04	
   8.0400248e+03	   2.6367530e-04	
   8.0500231e+03	   2.6366270e-04	
   8.0600224e+03	   2.6367190e-04	
   8.0699921e+03	   2.6367410e-04	
   8.0800486e+03	   2.6366730e-04	
   8.0900183e+03	   2.6366560e-04	
   8.1000175e+03	   2.6365920e-04	
   8.1100159e+03	   2.6365730e-04	
   8.1200151e+03	   2.6364490e-04	
   8.1300430e+03	   2.6364110e-04	
   8.1400423e+03	   2.6364540e-04	
   8.1500406e+03	   2.6363280e-04	
   8.1600399e+03	   2.6361750e-04	
   8.1700382e+03	   2.6361230e-04	
   8.1800375e+03	   2.6361290e-04	
   8.1900072e+03	   2.6361970e-04	
   8.2000637e+03	   2.6360960e-04	
   8.2100048e+03	   2.6361350e-04	
   8.2200327e+03	   2.6359900e-04	
   8.2300024e+03	   2.6358840e-04	
   8.2400303e+03	   2.6358360e-04	
   8.2500000e+03	   2.6356940e-04	
   8.2600279e+03	   2.6357180e-04	
   8.2700272e+03	   2.6356140e-04	
   8.2800255e+03	   2.6356070e-04	
   8.2900248e+03	   2.6355130e-04	
   8.3000231e+03	   2.6354290e-04	
   8.3099928e+03	   2.6354700e-04	
   8.3200207e+03	   2.6351330e-04	
   8.3299904e+03	   2.6352450e-04	
   8.3400183e+03	   2.6350570e-04	
   8.3500175e+03	   2.6349420e-04	
   8.3600159e+03	   2.6350380e-04	
   8.3700151e+03	   2.6348970e-04	
   8.3800430e+03	   2.6348710e-04	
   8.3900127e+03	   2.6346740e-04	
   8.4000406e+03	   2.6346510e-04	
   8.4100399e+03	   2.6344930e-04	
   8.4200382e+03	   2.6346320e-04	
   8.4300375e+03	   2.6344790e-04	
   8.4400072e+03	   2.6344870e-04	
   8.4500351e+03	   2.6343480e-04	
   8.4600048e+03	   2.6342350e-04	
   8.4700327e+03	   2.6341170e-04	
   8.4800310e+03	   2.6341060e-04	
   8.4900303e+03	   2.6337780e-04	
   8.5000296e+03	   2.6338270e-04	
   8.5100279e+03	   2.6337400e-04	
   8.5200272e+03	   2.6336980e-04	
   8.5299969e+03	   2.6334840e-04	
   8.5400248e+03	   2.6334210e-04	
   8.5500231e+03	   2.6332050e-04	
   8.5600224e+03	   2.6332510e-04	
   8.5699921e+03	   2.6332370e-04	
   8.5800200e+03	   2.6331100e-04	
   8.5900183e+03	   2.6327180e-04	
   8.5999880e+03	   2.6326140e-04	
   8.6100159e+03	   2.6326210e-04	
   8.6199856e+03	   2.6323380e-04	
   8.6300144e+03	   2.6323190e-04	
   8.6400423e+03	   2.6321810e-04	
   8.6500120e+03	   2.6321040e-04	
   8.6600399e+03	   2.6316220e-04	
   8.6700382e+03	   2.6315470e-04	
   8.6800375e+03	   2.6314940e-04	
   8.6900072e+03	   2.6311720e-04	
   8.7000351e+03	   2.6308550e-04	
   8.7100048e+03	   2.6305730e-04	
   8.7200031e+03	   2.6302690e-04	
   8.7300310e+03	   2.6297540e-04	
   8.7400303e+03	   2.6287190e-04	
   8.7500000e+03	   2.6268110e-04	
   8.7600279e+03	   2.6235810e-04	
   8.7699976e+03	   2.6183630e-04	
   8.7799969e+03	   2.6100760e-04	
   8.7900248e+03	   2.5959510e-04	
   8.8000231e+03	   2.5715830e-04	
   8.8099928e+03	   2.5327120e-04	
   8.8200207e+03	   2.4669550e-04	
   8.8299904e+03	   2.3713590e-04	
   8.8399897e+03	   2.2370150e-04	
   8.8500175e+03	   2.0579780e-04	
   8.8599873e+03	   1.8360940e-04	
   8.8699856e+03	   1.5840030e-04	
   8.8800430e+03	   1.3145270e-04	
   8.8900127e+03	   1.0429540e-04	
   8.9000406e+03	   7.9246310e-05	
   8.9100103e+03	   5.7694740e-05	
   8.9200382e+03	   3.9500250e-05	
   8.9300375e+03	   2.6113880e-05	
   8.9400072e+03	   1.6956900e-05	
   8.9500351e+03	   1.0921440e-05	
   8.9600048e+03	   7.2274780e-06	
   8.9700327e+03	   4.9784500e-06	
   8.9800310e+03	   3.6329110e-06	
   8.9900303e+03	   2.8144120e-06	
   9.0000000e+03	   2.3051420e-06	
   9.0099993e+03	   1.9891900e-06	
   9.0200272e+03	   1.8166790e-06	
   9.0300255e+03	   1.7589220e-06	
   9.0399952e+03	   1.7680740e-06	
   9.0500231e+03	   1.8156440e-06	
   9.0600224e+03	   1.8794560e-06	
   9.0700207e+03	   1.9316190e-06	
   9.0799904e+03	   1.9754640e-06	
   9.0900183e+03	   1.9893410e-06	
   9.0999880e+03	   1.9902310e-06	
   9.1100159e+03	   1.9926060e-06	
   9.1199856e+03	   2.0023290e-06	
   9.1300430e+03	   2.0232990e-06	
   9.1400423e+03	   2.0576300e-06	
   9.1500120e+03	   2.1084570e-06	
   9.1600103e+03	   2.1711800e-06	
   9.1700382e+03	   2.2422990e-06	
   9.1800375e+03	   2.3111140e-06	
   9.1900072e+03	   2.3890180e-06	
   9.2000351e+03	   2.4533560e-06	
   9.2100048e+03	   2.4674530e-06	
   9.2200327e+03	   2.4345500e-06	
   9.2300310e+03	   2.3530590e-06	
   9.2400303e+03	   2.2282140e-06	
   9.2500296e+03	   2.0799200e-06	
   9.2600279e+03	   1.9284700e-06	
   9.2699976e+03	   1.7797850e-06	
   9.2799969e+03	   1.6582200e-06	
   9.2900248e+03	   1.5572770e-06	
   9.3000231e+03	   1.4780330e-06	
   9.3099928e+03	   1.4223720e-06	
   9.3200207e+03	   1.3881960e-06	
   9.3300200e+03	   1.3628290e-06	
   9.3399897e+03	   1.3387550e-06	
   9.3500175e+03	   1.3244300e-06	
   9.3600159e+03	   1.3165700e-06	
   9.3700151e+03	   1.3109630e-06	
   9.3800430e+03	   1.3079120e-06	
   9.3900127e+03	   1.3079360e-06	
   9.4000406e+03	   1.3118240e-06	
   9.4100103e+03	   1.3239950e-06	
   9.4200382e+03	   1.3358980e-06	
   9.4300375e+03	   1.3328800e-06	
   9.4400072e+03	   1.3168850e-06	
   9.4500351e+03	   1.2965270e-06	
   9.4600334e+03	   1.2781280e-06	
   9.4700327e+03	   1.2626400e-06	
   9.4800310e+03	   1.2460160e-06	
   9.4900303e+03	   1.2210080e-06	
   9.5000000e+03	   1.1896310e-06	
   9.5100279e+03	   1.1558340e-06	
   9.5199976e+03	   1.1210590e-06	
   9.5300255e+03	   1.0933760e-06	
   9.5400248e+03	   1.0740630e-06	
   9.5500231e+03	   1.0629260e-06	
   9.5599928e+03	   1.0566390e-06	
   9.5700207e+03	   1.0500700e-06	
   9.5800200e+03	   1.0417110e-06	
   9.5899897e+03	   1.0328430e-06	
   9.5999880e+03	   1.0231800e-06	
   9.6100159e+03	   1.0128420e-06	
   9.6199856e+03	   1.0050320e-06	
   9.6300430e+03	   9.9611540e-07	
   9.6400127e+03	   9.8784610e-07	
   9.6500406e+03	   9.7983250e-07	
   9.6600103e+03	   9.7161010e-07	
   9.6700382e+03	   9.6330470e-07	
   9.6800079e+03	   9.5554470e-07	
   9.6900358e+03	   9.4784560e-07	
   9.7000055e+03	   9.4017150e-07	
   9.7100334e+03	   9.3268110e-07	
   9.7200031e+03	   9.2517400e-07	
   9.7300024e+03	   9.1803050e-07	
   9.7400303e+03	   9.1109050e-07	
   9.7500000e+03	   9.0459600e-07	
   9.7600279e+03	   8.9827820e-07	
   9.7699976e+03	   8.9222400e-07	
   9.7800255e+03	   8.8641040e-07	
   9.7899952e+03	   8.8084070e-07	
   9.8000231e+03	   8.7560280e-07	
   9.8099928e+03	   8.7068390e-07	
   9.8200207e+03	   8.6548470e-07	
   9.8299904e+03	   8.6048640e-07	
   9.8400183e+03	   8.5551870e-07	
   9.8499880e+03	   8.5040350e-07	
   9.8600159e+03	   8.4512880e-07	
   9.8699856e+03	   8.3994180e-07	
   9.8800430e+03	   8.3406040e-07	
   9.8900127e+03	   8.2858260e-07	
   9.9000406e+03	   8.2236680e-07	
   9.9100399e+03	   8.1665610e-07	
   9.9200096e+03	   8.1066000e-07	
   9.9300079e+03	   8.0492350e-07	
   9.9400358e+03	   7.9955990e-07	
   9.9500055e+03	   7.9371800e-07	
   9.9600630e+03	   7.8803940e-07	
   9.9700031e+03	   7.8183720e-07	
   9.9800310e+03	   7.7571170e-07	
   9.9900007e+03	   7.6960190e-07	
   1.0000000e+04	   7.6352510e-07	
