   8.0000296e+03	   3.0372410e-04	
   8.0100279e+03	   2.6312740e-04	
   8.0200272e+03	   2.6315780e-04	
   8.0300255e+03	   2.6315570e-04	
   8.0400248e+03	   2.6316050e-04	
   8.0499945e+03	   2.6316060e-04	
   8.0600224e+03	   2.6315030e-04	
   8.0699921e+03	   2.6316550e-04	
   8.0800486e+03	   2.6315990e-04	
   8.0900183e+03	   2.6315460e-04	
   8.1000175e+03	   2.6313750e-04	
   8.1100159e+03	   2.6315050e-04	
   8.1200151e+03	   2.6314870e-04	
   8.1300430e+03	   2.6314360e-04	
   8.1400423e+03	   2.6314850e-04	
   8.1500406e+03	   2.6314470e-04	
   8.1600399e+03	   2.6313250e-04	
   8.1700382e+03	   2.6313760e-04	
   8.1800375e+03	   2.6313720e-04	
   8.1900072e+03	   2.6312500e-04	
   8.2000637e+03	   2.6312000e-04	
   8.2100048e+03	   2.6312720e-04	
   8.2200327e+03	   2.6310960e-04	
   8.2300024e+03	   2.6311660e-04	
   8.2400303e+03	   2.6310780e-04	
   8.2500000e+03	   2.6311320e-04	
   8.2600279e+03	   2.6311630e-04	
   8.2700272e+03	   2.6310010e-04	
   8.2800255e+03	   2.6310700e-04	
   8.2900248e+03	   2.6311680e-04	
   8.3000231e+03	   2.6309910e-04	
   8.3099928e+03	   2.6308070e-04	
   8.3200502e+03	   2.6306620e-04	
   8.3299904e+03	   2.6310030e-04	
   8.3400183e+03	   2.6309590e-04	
   8.3500175e+03	   2.6307880e-04	
   8.3600159e+03	   2.6305510e-04	
   8.3700151e+03	   2.6306310e-04	
   8.3800430e+03	   2.6308040e-04	
   8.3900127e+03	   2.6306530e-04	
   8.4000406e+03	   2.6307620e-04	
   8.4100399e+03	   2.6307160e-04	
   8.4200382e+03	   2.6303930e-04	
   8.4300375e+03	   2.6304680e-04	
   8.4400358e+03	   2.6305720e-04	
   8.4500351e+03	   2.6302050e-04	
   8.4600334e+03	   2.6303850e-04	
   8.4700327e+03	   2.6302270e-04	
   8.4800310e+03	   2.6300760e-04	
   8.4900303e+03	   2.6299650e-04	
   8.5000296e+03	   2.6301750e-04	
   8.5099993e+03	   2.6300280e-04	
   8.5200272e+03	   2.6299610e-04	
   8.5299969e+03	   2.6299300e-04	
   8.5400248e+03	   2.6297410e-04	
   8.5500231e+03	   2.6297600e-04	
   8.5600224e+03	   2.6298960e-04	
   8.5699921e+03	   2.6298190e-04	
   8.5800200e+03	   2.6296850e-04	
   8.5900183e+03	   2.6296590e-04	
   8.5999880e+03	   2.6295150e-04	
   8.6100159e+03	   2.6291740e-04	
   8.6200151e+03	   2.6292300e-04	
   8.6300144e+03	   2.6292150e-04	
   8.6400423e+03	   2.6290340e-04	
   8.6500120e+03	   2.6291090e-04	
   8.6600399e+03	   2.6286670e-04	
   8.6700382e+03	   2.6287990e-04	
   8.6800079e+03	   2.6287150e-04	
   8.6900358e+03	   2.6285080e-04	
   8.7000351e+03	   2.6281010e-04	
   8.7100334e+03	   2.6278220e-04	
   8.7200031e+03	   2.6276310e-04	
   8.7300310e+03	   2.6272470e-04	
   8.7400303e+03	   2.6264010e-04	
   8.7500000e+03	   2.6250130e-04	
   8.7600279e+03	   2.6224560e-04	
   8.7699976e+03	   2.6181970e-04	
   8.7799969e+03	   2.6112850e-04	
   8.7900248e+03	   2.6002980e-04	
   8.8000231e+03	   2.5810760e-04	
   8.8100224e+03	   2.5503940e-04	
   8.8200207e+03	   2.4972690e-04	
   8.8299904e+03	   2.4162020e-04	
   8.8400183e+03	   2.2979510e-04	
   8.8499880e+03	   2.1361200e-04	
   8.8600159e+03	   1.9329710e-04	
   8.8699856e+03	   1.6937620e-04	
   8.8800430e+03	   1.4306230e-04	
   8.8900423e+03	   1.1639360e-04	
   8.9000120e+03	   9.0481020e-05	
   8.9100399e+03	   6.7114610e-05	
   8.9200382e+03	   4.7263290e-05	
   8.9300375e+03	   3.1809170e-05	
   8.9400072e+03	   2.0982680e-05	
   8.9500351e+03	   1.3770680e-05	
   8.9600048e+03	   9.1869270e-06	
   8.9700327e+03	   6.3105040e-06	
   8.9800024e+03	   4.5829960e-06	
   8.9900303e+03	   3.5904160e-06	
   9.0000000e+03	   2.9627560e-06	
   9.0100279e+03	   2.5480660e-06	
   9.0200272e+03	   2.3209260e-06	
   9.0300255e+03	   2.2166420e-06	
   9.0399952e+03	   2.1778230e-06	
   9.0500231e+03	   2.2108800e-06	
   9.0600224e+03	   2.2652050e-06	
   9.0700207e+03	   2.3190950e-06	
   9.0799904e+03	   2.3783870e-06	
   9.0900183e+03	   2.4178750e-06	
   9.0999880e+03	   2.4191080e-06	
   9.1100159e+03	   2.4198880e-06	
   9.1200151e+03	   2.4239350e-06	
   9.1300430e+03	   2.4389940e-06	
   9.1400423e+03	   2.4650190e-06	
   9.1500120e+03	   2.5112740e-06	
   9.1600399e+03	   2.5698000e-06	
   9.1700096e+03	   2.6354350e-06	
   9.1800375e+03	   2.7048210e-06	
   9.1900358e+03	   2.7792610e-06	
   9.2000351e+03	   2.8490000e-06	
   9.2100334e+03	   2.8910090e-06	
   9.2200031e+03	   2.8974020e-06	
   9.2300310e+03	   2.8476460e-06	
   9.2400303e+03	   2.7522690e-06	
   9.2500296e+03	   2.6135400e-06	
   9.2599993e+03	   2.4623570e-06	
   9.2700272e+03	   2.3012710e-06	
   9.2799969e+03	   2.1639650e-06	
   9.2900248e+03	   2.0447290e-06	
   9.3000231e+03	   1.9535880e-06	
   9.3099928e+03	   1.8868780e-06	
   9.3200207e+03	   1.8385550e-06	
   9.3299904e+03	   1.8096270e-06	
   9.3400183e+03	   1.7855410e-06	
   9.3500175e+03	   1.7646060e-06	
   9.3600159e+03	   1.7529600e-06	
   9.3699856e+03	   1.7467180e-06	
   9.3800430e+03	   1.7423100e-06	
   9.3900127e+03	   1.7412160e-06	
   9.4000406e+03	   1.7438620e-06	
   9.4100399e+03	   1.7520140e-06	
   9.4200096e+03	   1.7661410e-06	
   9.4300375e+03	   1.7704770e-06	
   9.4400358e+03	   1.7589180e-06	
   9.4500351e+03	   1.7395290e-06	
   9.4600048e+03	   1.7204730e-06	
   9.4700327e+03	   1.7052630e-06	
   9.4800310e+03	   1.6895180e-06	
   9.4900303e+03	   1.6688110e-06	
   9.5000000e+03	   1.6401260e-06	
   9.5100279e+03	   1.6077330e-06	
   9.5199976e+03	   1.5724560e-06	
   9.5300255e+03	   1.5406080e-06	
   9.5399952e+03	   1.5183290e-06	
   9.5500231e+03	   1.5040340e-06	
   9.5599928e+03	   1.4960950e-06	
   9.5700207e+03	   1.4892880e-06	
   9.5799904e+03	   1.4822120e-06	
   9.5900183e+03	   1.4733180e-06	
   9.5999880e+03	   1.4644280e-06	
   9.6100159e+03	   1.4537910e-06	
   9.6199856e+03	   1.4449200e-06	
   9.6300430e+03	   1.4367910e-06	
   9.6400127e+03	   1.4273550e-06	
   9.6500406e+03	   1.4195510e-06	
   9.6600103e+03	   1.4115900e-06	
   9.6700382e+03	   1.4031540e-06	
   9.6800079e+03	   1.3952500e-06	
   9.6900358e+03	   1.3872520e-06	
   9.7000055e+03	   1.3791480e-06	
   9.7100334e+03	   1.3713670e-06	
   9.7200031e+03	   1.3634980e-06	
   9.7300310e+03	   1.3557300e-06	
   9.7400303e+03	   1.3484290e-06	
   9.7500000e+03	   1.3417350e-06	
   9.7600279e+03	   1.3352740e-06	
   9.7699976e+03	   1.3294600e-06	
   9.7800255e+03	   1.3235210e-06	
   9.7899952e+03	   1.3178490e-06	
   9.8000231e+03	   1.3124320e-06	
   9.8099928e+03	   1.3068860e-06	
   9.8200207e+03	   1.3018580e-06	
   9.8299904e+03	   1.2968660e-06	
   9.8400183e+03	   1.2919050e-06	
   9.8499880e+03	   1.2866450e-06	
   9.8600159e+03	   1.2810970e-06	
   9.8699856e+03	   1.2758550e-06	
   9.8800430e+03	   1.2700400e-06	
   9.8900423e+03	   1.2643220e-06	
   9.9000120e+03	   1.2586100e-06	
   9.9100399e+03	   1.2522800e-06	
   9.9200096e+03	   1.2465860e-06	
   9.9300079e+03	   1.2407830e-06	
   9.9400358e+03	   1.2348610e-06	
   9.9500055e+03	   1.2287250e-06	
   9.9600334e+03	   1.2226180e-06	
   9.9700031e+03	   1.2161690e-06	
   9.9800310e+03	   1.2095010e-06	
   9.9900303e+03	   1.2028630e-06	
   1.0000000e+04	   1.1961300e-06	
