   8.0000000e+03	   3.1118280e-04	
   8.0100574e+03	   2.7022880e-04	
   8.0200272e+03	   2.7026050e-04	
   8.0300255e+03	   2.7027230e-04	
   8.0400248e+03	   2.7029680e-04	
   8.0500231e+03	   2.7032780e-04	
   8.0600224e+03	   2.7034330e-04	
   8.0699921e+03	   2.7034520e-04	
   8.0800486e+03	   2.7034660e-04	
   8.0900183e+03	   2.7038070e-04	
   8.1000175e+03	   2.7038720e-04	
   8.1100159e+03	   2.7038580e-04	
   8.1200151e+03	   2.7041920e-04	
   8.1300430e+03	   2.7042440e-04	
   8.1400423e+03	   2.7043770e-04	
   8.1500120e+03	   2.7045980e-04	
   8.1600685e+03	   2.7046780e-04	
   8.1700382e+03	   2.7047870e-04	
   8.1800375e+03	   2.7049550e-04	
   8.1900358e+03	   2.7051680e-04	
   8.2000351e+03	   2.7052060e-04	
   8.2100334e+03	   2.7053280e-04	
   8.2200327e+03	   2.7053440e-04	
   8.2300024e+03	   2.7053250e-04	
   8.2400599e+03	   2.7053860e-04	
   8.2500000e+03	   2.7056050e-04	
   8.2600279e+03	   2.7056830e-04	
   8.2700272e+03	   2.7057320e-04	
   8.2799969e+03	   2.7058960e-04	
   8.2900248e+03	   2.7060010e-04	
   8.3000231e+03	   2.7058630e-04	
   8.3099928e+03	   2.7062060e-04	
   8.3200502e+03	   2.7061290e-04	
   8.3299904e+03	   2.7063130e-04	
   8.3400183e+03	   2.7063700e-04	
   8.3500175e+03	   2.7063960e-04	
   8.3600159e+03	   2.7064820e-04	
   8.3700151e+03	   2.7065440e-04	
   8.3800430e+03	   2.7067720e-04	
   8.3900127e+03	   2.7066650e-04	
   8.4000406e+03	   2.7066500e-04	
   8.4100399e+03	   2.7067420e-04	
   8.4200382e+03	   2.7067680e-04	
   8.4300375e+03	   2.7067130e-04	
   8.4400072e+03	   2.7069040e-04	
   8.4500351e+03	   2.7067820e-04	
   8.4600334e+03	   2.7068970e-04	
   8.4700327e+03	   2.7070080e-04	
   8.4800310e+03	   2.7070760e-04	
   8.4900303e+03	   2.7072200e-04	
   8.5000296e+03	   2.7073080e-04	
   8.5099993e+03	   2.7073980e-04	
   8.5200272e+03	   2.7076120e-04	
   8.5300255e+03	   2.7076000e-04	
   8.5400248e+03	   2.7077940e-04	
   8.5500231e+03	   2.7078900e-04	
   8.5600224e+03	   2.7079950e-04	
   8.5700207e+03	   2.7082110e-04	
   8.5800200e+03	   2.7081880e-04	
   8.5900183e+03	   2.7083440e-04	
   8.5999880e+03	   2.7084300e-04	
   8.6100159e+03	   2.7085210e-04	
   8.6200151e+03	   2.7086970e-04	
   8.6300144e+03	   2.7088630e-04	
   8.6400423e+03	   2.7088330e-04	
   8.6500120e+03	   2.7090220e-04	
   8.6600399e+03	   2.7091090e-04	
   8.6700382e+03	   2.7091910e-04	
   8.6800079e+03	   2.7092840e-04	
   8.6900358e+03	   2.7093040e-04	
   8.7000351e+03	   2.7094820e-04	
   8.7100334e+03	   2.7093380e-04	
   8.7200031e+03	   2.7094630e-04	
   8.7300310e+03	   2.7093660e-04	
   8.7400007e+03	   2.7090720e-04	
   8.7500000e+03	   2.7079850e-04	
   8.7600279e+03	   2.7057910e-04	
   8.7699976e+03	   2.7021770e-04	
   8.7799969e+03	   2.6962090e-04	
   8.7900248e+03	   2.6858110e-04	
   8.8000231e+03	   2.6681750e-04	
   8.8099928e+03	   2.6390840e-04	
   8.8200207e+03	   2.5881670e-04	
   8.8299904e+03	   2.5105990e-04	
   8.8399897e+03	   2.3965710e-04	
   8.8500175e+03	   2.2364870e-04	
   8.8599873e+03	   2.0298920e-04	
   8.8699856e+03	   1.7847790e-04	
   8.8800430e+03	   1.5167080e-04	
   8.8900127e+03	   1.2367150e-04	
   8.9000406e+03	   9.6597620e-05	
   8.9100399e+03	   7.2162920e-05	
   8.9200096e+03	   5.1040440e-05	
   8.9300375e+03	   3.4545210e-05	
   8.9400072e+03	   2.2796760e-05	
   8.9500351e+03	   1.4901910e-05	
   8.9600048e+03	   9.9328890e-06	
   8.9700327e+03	   6.7780020e-06	
   8.9800024e+03	   4.8913820e-06	
   8.9900303e+03	   3.7523850e-06	
   9.0000000e+03	   3.0744380e-06	
   9.0100279e+03	   2.6448930e-06	
   9.0200272e+03	   2.3815750e-06	
   9.0300255e+03	   2.2632640e-06	
   9.0399952e+03	   2.2346550e-06	
   9.0500231e+03	   2.2617840e-06	
   9.0600224e+03	   2.3340160e-06	
   9.0699921e+03	   2.3899610e-06	
   9.0800200e+03	   2.4340640e-06	
   9.0900183e+03	   2.4832400e-06	
   9.0999880e+03	   2.4761840e-06	
   9.1100159e+03	   2.4843850e-06	
   9.1200151e+03	   2.4897460e-06	
   9.1300144e+03	   2.5083890e-06	
   9.1400423e+03	   2.5343190e-06	
   9.1500120e+03	   2.5756530e-06	
   9.1600399e+03	   2.6409700e-06	
   9.1700096e+03	   2.7065840e-06	
   9.1800375e+03	   2.7837950e-06	
   9.1900072e+03	   2.8568090e-06	
   9.2000351e+03	   2.9338830e-06	
   9.2100334e+03	   2.9794070e-06	
   9.2200031e+03	   2.9933750e-06	
   9.2300310e+03	   2.9375660e-06	
   9.2400303e+03	   2.8456300e-06	
   9.2500000e+03	   2.7075540e-06	
   9.2600279e+03	   2.5549630e-06	
   9.2699976e+03	   2.4003160e-06	
   9.2800255e+03	   2.2513280e-06	
   9.2900248e+03	   2.1321690e-06	
   9.3000231e+03	   2.0357730e-06	
   9.3099928e+03	   1.9474410e-06	
   9.3200207e+03	   1.8981510e-06	
   9.3299904e+03	   1.8647640e-06	
   9.3400183e+03	   1.8381770e-06	
   9.3500175e+03	   1.8143740e-06	
   9.3600159e+03	   1.8024910e-06	
   9.3699856e+03	   1.7932130e-06	
   9.3800430e+03	   1.7891940e-06	
   9.3900127e+03	   1.7846980e-06	
   9.4000406e+03	   1.7885320e-06	
   9.4100399e+03	   1.7950620e-06	
   9.4200096e+03	   1.8099330e-06	
   9.4300375e+03	   1.8181220e-06	
   9.4400072e+03	   1.8097060e-06	
   9.4500351e+03	   1.7902270e-06	
   9.4600334e+03	   1.7703820e-06	
   9.4700031e+03	   1.7533140e-06	
   9.4800310e+03	   1.7375410e-06	
   9.4900007e+03	   1.7178100e-06	
   9.5000296e+03	   1.6886280e-06	
   9.5099993e+03	   1.6560590e-06	
   9.5200272e+03	   1.6201410e-06	
   9.5300255e+03	   1.5861870e-06	
   9.5399952e+03	   1.5610880e-06	
   9.5500231e+03	   1.5454060e-06	
   9.5599928e+03	   1.5369460e-06	
   9.5700207e+03	   1.5305890e-06	
   9.5800200e+03	   1.5228330e-06	
   9.5899897e+03	   1.5158270e-06	
   9.5999880e+03	   1.5047160e-06	
   9.6100159e+03	   1.4957160e-06	
   9.6199856e+03	   1.4844910e-06	
   9.6300430e+03	   1.4771100e-06	
   9.6400127e+03	   1.4678490e-06	
   9.6500120e+03	   1.4598000e-06	
   9.6600103e+03	   1.4522250e-06	
   9.6700678e+03	   1.4437250e-06	
   9.6800079e+03	   1.4353710e-06	
   9.6900358e+03	   1.4276620e-06	
   9.7000055e+03	   1.4195090e-06	
   9.7100334e+03	   1.4114900e-06	
   9.7200031e+03	   1.4038210e-06	
   9.7300024e+03	   1.3958320e-06	
   9.7400303e+03	   1.3886010e-06	
   9.7500000e+03	   1.3814050e-06	
   9.7600279e+03	   1.3746370e-06	
   9.7699976e+03	   1.3684970e-06	
   9.7800255e+03	   1.3625070e-06	
   9.7899952e+03	   1.3566300e-06	
   9.8000231e+03	   1.3510570e-06	
   9.8099928e+03	   1.3456770e-06	
   9.8200207e+03	   1.3402260e-06	
   9.8299904e+03	   1.3350340e-06	
   9.8400183e+03	   1.3296960e-06	
   9.8499880e+03	   1.3244330e-06	
   9.8600159e+03	   1.3187370e-06	
   9.8699856e+03	   1.3135870e-06	
   9.8800430e+03	   1.3072520e-06	
   9.8900423e+03	   1.3015780e-06	
   9.9000120e+03	   1.2954500e-06	
   9.9100399e+03	   1.2896470e-06	
   9.9200096e+03	   1.2839980e-06	
   9.9300079e+03	   1.2778590e-06	
   9.9400358e+03	   1.2721730e-06	
   9.9500055e+03	   1.2659020e-06	
   9.9600334e+03	   1.2595630e-06	
   9.9700031e+03	   1.2532560e-06	
   9.9800310e+03	   1.2464240e-06	
   9.9900007e+03	   1.2404130e-06	
   1.0000000e+04	   1.2332500e-06	
