   8.0000000e+03	   3.1959380e-04	
   8.0100279e+03	   2.7882000e-04	
   8.0200272e+03	   2.7882310e-04	
   8.0300255e+03	   2.7884230e-04	
   8.0400248e+03	   2.7885030e-04	
   8.0500231e+03	   2.7886230e-04	
   8.0600224e+03	   2.7887900e-04	
   8.0699921e+03	   2.7888400e-04	
   8.0800486e+03	   2.7889100e-04	
   8.0900183e+03	   2.7890760e-04	
   8.0999880e+03	   2.7892530e-04	
   8.1100159e+03	   2.7893560e-04	
   8.1200151e+03	   2.7895590e-04	
   8.1300430e+03	   2.7897730e-04	
   8.1400423e+03	   2.7899090e-04	
   8.1500406e+03	   2.7900910e-04	
   8.1600399e+03	   2.7902970e-04	
   8.1700382e+03	   2.7903740e-04	
   8.1800375e+03	   2.7904440e-04	
   8.1900358e+03	   2.7906730e-04	
   8.2000351e+03	   2.7909740e-04	
   8.2100334e+03	   2.7911610e-04	
   8.2200327e+03	   2.7912280e-04	
   8.2300024e+03	   2.7914520e-04	
   8.2400303e+03	   2.7915720e-04	
   8.2500000e+03	   2.7916150e-04	
   8.2600279e+03	   2.7917860e-04	
   8.2700272e+03	   2.7919080e-04	
   8.2800255e+03	   2.7920020e-04	
   8.2900248e+03	   2.7922190e-04	
   8.3000231e+03	   2.7923300e-04	
   8.3099928e+03	   2.7924490e-04	
   8.3200502e+03	   2.7924820e-04	
   8.3299904e+03	   2.7928150e-04	
   8.3400183e+03	   2.7928920e-04	
   8.3500175e+03	   2.7929670e-04	
   8.3600159e+03	   2.7930800e-04	
   8.3700151e+03	   2.7930030e-04	
   8.3800430e+03	   2.7931590e-04	
   8.3900127e+03	   2.7932900e-04	
   8.4000406e+03	   2.7933760e-04	
   8.4100399e+03	   2.7934770e-04	
   8.4200096e+03	   2.7937040e-04	
   8.4300375e+03	   2.7937400e-04	
   8.4400358e+03	   2.7937800e-04	
   8.4500351e+03	   2.7938760e-04	
   8.4600334e+03	   2.7940490e-04	
   8.4700327e+03	   2.7941140e-04	
   8.4800310e+03	   2.7942620e-04	
   8.4900303e+03	   2.7943540e-04	
   8.5000296e+03	   2.7944240e-04	
   8.5100279e+03	   2.7945700e-04	
   8.5200272e+03	   2.7947240e-04	
   8.5299969e+03	   2.7947230e-04	
   8.5400248e+03	   2.7947240e-04	
   8.5499945e+03	   2.7949100e-04	
   8.5600224e+03	   2.7949200e-04	
   8.5700207e+03	   2.7950340e-04	
   8.5799904e+03	   2.7950250e-04	
   8.5900183e+03	   2.7950900e-04	
   8.5999880e+03	   2.7951640e-04	
   8.6100159e+03	   2.7951090e-04	
   8.6199856e+03	   2.7951190e-04	
   8.6300144e+03	   2.7951210e-04	
   8.6400423e+03	   2.7950680e-04	
   8.6500120e+03	   2.7951090e-04	
   8.6600399e+03	   2.7950540e-04	
   8.6700382e+03	   2.7950210e-04	
   8.6800079e+03	   2.7950700e-04	
   8.6900358e+03	   2.7949150e-04	
   8.7000351e+03	   2.7947860e-04	
   8.7100048e+03	   2.7946530e-04	
   8.7200031e+03	   2.7945260e-04	
   8.7300310e+03	   2.7943330e-04	
   8.7400303e+03	   2.7937650e-04	
   8.7500000e+03	   2.7925100e-04	
   8.7600574e+03	   2.7902420e-04	
   8.7699976e+03	   2.7865680e-04	
   8.7799969e+03	   2.7805230e-04	
   8.7900248e+03	   2.7702560e-04	
   8.8000231e+03	   2.7532280e-04	
   8.8099928e+03	   2.7243430e-04	
   8.8200207e+03	   2.6746560e-04	
   8.8300200e+03	   2.5984490e-04	
   8.8399897e+03	   2.4861020e-04	
   8.8500175e+03	   2.3286510e-04	
   8.8599873e+03	   2.1258040e-04	
   8.8699856e+03	   1.8810240e-04	
   8.8800430e+03	   1.6096960e-04	
   8.8900423e+03	   1.3244070e-04	
   8.9000120e+03	   1.0398610e-04	
   8.9100399e+03	   7.8479280e-05	
   8.9200382e+03	   5.6076170e-05	
   8.9300079e+03	   3.8569480e-05	
   8.9400072e+03	   2.5622650e-05	
   8.9500351e+03	   1.6733890e-05	
   8.9600048e+03	   1.1027350e-05	
   8.9700327e+03	   7.4540770e-06	
   8.9800024e+03	   5.3076080e-06	
   8.9900303e+03	   4.0621480e-06	
   9.0000000e+03	   3.2918000e-06	
   9.0100279e+03	   2.7930830e-06	
   9.0200272e+03	   2.4929350e-06	
   9.0299969e+03	   2.3367760e-06	
   9.0399952e+03	   2.2705760e-06	
   9.0500231e+03	   2.3009780e-06	
   9.0600224e+03	   2.3588120e-06	
   9.0699921e+03	   2.4219140e-06	
   9.0800200e+03	   2.4833300e-06	
   9.0900183e+03	   2.5182710e-06	
   9.0999880e+03	   2.5347720e-06	
   9.1100159e+03	   2.5337470e-06	
   9.1199856e+03	   2.5412830e-06	
   9.1300430e+03	   2.5508850e-06	
   9.1400423e+03	   2.5824530e-06	
   9.1500120e+03	   2.6264580e-06	
   9.1600399e+03	   2.6849340e-06	
   9.1700382e+03	   2.7553840e-06	
   9.1800375e+03	   2.8371560e-06	
   9.1900358e+03	   2.9120570e-06	
   9.2000351e+03	   2.9993650e-06	
   9.2100334e+03	   3.0519160e-06	
   9.2200031e+03	   3.0467970e-06	
   9.2300310e+03	   2.9989320e-06	
   9.2400303e+03	   2.8982940e-06	
   9.2500296e+03	   2.7558290e-06	
   9.2599993e+03	   2.5933570e-06	
   9.2699976e+03	   2.4284670e-06	
   9.2800255e+03	   2.2736780e-06	
   9.2899952e+03	   2.1524400e-06	
   9.3000231e+03	   2.0598990e-06	
   9.3099928e+03	   1.9761270e-06	
   9.3200207e+03	   1.9280270e-06	
   9.3300200e+03	   1.8997370e-06	
   9.3400183e+03	   1.8706400e-06	
   9.3500175e+03	   1.8483960e-06	
   9.3600159e+03	   1.8381230e-06	
   9.3699856e+03	   1.8293440e-06	
   9.3800430e+03	   1.8247950e-06	
   9.3900127e+03	   1.8224600e-06	
   9.4000406e+03	   1.8236610e-06	
   9.4100399e+03	   1.8322780e-06	
   9.4200096e+03	   1.8461940e-06	
   9.4300375e+03	   1.8528600e-06	
   9.4400072e+03	   1.8441760e-06	
   9.4500351e+03	   1.8256310e-06	
   9.4600048e+03	   1.8053780e-06	
   9.4700327e+03	   1.7884330e-06	
   9.4800310e+03	   1.7720010e-06	
   9.4900303e+03	   1.7499540e-06	
   9.5000296e+03	   1.7226640e-06	
