   8.0000000e+03	   3.2531390e-04	
   8.0100279e+03	   2.8425390e-04	
   8.0200272e+03	   2.8425640e-04	
   8.0300255e+03	   2.8423420e-04	
   8.0400248e+03	   2.8424040e-04	
   8.0500231e+03	   2.8424230e-04	
   8.0600224e+03	   2.8424520e-04	
   8.0700207e+03	   2.8425550e-04	
   8.0800200e+03	   2.8425870e-04	
   8.0900183e+03	   2.8424470e-04	
   8.1000175e+03	   2.8423100e-04	
   8.1100159e+03	   2.8425410e-04	
   8.1200151e+03	   2.8424520e-04	
   8.1300430e+03	   2.8424220e-04	
   8.1400423e+03	   2.8426270e-04	
   8.1500406e+03	   2.8426290e-04	
   8.1600399e+03	   2.8427760e-04	
   8.1700382e+03	   2.8428300e-04	
   8.1800375e+03	   2.8428510e-04	
   8.1900358e+03	   2.8429510e-04	
   8.2000351e+03	   2.8429920e-04	
   8.2100334e+03	   2.8429880e-04	
   8.2200327e+03	   2.8430360e-04	
   8.2300024e+03	   2.8431610e-04	
   8.2400303e+03	   2.8431760e-04	
   8.2500000e+03	   2.8431760e-04	
   8.2600279e+03	   2.8432920e-04	
   8.2700272e+03	   2.8433440e-04	
   8.2799969e+03	   2.8432970e-04	
   8.2900248e+03	   2.8432890e-04	
   8.3000231e+03	   2.8433850e-04	
   8.3099928e+03	   2.8434090e-04	
   8.3200207e+03	   2.8434110e-04	
   8.3299904e+03	   2.8434110e-04	
   8.3400183e+03	   2.8435050e-04	
   8.3500175e+03	   2.8435630e-04	
   8.3600159e+03	   2.8434390e-04	
   8.3700151e+03	   2.8433920e-04	
   8.3800430e+03	   2.8433330e-04	
   8.3900127e+03	   2.8434070e-04	
   8.4000406e+03	   2.8434350e-04	
   8.4100399e+03	   2.8433770e-04	
   8.4200382e+03	   2.8433520e-04	
   8.4300375e+03	   2.8433330e-04	
   8.4400072e+03	   2.8435030e-04	
   8.4500351e+03	   2.8432450e-04	
   8.4600334e+03	   2.8433910e-04	
   8.4700327e+03	   2.8433190e-04	
   8.4800310e+03	   2.8432630e-04	
   8.4900303e+03	   2.8433090e-04	
   8.5000296e+03	   2.8432130e-04	
   8.5099993e+03	   2.8432510e-04	
   8.5200272e+03	   2.8430960e-04	
   8.5299969e+03	   2.8431320e-04	
   8.5399952e+03	   2.8431280e-04	
   8.5500231e+03	   2.8430830e-04	
   8.5600224e+03	   2.8430890e-04	
   8.5699921e+03	   2.8430440e-04	
   8.5800200e+03	   2.8428160e-04	
   8.5900183e+03	   2.8429000e-04	
   8.5999880e+03	   2.8427140e-04	
   8.6100159e+03	   2.8426410e-04	
   8.6199856e+03	   2.8424900e-04	
   8.6300144e+03	   2.8425090e-04	
   8.6400423e+03	   2.8423100e-04	
   8.6500120e+03	   2.8423010e-04	
   8.6600399e+03	   2.8422560e-04	
   8.6700096e+03	   2.8421150e-04	
   8.6800375e+03	   2.8419000e-04	
   8.6900072e+03	   2.8417480e-04	
   8.7000351e+03	   2.8414260e-04	
   8.7100334e+03	   2.8412670e-04	
   8.7200031e+03	   2.8410340e-04	
   8.7300310e+03	   2.8407240e-04	
   8.7400303e+03	   2.8400280e-04	
   8.7500000e+03	   2.8389460e-04	
   8.7600279e+03	   2.8367190e-04	
   8.7700272e+03	   2.8328990e-04	
   8.7799969e+03	   2.8268570e-04	
   8.7900248e+03	   2.8162860e-04	
   8.8000231e+03	   2.7981510e-04	
   8.8099928e+03	   2.7690150e-04	
   8.8200207e+03	   2.7187140e-04	
   8.8300200e+03	   2.6412170e-04	
   8.8399897e+03	   2.5265660e-04	
   8.8500175e+03	   2.3638330e-04	
   8.8599873e+03	   2.1563810e-04	
   8.8699856e+03	   1.9089380e-04	
   8.8800430e+03	   1.6309300e-04	
   8.8900423e+03	   1.3350870e-04	
   8.9000406e+03	   1.0489930e-04	
   8.9100103e+03	   7.8716420e-05	
   8.9200382e+03	   5.6298990e-05	
   8.9300375e+03	   3.8419530e-05	
   8.9400072e+03	   2.5493410e-05	
   8.9500351e+03	   1.6638110e-05	
   8.9600048e+03	   1.1079110e-05	
   8.9700327e+03	   7.5481480e-06	
   8.9800024e+03	   5.3996600e-06	
   8.9900303e+03	   4.1044170e-06	
   9.0000296e+03	   3.3466790e-06	
   9.0099993e+03	   2.8523620e-06	
   9.0200272e+03	   2.5502830e-06	
   9.0300255e+03	   2.4021180e-06	
   9.0399952e+03	   2.3326720e-06	
   9.0500231e+03	   2.3570330e-06	
   9.0599928e+03	   2.4230680e-06	
   9.0700207e+03	   2.4885650e-06	
   9.0799904e+03	   2.5496750e-06	
   9.0900183e+03	   2.5880740e-06	
   9.0999880e+03	   2.5993740e-06	
   9.1100159e+03	   2.6062040e-06	
   9.1200151e+03	   2.6091430e-06	
   9.1300144e+03	   2.6227860e-06	
   9.1400423e+03	   2.6474720e-06	
   9.1500120e+03	   2.6943290e-06	
   9.1600399e+03	   2.7557100e-06	
   9.1700096e+03	   2.8253200e-06	
   9.1800375e+03	   2.9013920e-06	
   9.1900072e+03	   2.9848590e-06	
   9.2000351e+03	   3.0585740e-06	
   9.2100048e+03	   3.1146020e-06	
   9.2200031e+03	   3.1223430e-06	
   9.2300310e+03	   3.0786440e-06	
   9.2400303e+03	   2.9830760e-06	
   9.2500000e+03	   2.8418790e-06	
   9.2600279e+03	   2.6871670e-06	
   9.2699976e+03	   2.5247460e-06	
   9.2800255e+03	   2.3704250e-06	
   9.2899952e+03	   2.2498190e-06	
   9.3000231e+03	   2.1397000e-06	
   9.3099928e+03	   2.0522290e-06	
   9.3200207e+03	   2.0014640e-06	
   9.3299904e+03	   1.9713770e-06	
   9.3399897e+03	   1.9402570e-06	
   9.3500175e+03	   1.9164940e-06	
   9.3600159e+03	   1.9016190e-06	
   9.3699856e+03	   1.8930550e-06	
   9.3800430e+03	   1.8870660e-06	
   9.3900127e+03	   1.8839030e-06	
   9.4000406e+03	   1.8848790e-06	
   9.4100399e+03	   1.8914010e-06	
   9.4200382e+03	   1.9058890e-06	
   9.4300375e+03	   1.9159920e-06	
   9.4400358e+03	   1.9085650e-06	
   9.4500351e+03	   1.8885320e-06	
   9.4600048e+03	   1.8683360e-06	
   9.4700327e+03	   1.8507800e-06	
   9.4800310e+03	   1.8346270e-06	
   9.4900007e+03	   1.8158130e-06	
   9.5000296e+03	   1.7855120e-06	
