   8.0000000e+03	   3.2638840e-04	
   8.0099993e+03	   2.8533490e-04	
   8.0200272e+03	   2.8533230e-04	
   8.0300255e+03	   2.8532290e-04	
   8.0400248e+03	   2.8531830e-04	
   8.0500231e+03	   2.8531490e-04	
   8.0600224e+03	   2.8529790e-04	
   8.0699921e+03	   2.8531120e-04	
   8.0800486e+03	   2.8529810e-04	
   8.0900183e+03	   2.8530370e-04	
   8.1000175e+03	   2.8529220e-04	
   8.1100159e+03	   2.8528210e-04	
   8.1200151e+03	   2.8527890e-04	
   8.1300430e+03	   2.8527090e-04	
   8.1400423e+03	   2.8527180e-04	
   8.1500406e+03	   2.8527890e-04	
   8.1600399e+03	   2.8525470e-04	
   8.1700382e+03	   2.8526070e-04	
   8.1800375e+03	   2.8525330e-04	
   8.1900358e+03	   2.8525500e-04	
   8.2000351e+03	   2.8523660e-04	
   8.2100334e+03	   2.8523730e-04	
   8.2200327e+03	   2.8523390e-04	
   8.2300310e+03	   2.8522470e-04	
   8.2400303e+03	   2.8522050e-04	
   8.2500296e+03	   2.8521270e-04	
   8.2600279e+03	   2.8520710e-04	
   8.2700272e+03	   2.8519430e-04	
   8.2799969e+03	   2.8519380e-04	
   8.2900248e+03	   2.8517980e-04	
   8.2999945e+03	   2.8518220e-04	
   8.3100224e+03	   2.8517120e-04	
   8.3200207e+03	   2.8516240e-04	
   8.3299904e+03	   2.8516840e-04	
   8.3400183e+03	   2.8515940e-04	
   8.3500175e+03	   2.8515630e-04	
   8.3600159e+03	   2.8514190e-04	
   8.3699856e+03	   2.8513990e-04	
   8.3800430e+03	   2.8512220e-04	
   8.3900127e+03	   2.8509980e-04	
   8.4000406e+03	   2.8508800e-04	
   8.4100399e+03	   2.8506670e-04	
   8.4200096e+03	   2.8505380e-04	
   8.4300375e+03	   2.8503470e-04	
   8.4400358e+03	   2.8502160e-04	
   8.4500055e+03	   2.8500510e-04	
   8.4600334e+03	   2.8497550e-04	
   8.4700031e+03	   2.8495580e-04	
   8.4800310e+03	   2.8493170e-04	
   8.4900303e+03	   2.8492030e-04	
   8.5000296e+03	   2.8489900e-04	
   8.5099993e+03	   2.8487290e-04	
   8.5200272e+03	   2.8483640e-04	
   8.5299969e+03	   2.8481550e-04	
   8.5400248e+03	   2.8476220e-04	
   8.5500231e+03	   2.8468830e-04	
   8.5600224e+03	   2.8461690e-04	
   8.5699921e+03	   2.8450400e-04	
   8.5800200e+03	   2.8431170e-04	
   8.5900183e+03	   2.8402520e-04	
   8.5999880e+03	   2.8351760e-04	
   8.6100159e+03	   2.8263510e-04	
   8.6199856e+03	   2.8127480e-04	
   8.6300144e+03	   2.7912370e-04	
   8.6400423e+03	   2.7569190e-04	
   8.6500120e+03	   2.7061510e-04	
   8.6600399e+03	   2.6270090e-04	
   8.6700096e+03	   2.5109890e-04	
   8.6800079e+03	   2.3536970e-04	
   8.6900072e+03	   2.1498170e-04	
   8.7000351e+03	   1.8998140e-04	
   8.7100048e+03	   1.6246650e-04	
   8.7200031e+03	   1.3377590e-04	
   8.7300310e+03	   1.0505600e-04	
   8.7400007e+03	   7.9503490e-05	
   8.7500000e+03	   5.8257660e-05	
   8.7600574e+03	   4.0798670e-05	
   8.7699976e+03	   2.8107680e-05	
   8.7799969e+03	   1.9120670e-05	
   8.7900248e+03	   1.2851720e-05	
   8.7999945e+03	   8.8846690e-06	
   8.8100224e+03	   6.3501390e-06	
   8.8199921e+03	   4.7723950e-06	
   8.8300200e+03	   3.8647920e-06	
   8.8399897e+03	   3.3068540e-06	
   8.8500175e+03	   2.9784510e-06	
   8.8599873e+03	   2.7889960e-06	
   8.8699856e+03	   2.6677540e-06	
   8.8800726e+03	   2.6084100e-06	
   8.8900127e+03	   2.5832050e-06	
   8.9000406e+03	   2.5833360e-06	
   8.9100103e+03	   2.6219110e-06	
   8.9200382e+03	   2.6846140e-06	
   8.9300375e+03	   2.7493430e-06	
   8.9400072e+03	   2.8261180e-06	
   8.9500351e+03	   2.9139110e-06	
   8.9600048e+03	   2.9938390e-06	
   8.9700327e+03	   3.0752850e-06	
   8.9800024e+03	   3.1333830e-06	
   8.9900303e+03	   3.1570540e-06	
   9.0000000e+03	   3.1450230e-06	
   9.0099993e+03	   3.1090720e-06	
   9.0200558e+03	   3.0446490e-06	
   9.0299969e+03	   2.9737750e-06	
   9.0399952e+03	   2.8931610e-06	
   9.0500231e+03	   2.8125480e-06	
   9.0599928e+03	   2.7193550e-06	
   9.0700207e+03	   2.6347210e-06	
   9.0799904e+03	   2.5750560e-06	
   9.0900183e+03	   2.5351730e-06	
   9.0999880e+03	   2.5090640e-06	
   9.1100159e+03	   2.4859780e-06	
   9.1199856e+03	   2.4573520e-06	
   9.1300430e+03	   2.4214240e-06	
   9.1400423e+03	   2.3751340e-06	
   9.1500120e+03	   2.3242470e-06	
   9.1600399e+03	   2.2753370e-06	
   9.1700096e+03	   2.2342230e-06	
   9.1800375e+03	   2.1978540e-06	
   9.1900072e+03	   2.1672760e-06	
   9.2000351e+03	   2.1387170e-06	
   9.2100048e+03	   2.1077500e-06	
   9.2200327e+03	   2.0784170e-06	
   9.2300310e+03	   2.0456550e-06	
   9.2400303e+03	   2.0071200e-06	
   9.2500000e+03	   1.9637500e-06	
   9.2599993e+03	   1.9204270e-06	
   9.2700272e+03	   1.8867090e-06	
   9.2799969e+03	   1.8631610e-06	
   9.2900248e+03	   1.8437260e-06	
   9.2999945e+03	   1.8228910e-06	
   9.3100224e+03	   1.8029950e-06	
   9.3200207e+03	   1.7859770e-06	
   9.3299904e+03	   1.7675040e-06	
   9.3400183e+03	   1.7527170e-06	
   9.3499880e+03	   1.7418770e-06	
   9.3600159e+03	   1.7367760e-06	
   9.3699856e+03	   1.7353340e-06	
   9.3800430e+03	   1.7342640e-06	
   9.3900127e+03	   1.7314580e-06	
   9.4000406e+03	   1.7270760e-06	
   9.4100399e+03	   1.7209400e-06	
   9.4200096e+03	   1.7106560e-06	
   9.4300375e+03	   1.6967290e-06	
   9.4400072e+03	   1.6848420e-06	
   9.4500351e+03	   1.6744070e-06	
   9.4600048e+03	   1.6641840e-06	
   9.4700327e+03	   1.6500400e-06	
   9.4800024e+03	   1.6315300e-06	
   9.4900303e+03	   1.6120220e-06	
   9.5000000e+03	   1.5942220e-06	
