   8.0000000e+03	   3.2567630e-04	
   8.0099993e+03	   2.8467540e-04	
   8.0200272e+03	   2.8466490e-04	
   8.0300255e+03	   2.8465450e-04	
   8.0400248e+03	   2.8465060e-04	
   8.0500231e+03	   2.8464410e-04	
   8.0600224e+03	   2.8463760e-04	
   8.0699921e+03	   2.8463440e-04	
   8.0800486e+03	   2.8461410e-04	
   8.0899897e+03	   2.8462490e-04	
   8.1000175e+03	   2.8462050e-04	
   8.1100159e+03	   2.8460570e-04	
   8.1200151e+03	   2.8460840e-04	
   8.1300430e+03	   2.8458260e-04	
   8.1400423e+03	   2.8458300e-04	
   8.1500406e+03	   2.8458070e-04	
   8.1600399e+03	   2.8457610e-04	
   8.1700382e+03	   2.8457460e-04	
   8.1800375e+03	   2.8455970e-04	
   8.1900358e+03	   2.8455710e-04	
   8.2000351e+03	   2.8454690e-04	
   8.2100334e+03	   2.8453060e-04	
   8.2200327e+03	   2.8453080e-04	
   8.2300310e+03	   2.8451190e-04	
   8.2400303e+03	   2.8450550e-04	
   8.2500296e+03	   2.8450200e-04	
   8.2600279e+03	   2.8447830e-04	
   8.2700272e+03	   2.8446920e-04	
   8.2799969e+03	   2.8446190e-04	
   8.2900248e+03	   2.8444980e-04	
   8.3000231e+03	   2.8443180e-04	
   8.3099928e+03	   2.8442020e-04	
   8.3200207e+03	   2.8441930e-04	
   8.3300200e+03	   2.8441580e-04	
   8.3400183e+03	   2.8441080e-04	
   8.3500175e+03	   2.8439490e-04	
   8.3600159e+03	   2.8437420e-04	
   8.3699856e+03	   2.8436670e-04	
   8.3800430e+03	   2.8436210e-04	
   8.3900127e+03	   2.8434400e-04	
   8.4000406e+03	   2.8432230e-04	
   8.4100399e+03	   2.8430340e-04	
   8.4200096e+03	   2.8426090e-04	
   8.4300375e+03	   2.8425090e-04	
   8.4400072e+03	   2.8423990e-04	
   8.4500351e+03	   2.8421040e-04	
   8.4600334e+03	   2.8419010e-04	
   8.4700031e+03	   2.8416940e-04	
   8.4800310e+03	   2.8415350e-04	
   8.4900007e+03	   2.8412430e-04	
   8.5000296e+03	   2.8409630e-04	
   8.5099993e+03	   2.8408530e-04	
   8.5200272e+03	   2.8405290e-04	
   8.5299969e+03	   2.8402840e-04	
   8.5400248e+03	   2.8396430e-04	
   8.5499945e+03	   2.8390700e-04	
   8.5600224e+03	   2.8383270e-04	
   8.5699921e+03	   2.8372030e-04	
   8.5800200e+03	   2.8355470e-04	
   8.5900183e+03	   2.8327120e-04	
   8.5999880e+03	   2.8282800e-04	
   8.6100159e+03	   2.8201880e-04	
   8.6199856e+03	   2.8073330e-04	
   8.6300144e+03	   2.7871670e-04	
   8.6400423e+03	   2.7553870e-04	
   8.6500120e+03	   2.7069140e-04	
   8.6600399e+03	   2.6336910e-04	
   8.6700096e+03	   2.5242450e-04	
   8.6800375e+03	   2.3703700e-04	
   8.6900072e+03	   2.1716160e-04	
   8.7000351e+03	   1.9231950e-04	
   8.7100048e+03	   1.6486760e-04	
   8.7200031e+03	   1.3605470e-04	
   8.7300310e+03	   1.0648360e-04	
   8.7400303e+03	   8.0858340e-05	
   8.7499704e+03	   5.9142240e-05	
   8.7600574e+03	   4.1694570e-05	
   8.7699976e+03	   2.8915990e-05	
   8.7799969e+03	   1.9741380e-05	
   8.7900248e+03	   1.3304430e-05	
   8.7999945e+03	   9.2834220e-06	
   8.8099928e+03	   6.6592350e-06	
   8.8200207e+03	   4.9979640e-06	
   8.8300200e+03	   4.0187890e-06	
   8.8399897e+03	   3.4349250e-06	
   8.8500175e+03	   3.0809350e-06	
   8.8599873e+03	   2.8511630e-06	
   8.8700151e+03	   2.7111650e-06	
   8.8800430e+03	   2.6633320e-06	
   8.8900127e+03	   2.6378740e-06	
   8.9000406e+03	   2.6323140e-06	
   8.9100103e+03	   2.6604490e-06	
   8.9200382e+03	   2.7239380e-06	
   8.9300079e+03	   2.7856640e-06	
   8.9400358e+03	   2.8691040e-06	
   8.9500351e+03	   2.9492760e-06	
   8.9600048e+03	   3.0295420e-06	
   8.9700327e+03	   3.1089960e-06	
   8.9800024e+03	   3.1629450e-06	
   8.9900303e+03	   3.2011700e-06	
   9.0000296e+03	   3.1954950e-06	
   9.0099993e+03	   3.1590740e-06	
   9.0200272e+03	   3.0998400e-06	
   9.0300255e+03	   3.0283890e-06	
   9.0399952e+03	   2.9533000e-06	
   9.0500231e+03	   2.8676100e-06	
   9.0599928e+03	   2.7831350e-06	
   9.0700207e+03	   2.6971610e-06	
   9.0799904e+03	   2.6318720e-06	
   9.0900183e+03	   2.5906890e-06	
   9.0999880e+03	   2.5663390e-06	
   9.1100159e+03	   2.5400310e-06	
   9.1199856e+03	   2.5124460e-06	
   9.1300430e+03	   2.4773880e-06	
   9.1400127e+03	   2.4312210e-06	
   9.1500406e+03	   2.3810290e-06	
   9.1600103e+03	   2.3315760e-06	
   9.1700382e+03	   2.2899950e-06	
   9.1800375e+03	   2.2542520e-06	
   9.1900072e+03	   2.2235030e-06	
   9.2000351e+03	   2.1949140e-06	
   9.2100048e+03	   2.1644380e-06	
   9.2200031e+03	   2.1334720e-06	
   9.2300310e+03	   2.0994050e-06	
   9.2400007e+03	   2.0596790e-06	
   9.2500296e+03	   2.0159330e-06	
   9.2599993e+03	   1.9743720e-06	
   9.2700272e+03	   1.9404390e-06	
   9.2799969e+03	   1.9179070e-06	
   9.2900248e+03	   1.8989830e-06	
   9.2999945e+03	   1.8790540e-06	
   9.3100224e+03	   1.8583140e-06	
   9.3199921e+03	   1.8403630e-06	
   9.3300200e+03	   1.8240130e-06	
   9.3399897e+03	   1.8092740e-06	
   9.3500175e+03	   1.7978150e-06	
   9.3600159e+03	   1.7922720e-06	
   9.3699856e+03	   1.7906060e-06	
   9.3800430e+03	   1.7898450e-06	
   9.3900127e+03	   1.7874440e-06	
   9.4000406e+03	   1.7825390e-06	
   9.4100399e+03	   1.7773110e-06	
   9.4200096e+03	   1.7673210e-06	
   9.4300375e+03	   1.7543390e-06	
   9.4400072e+03	   1.7416910e-06	
   9.4500351e+03	   1.7309730e-06	
   9.4600048e+03	   1.7214300e-06	
   9.4700327e+03	   1.7072550e-06	
   9.4800310e+03	   1.6901050e-06	
   9.4900007e+03	   1.6708320e-06	
   9.5000000e+03	   1.6525350e-06	
