   8.0000000e+03	   3.2563140e-04	
   8.0100279e+03	   2.8473230e-04	
   8.0200272e+03	   2.8475170e-04	
   8.0300255e+03	   2.8476720e-04	
   8.0399952e+03	   2.8479480e-04	
   8.0500231e+03	   2.8479960e-04	
   8.0600224e+03	   2.8481340e-04	
   8.0699921e+03	   2.8484230e-04	
   8.0800486e+03	   2.8483580e-04	
   8.0900183e+03	   2.8485750e-04	
   8.1000175e+03	   2.8487020e-04	
   8.1100159e+03	   2.8487940e-04	
   8.1200151e+03	   2.8489960e-04	
   8.1300430e+03	   2.8491270e-04	
   8.1400423e+03	   2.8491860e-04	
   8.1500406e+03	   2.8493140e-04	
   8.1600399e+03	   2.8494580e-04	
   8.1700382e+03	   2.8495670e-04	
   8.1800375e+03	   2.8496490e-04	
   8.1900358e+03	   2.8496960e-04	
   8.2000351e+03	   2.8498700e-04	
   8.2100334e+03	   2.8498540e-04	
   8.2200327e+03	   2.8500050e-04	
   8.2300310e+03	   2.8501190e-04	
   8.2400303e+03	   2.8501720e-04	
   8.2500296e+03	   2.8503290e-04	
   8.2600279e+03	   2.8503040e-04	
   8.2700272e+03	   2.8503850e-04	
   8.2799969e+03	   2.8503990e-04	
   8.2900248e+03	   2.8505370e-04	
   8.3000231e+03	   2.8504710e-04	
   8.3099928e+03	   2.8504630e-04	
   8.3200207e+03	   2.8504540e-04	
   8.3300200e+03	   2.8504820e-04	
   8.3400183e+03	   2.8504880e-04	
   8.3500175e+03	   2.8505900e-04	
   8.3600159e+03	   2.8505480e-04	
   8.3700151e+03	   2.8505830e-04	
   8.3800144e+03	   2.8505480e-04	
   8.3900423e+03	   2.8505640e-04	
   8.4000120e+03	   2.8506120e-04	
   8.4100399e+03	   2.8505630e-04	
   8.4200096e+03	   2.8505360e-04	
   8.4300375e+03	   2.8505190e-04	
   8.4400358e+03	   2.8503190e-04	
   8.4500055e+03	   2.8502500e-04	
   8.4600334e+03	   2.8501660e-04	
   8.4700031e+03	   2.8500030e-04	
   8.4800310e+03	   2.8497720e-04	
   8.4900303e+03	   2.8496310e-04	
   8.5000296e+03	   2.8494660e-04	
   8.5099993e+03	   2.8493090e-04	
   8.5200272e+03	   2.8490150e-04	
   8.5299969e+03	   2.8487200e-04	
   8.5400248e+03	   2.8484700e-04	
   8.5499945e+03	   2.8479890e-04	
   8.5600224e+03	   2.8470690e-04	
   8.5699921e+03	   2.8462980e-04	
   8.5800200e+03	   2.8450810e-04	
   8.5900183e+03	   2.8428230e-04	
   8.5999880e+03	   2.8390030e-04	
   8.6100159e+03	   2.8321760e-04	
   8.6199856e+03	   2.8211170e-04	
   8.6300430e+03	   2.8029270e-04	
   8.6400127e+03	   2.7748530e-04	
   8.6500120e+03	   2.7316720e-04	
   8.6600399e+03	   2.6657490e-04	
   8.6700096e+03	   2.5673130e-04	
   8.6800375e+03	   2.4269840e-04	
   8.6900072e+03	   2.2407930e-04	
   8.7000351e+03	   2.0043300e-04	
   8.7100048e+03	   1.7401830e-04	
   8.7200031e+03	   1.4555240e-04	
   8.7300310e+03	   1.1609480e-04	
   8.7400007e+03	   8.9033280e-05	
   8.7500000e+03	   6.5974850e-05	
   8.7600574e+03	   4.6758300e-05	
   8.7699976e+03	   3.2393160e-05	
   8.7799969e+03	   2.2014570e-05	
   8.7900248e+03	   1.4836990e-05	
   8.7999945e+03	   1.0221330e-05	
   8.8099928e+03	   7.2443300e-06	
   8.8200207e+03	   5.3523030e-06	
   8.8299904e+03	   4.2590100e-06	
   8.8399897e+03	   3.6209590e-06	
   8.8500175e+03	   3.2013970e-06	
   8.8599873e+03	   2.9563110e-06	
   8.8699856e+03	   2.7913530e-06	
   8.8800430e+03	   2.7065930e-06	
   8.8900127e+03	   2.6781180e-06	
   8.9000406e+03	   2.6778820e-06	
   8.9100103e+03	   2.6902940e-06	
   8.9200382e+03	   2.7321310e-06	
   8.9300375e+03	   2.8126080e-06	
   8.9400072e+03	   2.8752130e-06	
   8.9500351e+03	   2.9559830e-06	
   8.9600048e+03	   3.0425670e-06	
   8.9700327e+03	   3.1223250e-06	
   8.9800310e+03	   3.1886150e-06	
   8.9900303e+03	   3.2249290e-06	
   9.0000000e+03	   3.2269170e-06	
   9.0100279e+03	   3.1990330e-06	
   9.0200272e+03	   3.1463100e-06	
   9.0300255e+03	   3.0750680e-06	
   9.0399952e+03	   3.0040550e-06	
   9.0500231e+03	   2.9268820e-06	
   9.0600224e+03	   2.8422090e-06	
   9.0699921e+03	   2.7564970e-06	
   9.0799904e+03	   2.6932510e-06	
   9.0900183e+03	   2.6438770e-06	
   9.0999880e+03	   2.6159280e-06	
   9.1100159e+03	   2.5919600e-06	
   9.1200151e+03	   2.5655350e-06	
   9.1300144e+03	   2.5331530e-06	
   9.1400423e+03	   2.4893060e-06	
   9.1500120e+03	   2.4394660e-06	
   9.1600399e+03	   2.3894570e-06	
   9.1700096e+03	   2.3477120e-06	
   9.1800375e+03	   2.3112080e-06	
   9.1900072e+03	   2.2796280e-06	
   9.2000351e+03	   2.2516200e-06	
   9.2100334e+03	   2.2220150e-06	
   9.2200031e+03	   2.1907890e-06	
   9.2300310e+03	   2.1591610e-06	
   9.2400007e+03	   2.1216520e-06	
   9.2500296e+03	   2.0782760e-06	
   9.2599993e+03	   2.0350380e-06	
   9.2700272e+03	   1.9975900e-06	
   9.2799969e+03	   1.9721050e-06	
   9.2900248e+03	   1.9519920e-06	
   9.2999945e+03	   1.9322990e-06	
   9.3100224e+03	   1.9123280e-06	
   9.3199921e+03	   1.8938840e-06	
   9.3300200e+03	   1.8762580e-06	
   9.3399897e+03	   1.8608230e-06	
   9.3500175e+03	   1.8479120e-06	
   9.3600159e+03	   1.8408900e-06	
   9.3700151e+03	   1.8382390e-06	
   9.3800430e+03	   1.8372510e-06	
   9.3900127e+03	   1.8356680e-06	
   9.4000406e+03	   1.8314530e-06	
   9.4100399e+03	   1.8268650e-06	
   9.4200096e+03	   1.8183110e-06	
   9.4300375e+03	   1.8061970e-06	
   9.4400072e+03	   1.7932840e-06	
   9.4500351e+03	   1.7815220e-06	
   9.4600048e+03	   1.7718110e-06	
   9.4700327e+03	   1.7593740e-06	
   9.4800310e+03	   1.7431880e-06	
   9.4900303e+03	   1.7236770e-06	
   9.5000000e+03	   1.7048280e-06	
