   8.0000000e+03	   3.2454030e-04	
   8.0100279e+03	   2.8427280e-04	
   8.0200272e+03	   2.8416490e-04	
   8.0299969e+03	   2.8406110e-04	
   8.0400248e+03	   2.8390500e-04	
   8.0499945e+03	   2.8370660e-04	
   8.0600224e+03	   2.8343390e-04	
   8.0699921e+03	   2.8305960e-04	
   8.0800200e+03	   2.8256410e-04	
   8.0900183e+03	   2.8194780e-04	
   8.1000175e+03	   2.8110460e-04	
   8.1099873e+03	   2.8009840e-04	
   8.1200151e+03	   2.7875990e-04	
   8.1300430e+03	   2.7698900e-04	
   8.1400423e+03	   2.7485650e-04	
   8.1500406e+03	   2.7216320e-04	
   8.1600399e+03	   2.6896900e-04	
   8.1700382e+03	   2.6523390e-04	
   8.1800079e+03	   2.6066530e-04	
   8.1900358e+03	   2.5526400e-04	
   8.2000351e+03	   2.4904980e-04	
   8.2100334e+03	   2.4211610e-04	
   8.2200327e+03	   2.3418300e-04	
   8.2300024e+03	   2.2577280e-04	
   8.2400303e+03	   2.1637790e-04	
   8.2500000e+03	   2.0644510e-04	
   8.2600279e+03	   1.9566230e-04	
   8.2700272e+03	   1.8437960e-04	
   8.2799969e+03	   1.7274720e-04	
   8.2900248e+03	   1.6063890e-04	
   8.3000231e+03	   1.4838760e-04	
   8.3099928e+03	   1.3599970e-04	
   8.3200207e+03	   1.2382130e-04	
   8.3300200e+03	   1.1193520e-04	
   8.3400183e+03	   1.0082490e-04	
   8.3500175e+03	   8.9675700e-05	
   8.3600159e+03	   7.9147820e-05	
   8.3700151e+03	   6.9016380e-05	
   8.3800430e+03	   5.9902390e-05	
   8.3900423e+03	   5.1519630e-05	
   8.4000406e+03	   4.3742860e-05	
   8.4100399e+03	   3.6976450e-05	
   8.4200382e+03	   3.0988470e-05	
   8.4300375e+03	   2.5548690e-05	
   8.4400072e+03	   2.1082340e-05	
   8.4500351e+03	   1.7475290e-05	
   8.4600334e+03	   1.4336630e-05	
   8.4700327e+03	   1.1860400e-05	
   8.4800310e+03	   9.9417420e-06	
   8.4900303e+03	   8.3453860e-06	
   8.5000296e+03	   7.2038520e-06	
   8.5099993e+03	   6.2960310e-06	
   8.5200272e+03	   5.5462140e-06	
   8.5299969e+03	   5.0187800e-06	
   8.5400248e+03	   4.6716250e-06	
   8.5499945e+03	   4.3008750e-06	
   8.5600224e+03	   4.1085190e-06	
   8.5699921e+03	   3.8173050e-06	
   8.5800200e+03	   3.6991570e-06	
   8.5900183e+03	   3.4979530e-06	
   8.5999880e+03	   3.4491260e-06	
   8.6100159e+03	   3.3178190e-06	
   8.6199856e+03	   3.2966140e-06	
   8.6300430e+03	   3.2317760e-06	
   8.6400423e+03	   3.1951630e-06	
   8.6500120e+03	   3.1619090e-06	
   8.6600399e+03	   3.0779170e-06	
   8.6700096e+03	   3.0424410e-06	
   8.6800375e+03	   3.0149390e-06	
   8.6900072e+03	   2.9671420e-06	
   8.7000351e+03	   2.9125350e-06	
   8.7100334e+03	   2.8655120e-06	
   8.7200031e+03	   2.8254910e-06	
   8.7300310e+03	   2.7838210e-06	
   8.7400303e+03	   2.7462110e-06	
   8.7500000e+03	   2.6997160e-06	
   8.7600279e+03	   2.6449940e-06	
   8.7699976e+03	   2.5958020e-06	
   8.7799969e+03	   2.5602590e-06	
   8.7900248e+03	   2.5196230e-06	
   8.7999945e+03	   2.4903790e-06	
   8.8099928e+03	   2.4554550e-06	
   8.8200207e+03	   2.4177070e-06	
   8.8299904e+03	   2.3921080e-06	
   8.8399897e+03	   2.3560020e-06	
   8.8500175e+03	   2.3238300e-06	
   8.8599873e+03	   2.2971920e-06	
   8.8699856e+03	   2.2828040e-06	
   8.8800430e+03	   2.2663430e-06	
   8.8900423e+03	   2.2490740e-06	
   8.9000120e+03	   2.2347150e-06	
   8.9100399e+03	   2.2240870e-06	
   8.9200382e+03	   2.2098380e-06	
   8.9300375e+03	   2.2001030e-06	
   8.9400072e+03	   2.1895180e-06	
   8.9500351e+03	   2.1843950e-06	
   8.9600048e+03	   2.1787680e-06	
   8.9700327e+03	   2.1693830e-06	
   8.9800024e+03	   2.1639940e-06	
   8.9900303e+03	   2.1613070e-06	
   9.0000000e+03	   2.1549780e-06	
   9.0100279e+03	   2.1446150e-06	
   9.0200272e+03	   2.1344730e-06	
   9.0299969e+03	   2.1250680e-06	
   9.0400248e+03	   2.1084640e-06	
   9.0500231e+03	   2.0957540e-06	
   9.0600224e+03	   2.0810940e-06	
   9.0699921e+03	   2.0722470e-06	
   9.0799904e+03	   2.0590450e-06	
   9.0900183e+03	   2.0423430e-06	
   9.0999880e+03	   2.0334170e-06	
   9.1100159e+03	   2.0255660e-06	
   9.1200151e+03	   2.0129410e-06	
   9.1300144e+03	   1.9991300e-06	
   9.1400127e+03	   1.9862340e-06	
   9.1500406e+03	   1.9738170e-06	
   9.1600399e+03	   1.9583000e-06	
   9.1700096e+03	   1.9458300e-06	
   9.1800375e+03	   1.9319270e-06	
   9.1900072e+03	   1.9160620e-06	
   9.2000351e+03	   1.9038700e-06	
   9.2100048e+03	   1.8971750e-06	
   9.2200327e+03	   1.8886750e-06	
   9.2300024e+03	   1.8732660e-06	
   9.2400303e+03	   1.8632370e-06	
   9.2500296e+03	   1.8612440e-06	
   9.2599993e+03	   1.8531590e-06	
   9.2700272e+03	   1.8427430e-06	
   9.2799969e+03	   1.8391930e-06	
   9.2900248e+03	   1.8352800e-06	
   9.3000231e+03	   1.8326770e-06	
   9.3100224e+03	   1.8253740e-06	
   9.3199921e+03	   1.8158720e-06	
   9.3300200e+03	   1.8025080e-06	
   9.3399897e+03	   1.7986370e-06	
   9.3500175e+03	   1.7973750e-06	
   9.3600159e+03	   1.7925390e-06	
   9.3699856e+03	   1.7874200e-06	
   9.3800430e+03	   1.7852690e-06	
   9.3900127e+03	   1.7827810e-06	
   9.4000406e+03	   1.7761890e-06	
   9.4100399e+03	   1.7623200e-06	
   9.4200096e+03	   1.7618910e-06	
   9.4300375e+03	   1.7453960e-06	
   9.4400072e+03	   1.7312520e-06	
   9.4500351e+03	   1.7206760e-06	
   9.4600048e+03	   1.7051050e-06	
   9.4700327e+03	   1.6903240e-06	
   9.4800310e+03	   1.6776480e-06	
   9.4900007e+03	   1.6693670e-06	
   9.5000296e+03	   1.6529300e-06	
