   7.0000000e+03	   2.4443940e-04	
   7.0099988e+03	   2.4446820e-04	
   7.0200267e+03	   2.4445510e-04	
   7.0300255e+03	   2.4444470e-04	
   7.0399952e+03	   2.4448080e-04	
   7.0500236e+03	   2.4450810e-04	
   7.0600224e+03	   2.4439650e-04	
   7.0699921e+03	   2.4458900e-04	
   7.0800200e+03	   2.4440320e-04	
   7.0899897e+03	   2.4458850e-04	
   7.1000175e+03	   2.4466600e-04	
   7.1100163e+03	   2.4465770e-04	
   7.1199861e+03	   2.4462940e-04	
   7.1300430e+03	   2.4460700e-04	
   7.1400127e+03	   2.4462070e-04	
   7.1500406e+03	   2.4469130e-04	
   7.1600394e+03	   2.4463370e-04	
   7.1700387e+03	   2.4458840e-04	
   7.1800375e+03	   2.4454840e-04	
   7.1900363e+03	   2.4468650e-04	
   7.2000351e+03	   2.4461360e-04	
   7.2100339e+03	   2.4470430e-04	
   7.2200327e+03	   2.4476810e-04	
   7.2300315e+03	   2.4467510e-04	
   7.2400303e+03	   2.4464990e-04	
   7.2500291e+03	   2.4524780e-04	
   7.2599988e+03	   2.4558200e-04	
   7.2700267e+03	   2.4560150e-04	
   7.2799964e+03	   2.4562940e-04	
   7.2900243e+03	   2.4557530e-04	
   7.3000236e+03	   2.4562350e-04	
   7.3099928e+03	   2.4556020e-04	
   7.3200212e+03	   2.4551930e-04	
   7.3299909e+03	   2.4557610e-04	
   7.3400187e+03	   2.4542560e-04	
   7.3500175e+03	   2.4545290e-04	
   7.3600163e+03	   2.4546340e-04	
   7.3700151e+03	   2.4555640e-04	
   7.3800430e+03	   2.4561010e-04	
   7.3900418e+03	   2.4560380e-04	
   7.4000406e+03	   2.4545730e-04	
   7.4100394e+03	   2.4526250e-04	
   7.4200387e+03	   2.4500260e-04	
   7.4300079e+03	   2.4478230e-04	
   7.4400363e+03	   2.4458110e-04	
   7.4500351e+03	   2.4444870e-04	
   7.4600048e+03	   2.4429250e-04	
   7.4700327e+03	   2.4395910e-04	
   7.4800024e+03	   2.4355530e-04	
   7.4900303e+03	   2.4298640e-04	
   7.5000000e+03	   2.4237800e-04	
   7.5100279e+03	   2.4178390e-04	
   7.5200267e+03	   2.4133500e-04	
   7.5299964e+03	   2.4120480e-04	
   7.5400243e+03	   2.4130830e-04	
   7.5500236e+03	   2.4175020e-04	
   7.5600224e+03	   2.4240300e-04	
   7.5699921e+03	   2.4312870e-04	
   7.5800200e+03	   2.4388400e-04	
   7.5900187e+03	   2.4444160e-04	
   7.5999885e+03	   2.4481960e-04	
   7.6100163e+03	   2.4483070e-04	
   7.6199861e+03	   2.4449920e-04	
   7.6300430e+03	   2.4368070e-04	
   7.6400418e+03	   2.4241050e-04	
   7.6500406e+03	   2.4088450e-04	
   7.6600103e+03	   2.3875690e-04	
   7.6700387e+03	   2.3617370e-04	
   7.6800079e+03	   2.3327390e-04	
   7.6900363e+03	   2.2997110e-04	
   7.7000351e+03	   2.2635280e-04	
   7.7100339e+03	   2.2240230e-04	
   7.7200036e+03	   2.1814970e-04	
   7.7300315e+03	   2.1358990e-04	
   7.7400303e+03	   2.0879590e-04	
   7.7500000e+03	   2.0369580e-04	
   7.7600279e+03	   1.9836040e-04	
   7.7699976e+03	   1.9279410e-04	
   7.7800255e+03	   1.8709420e-04	
   7.7900243e+03	   1.8109620e-04	
   7.8000236e+03	   1.7501140e-04	
   7.8099928e+03	   1.6856050e-04	
   7.8200212e+03	   1.6204780e-04	
   7.8300200e+03	   1.5563160e-04	
   7.8399897e+03	   1.4913310e-04	
   7.8500175e+03	   1.4253700e-04	
   7.8599873e+03	   1.3604830e-04	
   7.8700151e+03	   1.2951830e-04	
   7.8800139e+03	   1.2302390e-04	
   7.8900418e+03	   1.1685190e-04	
   7.9000406e+03	   1.1057540e-04	
   7.9100394e+03	   1.0444210e-04	
   7.9200387e+03	   9.8474430e-05	
   7.9300079e+03	   9.2555040e-05	
   7.9400363e+03	   8.6817660e-05	
   7.9500351e+03	   8.1324400e-05	
   7.9600048e+03	   7.5772320e-05	
   7.9700327e+03	   7.0701490e-05	
   7.9800024e+03	   6.5592820e-05	
   7.9900303e+03	   6.0759230e-05	
   8.0000000e+03	   5.6219270e-05	
   8.0100279e+03	   5.1895580e-05	
   8.0200272e+03	   4.7861420e-05	
   8.0300255e+03	   4.4075760e-05	
   8.0400248e+03	   4.0301270e-05	
   8.0499945e+03	   3.7078690e-05	
   8.0600224e+03	   3.3913340e-05	
   8.0699921e+03	   3.0863910e-05	
   8.0800200e+03	   2.8137310e-05	
   8.0900183e+03	   2.5744030e-05	
   8.0999880e+03	   2.3340630e-05	
   8.1100159e+03	   2.1030250e-05	
   8.1200151e+03	   1.9035970e-05	
   8.1300430e+03	   1.7162750e-05	
   8.1400423e+03	   1.5385520e-05	
   8.1500406e+03	   1.3927660e-05	
   8.1600103e+03	   1.2335010e-05	
   8.1700382e+03	   1.1111780e-05	
   8.1800375e+03	   9.8950330e-06	
   8.1900072e+03	   8.7515110e-06	
   8.2000637e+03	   7.7667360e-06	
   8.2100048e+03	   6.9492270e-06	
   8.2200327e+03	   6.1944040e-06	
   8.2300310e+03	   5.5358130e-06	
   8.2400303e+03	   4.9526800e-06	
   8.2500000e+03	   4.4881660e-06	
   8.2600279e+03	   4.0977160e-06	
   8.2700272e+03	   3.7539330e-06	
   8.2799969e+03	   3.4614760e-06	
   8.2900248e+03	   3.2439350e-06	
   8.3000231e+03	   3.0470560e-06	
   8.3100224e+03	   2.8935290e-06	
   8.3200207e+03	   2.7681940e-06	
   8.3300200e+03	   2.6556490e-06	
   8.3400183e+03	   2.5705130e-06	
   8.3500175e+03	   2.4954840e-06	
   8.3600159e+03	   2.4256300e-06	
   8.3700151e+03	   2.3739580e-06	
   8.3800430e+03	   2.3248550e-06	
   8.3900423e+03	   2.2833440e-06	
   8.4000406e+03	   2.2459610e-06	
   8.4100399e+03	   2.2196320e-06	
   8.4200096e+03	   2.1936480e-06	
   8.4300375e+03	   2.1594600e-06	
   8.4400358e+03	   2.1331040e-06	
   8.4500351e+03	   2.1178370e-06	
   8.4600334e+03	   2.1058090e-06	
   8.4700327e+03	   2.0787620e-06	
   8.4800310e+03	   2.0487690e-06	
   8.4900303e+03	   2.0384410e-06	
   8.5000296e+03	   2.0163080e-06	
   8.5100279e+03	   1.9937800e-06	
   8.5200272e+03	   1.9813670e-06	
   8.5300255e+03	   1.9693750e-06	
   8.5400248e+03	   1.9559380e-06	
   8.5500231e+03	   1.9420870e-06	
   8.5600224e+03	   1.9312690e-06	
   8.5700207e+03	   1.9195470e-06	
   8.5800200e+03	   1.9078140e-06	
   8.5900183e+03	   1.8948640e-06	
   8.5999880e+03	   1.8899550e-06	
   8.6100159e+03	   1.8700670e-06	
   8.6200151e+03	   1.8614860e-06	
   8.6300430e+03	   1.8490520e-06	
   8.6400423e+03	   1.8378760e-06	
   8.6500120e+03	   1.8261830e-06	
   8.6600399e+03	   1.8157030e-06	
   8.6700382e+03	   1.8120510e-06	
   8.6800375e+03	   1.7970200e-06	
   8.6900072e+03	   1.7786500e-06	
   8.7000351e+03	   1.7652660e-06	
   8.7100334e+03	   1.7551760e-06	
   8.7200031e+03	   1.7459600e-06	
   8.7300310e+03	   1.7341760e-06	
   8.7400007e+03	   1.7254270e-06	
   8.7500000e+03	   1.7152330e-06	
   8.7600279e+03	   1.6982640e-06	
   8.7700272e+03	   1.6916680e-06	
   8.7799969e+03	   1.6816240e-06	
   8.7900248e+03	   1.6703690e-06	
   8.8000231e+03	   1.6541880e-06	
   8.8099928e+03	   1.6481430e-06	
   8.8200207e+03	   1.6393450e-06	
   8.8300200e+03	   1.6284400e-06	
   8.8399897e+03	   1.6148430e-06	
   8.8500175e+03	   1.6004600e-06	
   8.8599873e+03	   1.5838300e-06	
   8.8699856e+03	   1.5811080e-06	
   8.8800430e+03	   1.5729360e-06	
   8.8900423e+03	   1.5671830e-06	
   8.9000120e+03	   1.5529090e-06	
   8.9100399e+03	   1.5405400e-06	
   8.9200382e+03	   1.5303490e-06	
   8.9300375e+03	   1.5180580e-06	
   8.9400072e+03	   1.5069630e-06	
   8.9500351e+03	   1.5005670e-06	
   8.9600048e+03	   1.4938790e-06	
   8.9700327e+03	   1.4817230e-06	
   8.9800310e+03	   1.4706740e-06	
   8.9900303e+03	   1.4606280e-06	
   9.0000000e+03	   1.4496690e-06	
