   7.0000291e+03	   2.8227760e-04	
   7.0100279e+03	   2.8224150e-04	
   7.0199976e+03	   2.8222670e-04	
   7.0300255e+03	   2.8218060e-04	
   7.0399952e+03	   2.8215950e-04	
   7.0500236e+03	   2.8211710e-04	
   7.0600224e+03	   2.8208910e-04	
   7.0699921e+03	   2.8206450e-04	
   7.0800200e+03	   2.8202140e-04	
   7.0899897e+03	   2.8199620e-04	
   7.1000175e+03	   2.8198000e-04	
   7.1100163e+03	   2.8193380e-04	
   7.1200151e+03	   2.8190460e-04	
   7.1300430e+03	   2.8187660e-04	
   7.1400418e+03	   2.8184290e-04	
   7.1500115e+03	   2.8180980e-04	
   7.1600394e+03	   2.8178160e-04	
   7.1700387e+03	   2.8175030e-04	
   7.1800375e+03	   2.8171620e-04	
   7.1900363e+03	   2.8167370e-04	
   7.2000351e+03	   2.8164010e-04	
   7.2100339e+03	   2.8159840e-04	
   7.2200327e+03	   2.8155880e-04	
   7.2300024e+03	   2.8152690e-04	
   7.2400303e+03	   2.8148430e-04	
   7.2500291e+03	   2.8144560e-04	
   7.2600279e+03	   2.8140950e-04	
   7.2700267e+03	   2.8136400e-04	
   7.2800255e+03	   2.8132080e-04	
   7.2900243e+03	   2.8129470e-04	
   7.3000236e+03	   2.8124840e-04	
   7.3100224e+03	   2.8120370e-04	
   7.3200212e+03	   2.8117030e-04	
   7.3300200e+03	   2.8113230e-04	
   7.3400187e+03	   2.8108650e-04	
   7.3500175e+03	   2.8104480e-04	
   7.3600163e+03	   2.8100490e-04	
   7.3700151e+03	   2.8096540e-04	
   7.3800430e+03	   2.8092290e-04	
   7.3900127e+03	   2.8088600e-04	
   7.4000406e+03	   2.8084410e-04	
   7.4100394e+03	   2.8079650e-04	
   7.4200091e+03	   2.8075600e-04	
   7.4300375e+03	   2.8071990e-04	
   7.4400363e+03	   2.8067190e-04	
   7.4500351e+03	   2.8061540e-04	
   7.4600048e+03	   2.8056570e-04	
   7.4700327e+03	   2.8052070e-04	
   7.4800315e+03	   2.8047540e-04	
   7.4900303e+03	   2.8043180e-04	
   7.5000000e+03	   2.8039540e-04	
   7.5100279e+03	   2.8034200e-04	
   7.5200267e+03	   2.8027470e-04	
   7.5299964e+03	   2.8023550e-04	
   7.5400243e+03	   2.8019000e-04	
   7.5500236e+03	   2.8013500e-04	
   7.5600224e+03	   2.8008950e-04	
   7.5699921e+03	   2.8004280e-04	
   7.5800200e+03	   2.7999550e-04	
   7.5899897e+03	   2.7993940e-04	
   7.5999885e+03	   2.7988550e-04	
   7.6099873e+03	   2.7984090e-04	
   7.6200151e+03	   2.7978780e-04	
   7.6300139e+03	   2.7974730e-04	
   7.6400418e+03	   2.7968520e-04	
   7.6500406e+03	   2.7963140e-04	
   7.6600103e+03	   2.7958230e-04	
   7.6700387e+03	   2.7952010e-04	
   7.6800079e+03	   2.7947070e-04	
   7.6900072e+03	   2.7942000e-04	
   7.7000351e+03	   2.7935140e-04	
   7.7100339e+03	   2.7929340e-04	
   7.7200036e+03	   2.7925680e-04	
   7.7300315e+03	   2.7919410e-04	
   7.7400012e+03	   2.7914160e-04	
   7.7500291e+03	   2.7907580e-04	
   7.7599988e+03	   2.7902060e-04	
   7.7700267e+03	   2.7895750e-04	
   7.7799964e+03	   2.7890400e-04	
   7.7900243e+03	   2.7885120e-04	
   7.7999940e+03	   2.7878960e-04	
   7.8100224e+03	   2.7874050e-04	
   7.8199921e+03	   2.7868870e-04	
   7.8300200e+03	   2.7861560e-04	
   7.8399897e+03	   2.7856280e-04	
   7.8500466e+03	   2.7849040e-04	
   7.8599873e+03	   2.7845020e-04	
   7.8700151e+03	   2.7838280e-04	
   7.8800139e+03	   2.7833500e-04	
   7.8900418e+03	   2.7826590e-04	
   7.9000406e+03	   2.7821480e-04	
   7.9100394e+03	   2.7814820e-04	
   7.9200387e+03	   2.7808510e-04	
   7.9300079e+03	   2.7802160e-04	
   7.9400363e+03	   2.7797480e-04	
   7.9500351e+03	   2.7792360e-04	
   7.9600048e+03	   2.7785700e-04	
   7.9700327e+03	   2.7779470e-04	
   7.9800024e+03	   2.7774010e-04	
   7.9900303e+03	   2.7768780e-04	
   8.0000000e+03	   2.7763270e-04	
   8.0100279e+03	   2.7758150e-04	
   8.0200272e+03	   2.7751960e-04	
   8.0300255e+03	   2.7746020e-04	
   8.0400248e+03	   2.7739550e-04	
   8.0500231e+03	   2.7735620e-04	
   8.0600224e+03	   2.7731270e-04	
   8.0699921e+03	   2.7724820e-04	
   8.0800200e+03	   2.7717800e-04	
   8.0900183e+03	   2.7712640e-04	
   8.0999880e+03	   2.7708620e-04	
   8.1100159e+03	   2.7702780e-04	
   8.1199856e+03	   2.7697460e-04	
   8.1300430e+03	   2.7691170e-04	
   8.1400423e+03	   2.7685300e-04	
   8.1500120e+03	   2.7679980e-04	
   8.1600399e+03	   2.7675140e-04	
   8.1700382e+03	   2.7669130e-04	
   8.1800375e+03	   2.7663490e-04	
   8.1900072e+03	   2.7657630e-04	
   8.2000351e+03	   2.7651150e-04	
   8.2100334e+03	   2.7645620e-04	
   8.2200327e+03	   2.7640450e-04	
   8.2300024e+03	   2.7633680e-04	
   8.2400303e+03	   2.7628880e-04	
   8.2500296e+03	   2.7622070e-04	
   8.2599993e+03	   2.7616660e-04	
   8.2700272e+03	   2.7610200e-04	
   8.2799969e+03	   2.7604500e-04	
   8.2900248e+03	   2.7598190e-04	
   8.2999945e+03	   2.7593020e-04	
   8.3100224e+03	   2.7587650e-04	
   8.3200207e+03	   2.7580940e-04	
   8.3299904e+03	   2.7574680e-04	
   8.3400183e+03	   2.7569110e-04	
   8.3500175e+03	   2.7562650e-04	
   8.3600159e+03	   2.7555720e-04	
   8.3699856e+03	   2.7551290e-04	
   8.3800430e+03	   2.7544110e-04	
   8.3900127e+03	   2.7537910e-04	
   8.4000406e+03	   2.7530770e-04	
   8.4100399e+03	   2.7524450e-04	
   8.4200096e+03	   2.7517840e-04	
   8.4300375e+03	   2.7512370e-04	
   8.4400072e+03	   2.7505570e-04	
   8.4500351e+03	   2.7499140e-04	
   8.4600048e+03	   2.7492580e-04	
   8.4700327e+03	   2.7485970e-04	
   8.4800024e+03	   2.7479550e-04	
   8.4900303e+03	   2.7472390e-04	
   8.5000000e+03	   2.7467050e-04	
   8.5100279e+03	   2.7460440e-04	
   8.5200272e+03	   2.7454500e-04	
   8.5300255e+03	   2.7447690e-04	
   8.5399952e+03	   2.7441660e-04	
   8.5500231e+03	   2.7434620e-04	
   8.5600224e+03	   2.7428430e-04	
   8.5700207e+03	   2.7421720e-04	
   8.5800200e+03	   2.7415670e-04	
   8.5899897e+03	   2.7409010e-04	
   8.5999880e+03	   2.7401900e-04	
   8.6100159e+03	   2.7395010e-04	
   8.6200151e+03	   2.7389330e-04	
   8.6300144e+03	   2.7381680e-04	
   8.6400423e+03	   2.7375420e-04	
   8.6500120e+03	   2.7368830e-04	
   8.6600399e+03	   2.7361610e-04	
   8.6700382e+03	   2.7356250e-04	
   8.6800079e+03	   2.7349540e-04	
   8.6900358e+03	   2.7342740e-04	
   8.7000351e+03	   2.7336570e-04	
   8.7100334e+03	   2.7330540e-04	
   8.7200031e+03	   2.7323980e-04	
   8.7300310e+03	   2.7316970e-04	
   8.7400007e+03	   2.7310140e-04	
   8.7500000e+03	   2.7305220e-04	
   8.7600279e+03	   2.7298680e-04	
   8.7699976e+03	   2.7292770e-04	
   8.7799969e+03	   2.7287200e-04	
   8.7900248e+03	   2.7279350e-04	
   8.8000231e+03	   2.7275560e-04	
   8.8100224e+03	   2.7269300e-04	
   8.8200207e+03	   2.7261390e-04	
   8.8300200e+03	   2.7255940e-04	
   8.8399897e+03	   2.7249670e-04	
   8.8500175e+03	   2.7244010e-04	
   8.8599873e+03	   2.7237790e-04	
   8.8699856e+03	   2.7229700e-04	
   8.8800430e+03	   2.7225220e-04	
   8.8900423e+03	   2.7218640e-04	
   8.9000406e+03	   2.7212510e-04	
   8.9100103e+03	   2.7206020e-04	
   8.9200382e+03	   2.7198950e-04	
   8.9300375e+03	   2.7192470e-04	
   8.9400072e+03	   2.7185340e-04	
   8.9500351e+03	   2.7178200e-04	
   8.9600048e+03	   2.7171410e-04	
   8.9700327e+03	   2.7163780e-04	
   8.9800310e+03	   2.7156410e-04	
   8.9900303e+03	   2.7149800e-04	
   9.0000000e+03	   2.7142550e-04	
   9.0100279e+03	   2.7135060e-04	
   9.0200272e+03	   2.7127660e-04	
   9.0300255e+03	   2.7119450e-04	
   9.0399952e+03	   2.7111800e-04	
   9.0500231e+03	   2.7104660e-04	
   9.0599928e+03	   2.7096560e-04	
   9.0700207e+03	   2.7088740e-04	
   9.0799904e+03	   2.7080980e-04	
   9.0900183e+03	   2.7073060e-04	
   9.0999880e+03	   2.7064770e-04	
   9.1100159e+03	   2.7057670e-04	
   9.1200151e+03	   2.7048770e-04	
   9.1300144e+03	   2.7040330e-04	
   9.1400423e+03	   2.7032550e-04	
   9.1500120e+03	   2.7024780e-04	
   9.1600399e+03	   2.7015400e-04	
   9.1700096e+03	   2.7007690e-04	
   9.1800375e+03	   2.6998890e-04	
   9.1900072e+03	   2.6990700e-04	
   9.2000351e+03	   2.6983020e-04	
   9.2100048e+03	   2.6975460e-04	
   9.2200031e+03	   2.6966650e-04	
   9.2300310e+03	   2.6957740e-04	
   9.2400007e+03	   2.6948950e-04	
   9.2500296e+03	   2.6939950e-04	
   9.2599993e+03	   2.6930460e-04	
   9.2700272e+03	   2.6920720e-04	
   9.2799969e+03	   2.6911940e-04	
   9.2900248e+03	   2.6900510e-04	
   9.3000231e+03	   2.6888420e-04	
   9.3099928e+03	   2.6876900e-04	
   9.3200207e+03	   2.6863790e-04	
   9.3300200e+03	   2.6849160e-04	
   9.3400183e+03	   2.6834740e-04	
   9.3500175e+03	   2.6819610e-04	
   9.3600159e+03	   2.6802250e-04	
   9.3699856e+03	   2.6783130e-04	
   9.3800430e+03	   2.6761800e-04	
   9.3900127e+03	   2.6740450e-04	
   9.4000406e+03	   2.6718200e-04	
   9.4100399e+03	   2.6695350e-04	
   9.4200096e+03	   2.6668530e-04	
   9.4300375e+03	   2.6639580e-04	
   9.4400072e+03	   2.6608840e-04	
   9.4500351e+03	   2.6572910e-04	
   9.4600048e+03	   2.6534900e-04	
   9.4700327e+03	   2.6495440e-04	
   9.4800310e+03	   2.6449560e-04	
   9.4900303e+03	   2.6402190e-04	
   9.5000000e+03	   2.6353750e-04	
   9.5100279e+03	   2.6300740e-04	
   9.5199976e+03	   2.6244530e-04	
   9.5300255e+03	   2.6186480e-04	
   9.5399952e+03	   2.6121980e-04	
   9.5500231e+03	   2.6053650e-04	
   9.5599928e+03	   2.5981930e-04	
   9.5700502e+03	   2.5901780e-04	
   9.5799904e+03	   2.5817750e-04	
   9.5900183e+03	   2.5725990e-04	
   9.5999880e+03	   2.5630570e-04	
   9.6100159e+03	   2.5526480e-04	
   9.6199856e+03	   2.5417050e-04	
   9.6300430e+03	   2.5298090e-04	
   9.6400127e+03	   2.5172030e-04	
   9.6500406e+03	   2.5038330e-04	
   9.6599817e+03	   2.4898930e-04	
   9.6700678e+03	   2.4752340e-04	
   9.6800079e+03	   2.4599530e-04	
   9.6900358e+03	   2.4435440e-04	
   9.7000055e+03	   2.4262940e-04	
   9.7100630e+03	   2.4085290e-04	
   9.7200031e+03	   2.3895940e-04	
   9.7300310e+03	   2.3694490e-04	
   9.7400303e+03	   2.3489400e-04	
   9.7500000e+03	   2.3279250e-04	
   9.7600279e+03	   2.3055610e-04	
   9.7699976e+03	   2.2830440e-04	
   9.7800255e+03	   2.2586060e-04	
   9.7899952e+03	   2.2331540e-04	
   9.8000231e+03	   2.2068890e-04	
   9.8099928e+03	   2.1800860e-04	
   9.8200207e+03	   2.1519720e-04	
   9.8300200e+03	   2.1236180e-04	
   9.8400183e+03	   2.0942260e-04	
   9.8499880e+03	   2.0634700e-04	
   9.8600159e+03	   2.0313240e-04	
   9.8699856e+03	   1.9981580e-04	
   9.8800430e+03	   1.9640860e-04	
   9.8900423e+03	   1.9293380e-04	
   9.9000120e+03	   1.8942860e-04	
   9.9100399e+03	   1.8580630e-04	
   9.9200382e+03	   1.8218640e-04	
   9.9300079e+03	   1.7847960e-04	
   9.9400358e+03	   1.7475060e-04	
   9.9500351e+03	   1.7098470e-04	
   9.9600334e+03	   1.6712860e-04	
   9.9700031e+03	   1.6324440e-04	
   9.9800310e+03	   1.5926990e-04	
   9.9900007e+03	   1.5539730e-04	
   1.0000030e+04	   1.5143320e-04	
   1.0009999e+04	   1.4743480e-04	
   1.0020027e+04	   1.4336660e-04	
   1.0030025e+04	   1.3915600e-04	
   1.0039995e+04	   1.3493060e-04	
   1.0050023e+04	   1.3069240e-04	
   1.0060022e+04	   1.2639080e-04	
   1.0069992e+04	   1.2219000e-04	
   1.0080020e+04	   1.1792200e-04	
   1.0090018e+04	   1.1363440e-04	
   1.0099988e+04	   1.0937580e-04	
   1.0110016e+04	   1.0524670e-04	
   1.0120015e+04	   1.0112620e-04	
   1.0130014e+04	   9.7036250e-05	
   1.0140042e+04	   9.3079230e-05	
   1.0150012e+04	   8.9050100e-05	
   1.0160040e+04	   8.5241740e-05	
   1.0170038e+04	   8.1627890e-05	
   1.0180008e+04	   7.7890110e-05	
   1.0190036e+04	   7.4204220e-05	
   1.0200006e+04	   7.0765470e-05	
   1.0210033e+04	   6.7285730e-05	
   1.0220033e+04	   6.3954120e-05	
   1.0230002e+04	   6.0862370e-05	
   1.0240030e+04	   5.7613080e-05	
   1.0250030e+04	   5.4677100e-05	
   1.0260028e+04	   5.1900440e-05	
   1.0269998e+04	   4.9073190e-05	
   1.0280025e+04	   4.6411190e-05	
   1.0289995e+04	   4.3879320e-05	
   1.0300023e+04	   4.1289770e-05	
   1.0310022e+04	   3.8847060e-05	
   1.0319992e+04	   3.6531530e-05	
   1.0330020e+04	   3.4403950e-05	
   1.0339990e+04	   3.2418160e-05	
   1.0350018e+04	   3.0460350e-05	
   1.0360016e+04	   2.8484070e-05	
   1.0369986e+04	   2.6651880e-05	
   1.0380043e+04	   2.4979670e-05	
   1.0390042e+04	   2.3328030e-05	
   1.0400012e+04	   2.1877300e-05	
   1.0410040e+04	   2.0479480e-05	
   1.0420010e+04	   1.9094110e-05	
   1.0430037e+04	   1.7741450e-05	
   1.0440036e+04	   1.6494550e-05	
   1.0450035e+04	   1.5328410e-05	
   1.0460005e+04	   1.4194270e-05	
   1.0470033e+04	   1.3114670e-05	
   1.0480031e+04	   1.2140490e-05	
   1.0490030e+04	   1.1206270e-05	
   1.0500030e+04	   1.0306020e-05	
   1.0509999e+04	   9.4887000e-06	
   1.0520027e+04	   8.7281370e-06	
   1.0530025e+04	   8.0260220e-06	
   1.0539995e+04	   7.3838110e-06	
   1.0550023e+04	   6.7722720e-06	
   1.0559993e+04	   6.2316630e-06	
   1.0569992e+04	   5.7295060e-06	
   1.0580020e+04	   5.2533760e-06	
   1.0589990e+04	   4.8185610e-06	
   1.0600018e+04	   4.4129020e-06	
   1.0609987e+04	   4.0405780e-06	
   1.0620015e+04	   3.7251640e-06	
   1.0630014e+04	   3.4411620e-06	
   1.0640042e+04	   3.1804600e-06	
   1.0650012e+04	   2.9451990e-06	
   1.0660040e+04	   2.7274800e-06	
   1.0670038e+04	   2.5256900e-06	
   1.0680008e+04	   2.3471640e-06	
   1.0690007e+04	   2.1953580e-06	
   1.0700035e+04	   2.0674800e-06	
   1.0710005e+04	   1.9447140e-06	
   1.0720003e+04	   1.8382290e-06	
   1.0730031e+04	   1.7570450e-06	
   1.0740030e+04	   1.6769850e-06	
   1.0750000e+04	   1.6045600e-06	
   1.0760028e+04	   1.5433440e-06	
   1.0770027e+04	   1.4951340e-06	
   1.0779997e+04	   1.4475090e-06	
   1.0790025e+04	   1.4028630e-06	
   1.0800023e+04	   1.3720760e-06	
   1.0809993e+04	   1.3385810e-06	
   1.0820021e+04	   1.3068960e-06	
   1.0829990e+04	   1.2811590e-06	
   1.0840018e+04	   1.2596720e-06	
   1.0850018e+04	   1.2389820e-06	
   1.0859987e+04	   1.2154450e-06	
   1.0870015e+04	   1.1904310e-06	
   1.0880014e+04	   1.1772440e-06	
   1.0890042e+04	   1.1646440e-06	
   1.0900012e+04	   1.1442810e-06	
   1.0910040e+04	   1.1258220e-06	
   1.0920038e+04	   1.1091180e-06	
   1.0930008e+04	   1.0934470e-06	
   1.0940036e+04	   1.0787690e-06	
   1.0950006e+04	   1.0624880e-06	
   1.0960033e+04	   1.0470790e-06	
   1.0970003e+04	   1.0311770e-06	
   1.0980031e+04	   1.0166150e-06	
   1.0990030e+04	   1.0015360e-06	
   1.1000000e+04	   9.8990550e-07	
