   8.5000296e+03	   3.0472750e-04	
   8.5099993e+03	   2.6386790e-04	
   8.5200272e+03	   2.6394060e-04	
   8.5300255e+03	   2.6402210e-04	
   8.5399952e+03	   2.6407920e-04	
   8.5500231e+03	   2.6413680e-04	
   8.5600224e+03	   2.6419000e-04	
   8.5700207e+03	   2.6425310e-04	
   8.5799904e+03	   2.6431640e-04	
   8.5900183e+03	   2.6437700e-04	
   8.5999880e+03	   2.6442620e-04	
   8.6100159e+03	   2.6446790e-04	
   8.6199856e+03	   2.6453090e-04	
   8.6300144e+03	   2.6458700e-04	
   8.6400423e+03	   2.6461970e-04	
   8.6500120e+03	   2.6467250e-04	
   8.6600399e+03	   2.6471080e-04	
   8.6700382e+03	   2.6476290e-04	
   8.6800079e+03	   2.6481290e-04	
   8.6900358e+03	   2.6484420e-04	
   8.7000351e+03	   2.6487970e-04	
   8.7100048e+03	   2.6492090e-04	
   8.7200327e+03	   2.6494580e-04	
   8.7300310e+03	   2.6499100e-04	
   8.7400303e+03	   2.6501800e-04	
   8.7500000e+03	   2.6504070e-04	
   8.7600279e+03	   2.6506860e-04	
   8.7699976e+03	   2.6509380e-04	
   8.7800255e+03	   2.6511700e-04	
   8.7899952e+03	   2.6514830e-04	
   8.8000231e+03	   2.6517330e-04	
   8.8099928e+03	   2.6519360e-04	
   8.8200207e+03	   2.6520780e-04	
   8.8300200e+03	   2.6522380e-04	
   8.8399897e+03	   2.6524040e-04	
   8.8500175e+03	   2.6526550e-04	
   8.8599873e+03	   2.6527600e-04	
   8.8699856e+03	   2.6528190e-04	
   8.8800430e+03	   2.6529660e-04	
   8.8900127e+03	   2.6531250e-04	
   8.9000406e+03	   2.6531760e-04	
   8.9100103e+03	   2.6531210e-04	
   8.9200382e+03	   2.6533490e-04	
   8.9300375e+03	   2.6532580e-04	
   8.9400072e+03	   2.6532140e-04	
   8.9500351e+03	   2.6533630e-04	
   8.9600048e+03	   2.6534130e-04	
   8.9700327e+03	   2.6532280e-04	
   8.9800024e+03	   2.6530660e-04	
   8.9900303e+03	   2.6529760e-04	
   9.0000000e+03	   2.6527550e-04	
   9.0100279e+03	   2.6526710e-04	
   9.0200272e+03	   2.6526730e-04	
   9.0299969e+03	   2.6525400e-04	
   9.0400248e+03	   2.6523960e-04	
   9.0500231e+03	   2.6522730e-04	
   9.0599928e+03	   2.6520300e-04	
   9.0700207e+03	   2.6517730e-04	
   9.0799904e+03	   2.6516710e-04	
   9.0900183e+03	   2.6514650e-04	
   9.0999880e+03	   2.6512380e-04	
   9.1100159e+03	   2.6508940e-04	
   9.1200151e+03	   2.6507210e-04	
   9.1300144e+03	   2.6503830e-04	
   9.1400423e+03	   2.6500560e-04	
   9.1500120e+03	   2.6497900e-04	
   9.1600399e+03	   2.6495340e-04	
   9.1700096e+03	   2.6492060e-04	
   9.1800375e+03	   2.6489420e-04	
   9.1900072e+03	   2.6485380e-04	
   9.2000351e+03	   2.6480650e-04	
   9.2100334e+03	   2.6477830e-04	
   9.2200031e+03	   2.6473130e-04	
   9.2300310e+03	   2.6469170e-04	
   9.2400303e+03	   2.6464360e-04	
   9.2500000e+03	   2.6459750e-04	
   9.2600279e+03	   2.6456490e-04	
   9.2699976e+03	   2.6453200e-04	
   9.2800255e+03	   2.6447280e-04	
   9.2899952e+03	   2.6444280e-04	
   9.3000231e+03	   2.6438550e-04	
   9.3099928e+03	   2.6434030e-04	
   9.3200207e+03	   2.6429210e-04	
   9.3299904e+03	   2.6425240e-04	
   9.3400183e+03	   2.6418510e-04	
   9.3499880e+03	   2.6414930e-04	
   9.3600159e+03	   2.6410660e-04	
   9.3700151e+03	   2.6403900e-04	
   9.3800430e+03	   2.6398910e-04	
   9.3900127e+03	   2.6392440e-04	
   9.4000406e+03	   2.6385920e-04	
   9.4100399e+03	   2.6380470e-04	
   9.4200096e+03	   2.6373130e-04	
   9.4300375e+03	   2.6365490e-04	
   9.4400072e+03	   2.6357570e-04	
   9.4500351e+03	   2.6348140e-04	
   9.4600048e+03	   2.6338780e-04	
   9.4700327e+03	   2.6331390e-04	
   9.4800310e+03	   2.6320930e-04	
   9.4900007e+03	   2.6311580e-04	
   9.5000296e+03	   2.6299720e-04	
   9.5100279e+03	   2.6288150e-04	
   9.5199976e+03	   2.6273290e-04	
   9.5300255e+03	   2.6260340e-04	
   9.5399952e+03	   2.6245370e-04	
   9.5500231e+03	   2.6228410e-04	
   9.5599928e+03	   2.6211050e-04	
   9.5700207e+03	   2.6192510e-04	
   9.5799904e+03	   2.6172600e-04	
   9.5900183e+03	   2.6149980e-04	
   9.5999880e+03	   2.6128110e-04	
   9.6100159e+03	   2.6104500e-04	
   9.6199856e+03	   2.6077730e-04	
   9.6300430e+03	   2.6049970e-04	
   9.6400127e+03	   2.6020430e-04	
   9.6500406e+03	   2.5988110e-04	
   9.6600103e+03	   2.5956320e-04	
   9.6700382e+03	   2.5920270e-04	
   9.6800079e+03	   2.5883930e-04	
   9.6900358e+03	   2.5846910e-04	
   9.7000055e+03	   2.5805990e-04	
   9.7100334e+03	   2.5761740e-04	
   9.7200031e+03	   2.5718220e-04	
   9.7300310e+03	   2.5669860e-04	
   9.7400303e+03	   2.5620140e-04	
   9.7500000e+03	   2.5567020e-04	
   9.7600279e+03	   2.5509670e-04	
   9.7699976e+03	   2.5451190e-04	
   9.7800255e+03	   2.5388370e-04	
   9.7899952e+03	   2.5321170e-04	
   9.8000231e+03	   2.5249900e-04	
   9.8099928e+03	   2.5175880e-04	
   9.8200207e+03	   2.5098210e-04	
   9.8299904e+03	   2.5020760e-04	
   9.8399897e+03	   2.4943630e-04	
   9.8500175e+03	   2.4858180e-04	
   9.8599873e+03	   2.4769970e-04	
   9.8700151e+03	   2.4677140e-04	
   9.8800144e+03	   2.4575890e-04	
   9.8900423e+03	   2.4470720e-04	
   9.9000120e+03	   2.4366050e-04	
   9.9100399e+03	   2.4252530e-04	
   9.9200382e+03	   2.4135750e-04	
   9.9300079e+03	   2.4014770e-04	
   9.9400358e+03	   2.3888050e-04	
   9.9500055e+03	   2.3757660e-04	
   9.9600334e+03	   2.3619360e-04	
   9.9700031e+03	   2.3477720e-04	
   9.9800310e+03	   2.3333610e-04	
   9.9900007e+03	   2.3184120e-04	
   1.0000000e+04	   2.3027060e-04	
   1.0010028e+04	   2.2855550e-04	
   1.0019998e+04	   2.2684170e-04	
   1.0030025e+04	   2.2501160e-04	
   1.0039995e+04	   2.2309920e-04	
   1.0050023e+04	   2.2114790e-04	
   1.0059993e+04	   2.1911280e-04	
   1.0070021e+04	   2.1698390e-04	
   1.0080020e+04	   2.1480170e-04	
   1.0090018e+04	   2.1259930e-04	
   1.0099988e+04	   2.1032020e-04	
   1.0110016e+04	   2.0806730e-04	
   1.0120015e+04	   2.0570070e-04	
   1.0130014e+04	   2.0321950e-04	
   1.0140042e+04	   2.0074890e-04	
   1.0150012e+04	   1.9822140e-04	
   1.0160040e+04	   1.9564030e-04	
   1.0170010e+04	   1.9312990e-04	
   1.0180037e+04	   1.9041180e-04	
   1.0190036e+04	   1.8764440e-04	
   1.0200006e+04	   1.8489200e-04	
   1.0210033e+04	   1.8202790e-04	
   1.0220003e+04	   1.7911580e-04	
   1.0230031e+04	   1.7630890e-04	
   1.0240001e+04	   1.7342250e-04	
   1.0250030e+04	   1.7050030e-04	
   1.0259999e+04	   1.6758370e-04	
   1.0270027e+04	   1.6464450e-04	
   1.0279997e+04	   1.6163960e-04	
   1.0290025e+04	   1.5872830e-04	
   1.0300023e+04	   1.5573880e-04	
   1.0309993e+04	   1.5275430e-04	
   1.0320021e+04	   1.4972290e-04	
   1.0330020e+04	   1.4668580e-04	
   1.0340018e+04	   1.4361590e-04	
   1.0349988e+04	   1.4050810e-04	
   1.0360016e+04	   1.3737440e-04	
   1.0369986e+04	   1.3427550e-04	
   1.0380043e+04	   1.3116260e-04	
   1.0390042e+04	   1.2799770e-04	
   1.0400041e+04	   1.2495270e-04	
   1.0410040e+04	   1.2187490e-04	
   1.0420010e+04	   1.1873810e-04	
   1.0430037e+04	   1.1554760e-04	
   1.0440007e+04	   1.1254230e-04	
   1.0450035e+04	   1.0945790e-04	
   1.0460005e+04	   1.0636870e-04	
   1.0470033e+04	   1.0337010e-04	
   1.0480031e+04	   1.0039070e-04	
   1.0490030e+04	   9.7397400e-05	
   1.0500000e+04	   9.4423880e-05	
   1.0510028e+04	   9.1414850e-05	
   1.0519998e+04	   8.8466750e-05	
   1.0530025e+04	   8.5544360e-05	
   1.0539995e+04	   8.2719640e-05	
   1.0550023e+04	   7.9810160e-05	
   1.0559993e+04	   7.7038060e-05	
   1.0570021e+04	   7.4327490e-05	
   1.0580020e+04	   7.1623300e-05	
   1.0589990e+04	   6.8991780e-05	
   1.0600018e+04	   6.6451720e-05	
   1.0610016e+04	   6.3920040e-05	
   1.0619986e+04	   6.1471690e-05	
   1.0630014e+04	   5.9053980e-05	
   1.0640042e+04	   5.6691800e-05	
   1.0650041e+04	   5.4469710e-05	
   1.0660010e+04	   5.2250770e-05	
   1.0670038e+04	   5.0009710e-05	
   1.0680008e+04	   4.7880240e-05	
   1.0690036e+04	   4.5750770e-05	
   1.0700006e+04	   4.3698950e-05	
   1.0710033e+04	   4.1702570e-05	
   1.0720003e+04	   3.9803170e-05	
   1.0730031e+04	   3.7919090e-05	
   1.0740030e+04	   3.6157390e-05	
   1.0750000e+04	   3.4490670e-05	
   1.0760028e+04	   3.2790770e-05	
   1.0769998e+04	   3.1138340e-05	
   1.0780025e+04	   2.9493230e-05	
   1.0789995e+04	   2.7932820e-05	
   1.0800023e+04	   2.6471820e-05	
   1.0809993e+04	   2.5063290e-05	
   1.0820021e+04	   2.3663350e-05	
   1.0829990e+04	   2.2277040e-05	
   1.0840018e+04	   2.0994290e-05	
   1.0850018e+04	   1.9699710e-05	
   1.0859987e+04	   1.8492670e-05	
   1.0870015e+04	   1.7405970e-05	
   1.0880014e+04	   1.6275940e-05	
   1.0890042e+04	   1.5189160e-05	
   1.0900012e+04	   1.4143470e-05	
   1.0910040e+04	   1.3114700e-05	
   1.0920010e+04	   1.2175230e-05	
   1.0930037e+04	   1.1262580e-05	
   1.0940007e+04	   1.0419190e-05	
   1.0950035e+04	   9.6104630e-06	
   1.0960033e+04	   8.8710440e-06	
   1.0970003e+04	   8.1580000e-06	
   1.0980031e+04	   7.4666420e-06	
   1.0990030e+04	   6.7993960e-06	
   1.1000000e+04	   6.1275320e-06	
   1.1010028e+04	   5.4616120e-06	
   1.1019998e+04	   4.8315730e-06	
   1.1030025e+04	   4.2540850e-06	
   1.1040025e+04	   3.7234130e-06	
   1.1049994e+04	   3.2742330e-06	
   1.1060022e+04	   2.8757140e-06	
   1.1069992e+04	   2.5271660e-06	
   1.1080020e+04	   2.2234900e-06	
   1.1089990e+04	   1.9570980e-06	
   1.1100018e+04	   1.7236910e-06	
   1.1109987e+04	   1.5222900e-06	
   1.1120015e+04	   1.3603740e-06	
   1.1130043e+04	   1.2313560e-06	
   1.1140013e+04	   1.1321230e-06	
   1.1150041e+04	   1.0587590e-06	
   1.1160010e+04	   1.0005740e-06	
   1.1170038e+04	   9.5710670e-07	
   1.1180008e+04	   9.1774120e-07	
   1.1190036e+04	   8.8092020e-07	
   1.1200006e+04	   8.4490690e-07	
   1.1210033e+04	   8.0687000e-07	
   1.1220033e+04	   7.6774190e-07	
   1.1230002e+04	   7.2950120e-07	
   1.1240030e+04	   6.8869330e-07	
   1.1250030e+04	   6.4717680e-07	
   1.1259999e+04	   6.0608130e-07	
   1.1269998e+04	   5.6208360e-07	
   1.1280025e+04	   5.2299580e-07	
   1.1290025e+04	   4.8788170e-07	
   1.1299994e+04	   4.5324030e-07	
   1.1310022e+04	   4.2229130e-07	
   1.1320021e+04	   3.9527780e-07	
   1.1330020e+04	   3.6928670e-07	
   1.1339990e+04	   3.4720490e-07	
   1.1350018e+04	   3.2805110e-07	
   1.1360016e+04	   3.1054570e-07	
   1.1369986e+04	   2.9539300e-07	
   1.1380043e+04	   2.8331620e-07	
   1.1390013e+04	   2.7240940e-07	
   1.1400041e+04	   2.6143550e-07	
   1.1410040e+04	   2.5196320e-07	
   1.1420010e+04	   2.4301780e-07	
   1.1430037e+04	   2.3462520e-07	
   1.1440036e+04	   2.2670320e-07	
   1.1450035e+04	   2.1924840e-07	
   1.1460005e+04	   2.1249220e-07	
   1.1470033e+04	   2.0587310e-07	
   1.1480002e+04	   1.9965440e-07	
   1.1490030e+04	   1.9361310e-07	
   1.1500030e+04	   1.8783750e-07	
   1.1509999e+04	   1.8218680e-07	
   1.1520027e+04	   1.7650640e-07	
   1.1529997e+04	   1.7116210e-07	
   1.1539995e+04	   1.6623710e-07	
   1.1550023e+04	   1.6121780e-07	
   1.1560022e+04	   1.5623980e-07	
   1.1570021e+04	   1.5142310e-07	
   1.1580020e+04	   1.4667360e-07	
   1.1590018e+04	   1.4211080e-07	
   1.1599988e+04	   1.3764250e-07	
   1.1610016e+04	   1.3323930e-07	
   1.1620015e+04	   1.2919720e-07	
   1.1630014e+04	   1.2503360e-07	
   1.1640042e+04	   1.2106830e-07	
   1.1650041e+04	   1.1693000e-07	
   1.1660010e+04	   1.1304360e-07	
   1.1670038e+04	   1.0941030e-07	
   1.1680037e+04	   1.0595720e-07	
   1.1690007e+04	   1.0257370e-07	
   1.1700035e+04	   9.9200850e-08	
   1.1710033e+04	   9.6058170e-08	
   1.1720003e+04	   9.3079020e-08	
   1.1730031e+04	   9.0057480e-08	
   1.1740030e+04	   8.7128000e-08	
   1.1750000e+04	   8.4347220e-08	
   1.1760028e+04	   8.1656560e-08	
   1.1770027e+04	   7.9106140e-08	
   1.1779997e+04	   7.6632550e-08	
   1.1790025e+04	   7.4181980e-08	
   1.1800023e+04	   7.1848370e-08	
   1.1809993e+04	   6.9590980e-08	
   1.1819992e+04	   6.7385730e-08	
   1.1830020e+04	   6.5212100e-08	
   1.1839990e+04	   6.3241880e-08	
   1.1850018e+04	   6.1253670e-08	
   1.1859987e+04	   5.9280770e-08	
   1.1870015e+04	   5.7473070e-08	
   1.1880014e+04	   5.5695840e-08	
   1.1890013e+04	   5.3990440e-08	
   1.1900041e+04	   5.2308500e-08	
   1.1910010e+04	   5.0661180e-08	
   1.1920010e+04	   4.9088320e-08	
   1.1930037e+04	   4.7602200e-08	
   1.1940007e+04	   4.6180880e-08	
   1.1950035e+04	   4.4787240e-08	
   1.1960033e+04	   4.3519770e-08	
   1.1970033e+04	   4.2310060e-08	
   1.1980002e+04	   4.1106820e-08	
   1.1990030e+04	   3.9956800e-08	
   1.2000000e+04	   3.8860120e-08	
