   9.0000000e+03	   2.6498490e-04	
   9.0099993e+03	   2.6497320e-04	
   9.0200272e+03	   2.6496370e-04	
   9.0300255e+03	   2.6497020e-04	
   9.0399952e+03	   2.6495430e-04	
   9.0500231e+03	   2.6494790e-04	
   9.0600224e+03	   2.6494430e-04	
   9.0699921e+03	   2.6493570e-04	
   9.0799904e+03	   2.6493420e-04	
   9.0900183e+03	   2.6492450e-04	
   9.0999880e+03	   2.6492140e-04	
   9.1100159e+03	   2.6490100e-04	
   9.1200151e+03	   2.6491050e-04	
   9.1300144e+03	   2.6489260e-04	
   9.1400423e+03	   2.6488770e-04	
   9.1500120e+03	   2.6489580e-04	
   9.1600399e+03	   2.6486960e-04	
   9.1700096e+03	   2.6486740e-04	
   9.1800375e+03	   2.6485090e-04	
   9.1900072e+03	   2.6486620e-04	
   9.2000351e+03	   2.6485330e-04	
   9.2100334e+03	   2.6484600e-04	
   9.2200031e+03	   2.6482900e-04	
   9.2300310e+03	   2.6481830e-04	
   9.2400303e+03	   2.6482190e-04	
   9.2500000e+03	   2.6479820e-04	
   9.2600279e+03	   2.6478060e-04	
   9.2699976e+03	   2.6477270e-04	
   9.2800255e+03	   2.6475530e-04	
   9.2899952e+03	   2.6474100e-04	
   9.3000231e+03	   2.6471840e-04	
   9.3099928e+03	   2.6471120e-04	
   9.3200207e+03	   2.6468600e-04	
   9.3299904e+03	   2.6466970e-04	
   9.3400183e+03	   2.6465410e-04	
   9.3499880e+03	   2.6463350e-04	
   9.3600159e+03	   2.6459500e-04	
   9.3699856e+03	   2.6458620e-04	
   9.3800430e+03	   2.6454260e-04	
   9.3900127e+03	   2.6451540e-04	
   9.4000406e+03	   2.6447820e-04	
   9.4100399e+03	   2.6445440e-04	
   9.4200382e+03	   2.6441040e-04	
   9.4300375e+03	   2.6436630e-04	
   9.4400072e+03	   2.6431040e-04	
   9.4500351e+03	   2.6424550e-04	
   9.4600048e+03	   2.6419340e-04	
   9.4700327e+03	   2.6411130e-04	
   9.4800024e+03	   2.6404230e-04	
   9.4900303e+03	   2.6397140e-04	
   9.5000000e+03	   2.6388020e-04	
   9.5100279e+03	   2.6377500e-04	
   9.5199976e+03	   2.6368200e-04	
   9.5300255e+03	   2.6358560e-04	
   9.5399952e+03	   2.6347070e-04	
   9.5500231e+03	   2.6333590e-04	
   9.5599928e+03	   2.6321190e-04	
   9.5700207e+03	   2.6307620e-04	
   9.5799904e+03	   2.6292990e-04	
   9.5900183e+03	   2.6276640e-04	
   9.5999880e+03	   2.6258990e-04	
   9.6100159e+03	   2.6242890e-04	
   9.6199856e+03	   2.6224800e-04	
   9.6300430e+03	   2.6204750e-04	
   9.6400127e+03	   2.6184470e-04	
   9.6500120e+03	   2.6163310e-04	
   9.6600399e+03	   2.6140200e-04	
   9.6700382e+03	   2.6115640e-04	
   9.6800079e+03	   2.6091050e-04	
   9.6900358e+03	   2.6065670e-04	
   9.7000055e+03	   2.6037290e-04	
   9.7100334e+03	   2.6007660e-04	
   9.7200031e+03	   2.5977200e-04	
   9.7300310e+03	   2.5944760e-04	
   9.7400303e+03	   2.5909270e-04	
   9.7500000e+03	   2.5875660e-04	
   9.7600279e+03	   2.5835140e-04	
   9.7699976e+03	   2.5796660e-04	
   9.7800255e+03	   2.5753530e-04	
   9.7899952e+03	   2.5711360e-04	
   9.8000231e+03	   2.5664060e-04	
   9.8100224e+03	   2.5613650e-04	
   9.8200207e+03	   2.5559010e-04	
   9.8299904e+03	   2.5503730e-04	
   9.8400183e+03	   2.5446960e-04	
   9.8499880e+03	   2.5387580e-04	
   9.8600159e+03	   2.5328890e-04	
   9.8699856e+03	   2.5265470e-04	
   9.8800430e+03	   2.5202450e-04	
   9.8900127e+03	   2.5139510e-04	
   9.9000120e+03	   2.5075340e-04	
   9.9100399e+03	   2.5006160e-04	
   9.9200096e+03	   2.4931750e-04	
   9.9300079e+03	   2.4858360e-04	
   9.9400358e+03	   2.4781730e-04	
   9.9500351e+03	   2.4703870e-04	
   9.9600334e+03	   2.4623580e-04	
   9.9700031e+03	   2.4538850e-04	
   9.9800310e+03	   2.4448790e-04	
   9.9900007e+03	   2.4353870e-04	
   1.0000030e+04	   2.4259910e-04	
   1.0010028e+04	   2.4156150e-04	
   1.0019998e+04	   2.4051720e-04	
   1.0030025e+04	   2.3942200e-04	
   1.0039995e+04	   2.3829700e-04	
   1.0050023e+04	   2.3715450e-04	
   1.0059993e+04	   2.3597800e-04	
   1.0070021e+04	   2.3475650e-04	
   1.0079990e+04	   2.3354690e-04	
   1.0090018e+04	   2.3226990e-04	
   1.0099988e+04	   2.3093470e-04	
   1.0110016e+04	   2.2956900e-04	
   1.0120015e+04	   2.2814000e-04	
   1.0130014e+04	   2.2664910e-04	
   1.0140042e+04	   2.2512090e-04	
   1.0150041e+04	   2.2357650e-04	
   1.0160010e+04	   2.2200680e-04	
   1.0170038e+04	   2.2039790e-04	
   1.0180008e+04	   2.1872940e-04	
   1.0190036e+04	   2.1704140e-04	
   1.0200006e+04	   2.1528390e-04	
   1.0210033e+04	   2.1347970e-04	
   1.0220003e+04	   2.1165370e-04	
   1.0230031e+04	   2.0983140e-04	
   1.0240030e+04	   2.0794360e-04	
   1.0250000e+04	   2.0605120e-04	
   1.0260028e+04	   2.0414870e-04	
   1.0269998e+04	   2.0222920e-04	
   1.0280025e+04	   2.0027310e-04	
   1.0289995e+04	   1.9831330e-04	
   1.0300023e+04	   1.9632900e-04	
   1.0309993e+04	   1.9427280e-04	
   1.0320021e+04	   1.9225380e-04	
   1.0330020e+04	   1.9022500e-04	
   1.0339990e+04	   1.8814220e-04	
   1.0350018e+04	   1.8608900e-04	
   1.0360016e+04	   1.8395640e-04	
   1.0369986e+04	   1.8180360e-04	
   1.0380043e+04	   1.7959020e-04	
   1.0390013e+04	   1.7738670e-04	
   1.0400041e+04	   1.7518410e-04	
   1.0410040e+04	   1.7292430e-04	
   1.0420010e+04	   1.7068460e-04	
   1.0430037e+04	   1.6839790e-04	
   1.0440007e+04	   1.6611910e-04	
   1.0450035e+04	   1.6380230e-04	
   1.0460005e+04	   1.6156910e-04	
   1.0470033e+04	   1.5927900e-04	
   1.0480031e+04	   1.5696420e-04	
   1.0490001e+04	   1.5467620e-04	
   1.0500030e+04	   1.5237410e-04	
   1.0509999e+04	   1.5004650e-04	
   1.0520027e+04	   1.4765670e-04	
   1.0529997e+04	   1.4533670e-04	
   1.0540025e+04	   1.4295870e-04	
   1.0550023e+04	   1.4056350e-04	
   1.0559993e+04	   1.3821040e-04	
   1.0569992e+04	   1.3584820e-04	
   1.0580020e+04	   1.3336330e-04	
   1.0589990e+04	   1.3097220e-04	
   1.0600018e+04	   1.2858560e-04	
   1.0609987e+04	   1.2612000e-04	
   1.0620015e+04	   1.2370900e-04	
   1.0630014e+04	   1.2122900e-04	
   1.0640042e+04	   1.1875860e-04	
   1.0650012e+04	   1.1633880e-04	
   1.0660010e+04	   1.1387990e-04	
   1.0670038e+04	   1.1129300e-04	
   1.0680008e+04	   1.0886050e-04	
   1.0690036e+04	   1.0634700e-04	
   1.0700006e+04	   1.0380800e-04	
   1.0710033e+04	   1.0133850e-04	
   1.0720003e+04	   9.8960070e-05	
   1.0730031e+04	   9.6547870e-05	
   1.0740030e+04	   9.4193320e-05	
   1.0750000e+04	   9.1848940e-05	
   1.0760028e+04	   8.9503330e-05	
   1.0769998e+04	   8.7174080e-05	
   1.0780025e+04	   8.4899480e-05	
   1.0789995e+04	   8.2589610e-05	
   1.0800023e+04	   8.0409930e-05	
   1.0809993e+04	   7.8306840e-05	
   1.0820021e+04	   7.6130260e-05	
   1.0829990e+04	   7.4068140e-05	
   1.0839990e+04	   7.2084420e-05	
   1.0850018e+04	   7.0054010e-05	
   1.0859987e+04	   6.8146980e-05	
   1.0870015e+04	   6.6208480e-05	
   1.0880014e+04	   6.4224980e-05	
   1.0890042e+04	   6.2322190e-05	
   1.0900012e+04	   6.0449510e-05	
   1.0910040e+04	   5.8615850e-05	
   1.0920010e+04	   5.6839590e-05	
   1.0930037e+04	   5.5044110e-05	
   1.0940007e+04	   5.3323020e-05	
   1.0950035e+04	   5.1571490e-05	
   1.0960005e+04	   4.9878080e-05	
   1.0970033e+04	   4.8260710e-05	
   1.0980002e+04	   4.6639600e-05	
   1.0990030e+04	   4.5105280e-05	
   1.1000000e+04	   4.3542590e-05	
   1.1010028e+04	   4.2081100e-05	
   1.1019998e+04	   4.0649120e-05	
   1.1030025e+04	   3.9229770e-05	
   1.1040025e+04	   3.7840440e-05	
   1.1049994e+04	   3.6474550e-05	
   1.1060022e+04	   3.5136800e-05	
   1.1069992e+04	   3.3880460e-05	
   1.1080020e+04	   3.2631390e-05	
   1.1089990e+04	   3.1415360e-05	
   1.1100018e+04	   3.0198870e-05	
   1.1109987e+04	   2.9003800e-05	
   1.1120015e+04	   2.7852050e-05	
   1.1130043e+04	   2.6691340e-05	
   1.1140013e+04	   2.5610610e-05	
   1.1150041e+04	   2.4538590e-05	
   1.1160010e+04	   2.3493690e-05	
   1.1170038e+04	   2.2457080e-05	
   1.1180008e+04	   2.1462180e-05	
   1.1190036e+04	   2.0493680e-05	
   1.1200006e+04	   1.9561930e-05	
   1.1210033e+04	   1.8681420e-05	
   1.1220003e+04	   1.7811790e-05	
   1.1230002e+04	   1.6998970e-05	
   1.1240030e+04	   1.6198800e-05	
   1.1250030e+04	   1.5433280e-05	
   1.1259999e+04	   1.4693690e-05	
   1.1270027e+04	   1.3952000e-05	
   1.1279997e+04	   1.3227400e-05	
   1.1290025e+04	   1.2576030e-05	
   1.1299994e+04	   1.1933690e-05	
   1.1310022e+04	   1.1292900e-05	
   1.1320021e+04	   1.0697490e-05	
   1.1329990e+04	   1.0128790e-05	
   1.1340018e+04	   9.5774150e-06	
   1.1349988e+04	   9.0584470e-06	
   1.1360016e+04	   8.5573530e-06	
   1.1369986e+04	   8.0722380e-06	
   1.1380043e+04	   7.6155050e-06	
   1.1390013e+04	   7.1779100e-06	
   1.1400041e+04	   6.7633220e-06	
   1.1410040e+04	   6.3586620e-06	
   1.1420038e+04	   5.9839490e-06	
   1.1430008e+04	   5.6171210e-06	
   1.1440036e+04	   5.2727580e-06	
   1.1450006e+04	   4.9514150e-06	
   1.1460033e+04	   4.6368260e-06	
   1.1470033e+04	   4.3480490e-06	
   1.1480002e+04	   4.0589630e-06	
   1.1490030e+04	   3.7851520e-06	
   1.1500030e+04	   3.5333240e-06	
   1.1510028e+04	   3.3078130e-06	
   1.1519998e+04	   3.0817180e-06	
   1.1530025e+04	   2.8502050e-06	
   1.1539995e+04	   2.6860690e-06	
   1.1550023e+04	   2.4770090e-06	
   1.1560022e+04	   2.2962840e-06	
   1.1570021e+04	   2.1267740e-06	
   1.1579990e+04	   1.9527820e-06	
   1.1589990e+04	   1.8206300e-06	
   1.1600018e+04	   1.6843000e-06	
   1.1610016e+04	   1.5490170e-06	
   1.1620015e+04	   1.4216050e-06	
   1.1630014e+04	   1.3150090e-06	
   1.1640042e+04	   1.1932040e-06	
   1.1650041e+04	   1.1164890e-06	
   1.1660010e+04	   1.0218060e-06	
   1.1670038e+04	   9.3948920e-07	
   1.1680008e+04	   8.5453270e-07	
   1.1690036e+04	   7.7866090e-07	
   1.1700006e+04	   7.1225860e-07	
   1.1710033e+04	   6.4618620e-07	
   1.1720003e+04	   5.8792900e-07	
   1.1730031e+04	   5.3769230e-07	
   1.1740030e+04	   4.8220630e-07	
   1.1750000e+04	   4.3460910e-07	
   1.1760028e+04	   3.9477870e-07	
   1.1770027e+04	   3.5770860e-07	
   1.1779997e+04	   3.2515990e-07	
   1.1790025e+04	   2.9428410e-07	
   1.1800023e+04	   2.6765030e-07	
   1.1809993e+04	   2.4459140e-07	
   1.1820021e+04	   2.2387700e-07	
   1.1829990e+04	   2.0709330e-07	
   1.1840018e+04	   1.9372850e-07	
   1.1849988e+04	   1.8102620e-07	
   1.1860016e+04	   1.7111470e-07	
   1.1870015e+04	   1.6280730e-07	
   1.1880014e+04	   1.5558890e-07	
   1.1890042e+04	   1.4960070e-07	
   1.1900041e+04	   1.4374780e-07	
   1.1910010e+04	   1.3829460e-07	
   1.1920038e+04	   1.3293560e-07	
   1.1930008e+04	   1.2856490e-07	
   1.1940036e+04	   1.2356250e-07	
   1.1950006e+04	   1.1967110e-07	
   1.1960033e+04	   1.1577710e-07	
   1.1970033e+04	   1.1214060e-07	
   1.1980002e+04	   1.0861270e-07	
   1.1990030e+04	   1.0511830e-07	
   1.2000030e+04	   1.0170970e-07	
