   9.0000296e+03	   1.5549530e-04	
   9.0099993e+03	   1.5548350e-04	
   9.0200272e+03	   1.5547730e-04	
   9.0299969e+03	   1.5545210e-04	
   9.0400248e+03	   1.5544600e-04	
   9.0500231e+03	   1.5543740e-04	
   9.0600224e+03	   1.5541940e-04	
   9.0699921e+03	   1.5541490e-04	
   9.0799904e+03	   1.5540590e-04	
   9.0900478e+03	   1.5541410e-04	
   9.0999880e+03	   1.5539170e-04	
   9.1100159e+03	   1.5538820e-04	
   9.1200151e+03	   1.5538310e-04	
   9.1300430e+03	   1.5537100e-04	
   9.1400127e+03	   1.5535390e-04	
   9.1500406e+03	   1.5533390e-04	
   9.1600399e+03	   1.5535470e-04	
   9.1700096e+03	   1.5533830e-04	
   9.1800375e+03	   1.5533640e-04	
   9.1900072e+03	   1.5529900e-04	
   9.2000351e+03	   1.5531490e-04	
   9.2100334e+03	   1.5529480e-04	
   9.2200031e+03	   1.5532330e-04	
   9.2300310e+03	   1.5529610e-04	
   9.2400007e+03	   1.5529630e-04	
   9.2500296e+03	   1.5525800e-04	
   9.2600279e+03	   1.5527690e-04	
   9.2699976e+03	   1.5533240e-04	
   9.2799969e+03	   1.5532770e-04	
   9.2900248e+03	   1.5515810e-04	
   9.3000231e+03	   1.5519770e-04	
   9.3099928e+03	   1.5524260e-04	
   9.3200207e+03	   1.5517040e-04	
   9.3300200e+03	   1.5517280e-04	
   9.3399897e+03	   1.5516070e-04	
   9.3500175e+03	   1.5516960e-04	
   9.3600159e+03	   1.5503670e-04	
   9.3699856e+03	   1.5519100e-04	
   9.3800430e+03	   1.5512660e-04	
   9.3900127e+03	   1.5508570e-04	
   9.4000406e+03	   1.5509030e-04	
   9.4100399e+03	   1.5513790e-04	
   9.4200096e+03	   1.5507780e-04	
   9.4300375e+03	   1.5504500e-04	
   9.4400072e+03	   1.5506730e-04	
   9.4500351e+03	   1.5503590e-04	
   9.4600048e+03	   1.5505660e-04	
   9.4700327e+03	   1.5497870e-04	
   9.4800310e+03	   1.5502500e-04	
   9.4900007e+03	   1.5504480e-04	
   9.5000296e+03	   1.5491580e-04	
   9.5099993e+03	   1.5498540e-04	
   9.5200272e+03	   1.5479620e-04	
   9.5299969e+03	   1.5484840e-04	
   9.5400248e+03	   1.5476900e-04	
   9.5499945e+03	   1.5474020e-04	
   9.5600224e+03	   1.5471970e-04	
   9.5699921e+03	   1.5470560e-04	
   9.5800200e+03	   1.5469490e-04	
   9.5900183e+03	   1.5465930e-04	
   9.5999880e+03	   1.5459460e-04	
   9.6100159e+03	   1.5458420e-04	
   9.6200151e+03	   1.5454780e-04	
   9.6300144e+03	   1.5445970e-04	
   9.6400423e+03	   1.5437240e-04	
   9.6500120e+03	   1.5428560e-04	
   9.6600103e+03	   1.5426970e-04	
   9.6700382e+03	   1.5416750e-04	
   9.6800079e+03	   1.5413450e-04	
   9.6900358e+03	   1.5409120e-04	
   9.7000055e+03	   1.5406930e-04	
   9.7100334e+03	   1.5393060e-04	
   9.7200031e+03	   1.5384950e-04	
   9.7300024e+03	   1.5373560e-04	
   9.7400303e+03	   1.5369960e-04	
   9.7500000e+03	   1.5362160e-04	
   9.7600279e+03	   1.5351840e-04	
   9.7700272e+03	   1.5341700e-04	
   9.7799969e+03	   1.5330050e-04	
   9.7899952e+03	   1.5316390e-04	
   9.8000231e+03	   1.5311390e-04	
   9.8100224e+03	   1.5298330e-04	
   9.8200207e+03	   1.5286860e-04	
   9.8299904e+03	   1.5269080e-04	
   9.8400183e+03	   1.5256590e-04	
   9.8499880e+03	   1.5242480e-04	
   9.8600159e+03	   1.5229020e-04	
   9.8699856e+03	   1.5215100e-04	
   9.8800430e+03	   1.5197360e-04	
   9.8900423e+03	   1.5176270e-04	
   9.9000120e+03	   1.5156770e-04	
   9.9100399e+03	   1.5136850e-04	
   9.9200382e+03	   1.5120080e-04	
   9.9300079e+03	   1.5098100e-04	
   9.9400358e+03	   1.5073240e-04	
   9.9500055e+03	   1.5050910e-04	
   9.9600334e+03	   1.5028320e-04	
   9.9700031e+03	   1.5001320e-04	
   9.9800310e+03	   1.4978390e-04	
   9.9900007e+03	   1.4948460e-04	
   1.0000000e+04	   1.4921150e-04	
   1.0010028e+04	   1.4892150e-04	
   1.0019998e+04	   1.4862070e-04	
   1.0030025e+04	   1.4831440e-04	
   1.0039995e+04	   1.4797790e-04	
   1.0050023e+04	   1.4763280e-04	
   1.0059993e+04	   1.4726420e-04	
   1.0070021e+04	   1.4692390e-04	
   1.0079990e+04	   1.4654600e-04	
   1.0090018e+04	   1.4619380e-04	
   1.0099988e+04	   1.4580560e-04	
   1.0110016e+04	   1.4538770e-04	
   1.0120015e+04	   1.4501960e-04	
   1.0130014e+04	   1.4458640e-04	
   1.0140042e+04	   1.4417290e-04	
   1.0150012e+04	   1.4372970e-04	
   1.0160040e+04	   1.4330160e-04	
   1.0170010e+04	   1.4285440e-04	
   1.0180037e+04	   1.4236780e-04	
   1.0190036e+04	   1.4188660e-04	
   1.0200006e+04	   1.4135180e-04	
   1.0210033e+04	   1.4083610e-04	
   1.0220003e+04	   1.4029850e-04	
   1.0230031e+04	   1.3976150e-04	
   1.0240030e+04	   1.3917770e-04	
   1.0250000e+04	   1.3861810e-04	
   1.0260028e+04	   1.3805220e-04	
   1.0269998e+04	   1.3744390e-04	
   1.0280025e+04	   1.3684790e-04	
   1.0289995e+04	   1.3622880e-04	
   1.0300023e+04	   1.3559770e-04	
   1.0309993e+04	   1.3492130e-04	
   1.0320021e+04	   1.3427260e-04	
   1.0330020e+04	   1.3361270e-04	
   1.0340018e+04	   1.3296060e-04	
   1.0349988e+04	   1.3225400e-04	
   1.0360016e+04	   1.3150860e-04	
   1.0369986e+04	   1.3076090e-04	
   1.0380043e+04	   1.3002560e-04	
   1.0390013e+04	   1.2925670e-04	
   1.0400041e+04	   1.2848340e-04	
   1.0410040e+04	   1.2768920e-04	
   1.0420010e+04	   1.2687690e-04	
   1.0430037e+04	   1.2599210e-04	
   1.0440007e+04	   1.2512770e-04	
   1.0450035e+04	   1.2421670e-04	
   1.0460005e+04	   1.2328530e-04	
   1.0470033e+04	   1.2236750e-04	
   1.0480031e+04	   1.2144020e-04	
   1.0490001e+04	   1.2046820e-04	
   1.0500030e+04	   1.1950300e-04	
   1.0509999e+04	   1.1851100e-04	
   1.0520027e+04	   1.1746850e-04	
   1.0529997e+04	   1.1645600e-04	
   1.0540025e+04	   1.1538150e-04	
   1.0549994e+04	   1.1431730e-04	
   1.0560022e+04	   1.1324610e-04	
   1.0569992e+04	   1.1216660e-04	
   1.0580020e+04	   1.1107230e-04	
   1.0589990e+04	   1.0994180e-04	
   1.0600018e+04	   1.0880930e-04	
   1.0609987e+04	   1.0767800e-04	
   1.0620015e+04	   1.0648840e-04	
   1.0630014e+04	   1.0531060e-04	
   1.0640042e+04	   1.0408660e-04	
   1.0650012e+04	   1.0285770e-04	
   1.0660040e+04	   1.0160340e-04	
   1.0670038e+04	   1.0028670e-04	
   1.0680008e+04	   9.9002870e-05	
   1.0690036e+04	   9.7698210e-05	
   1.0700006e+04	   9.6366650e-05	
   1.0710033e+04	   9.4990980e-05	
   1.0720003e+04	   9.3653420e-05	
   1.0730031e+04	   9.2292580e-05	
   1.0740030e+04	   9.0932050e-05	
   1.0750000e+04	   8.9558190e-05	
   1.0760028e+04	   8.8164280e-05	
   1.0769998e+04	   8.6769170e-05	
   1.0780025e+04	   8.5328890e-05	
   1.0789995e+04	   8.3895050e-05	
   1.0800023e+04	   8.2478450e-05	
   1.0809993e+04	   8.1016720e-05	
   1.0820021e+04	   7.9507150e-05	
   1.0830020e+04	   7.8017330e-05	
   1.0839990e+04	   7.6581640e-05	
   1.0850018e+04	   7.5072160e-05	
   1.0859987e+04	   7.3485020e-05	
   1.0870015e+04	   7.1956280e-05	
   1.0880014e+04	   7.0476940e-05	
   1.0890013e+04	   6.8948760e-05	
   1.0900041e+04	   6.7383540e-05	
   1.0910010e+04	   6.5794890e-05	
   1.0920038e+04	   6.4169950e-05	
   1.0930008e+04	   6.2592490e-05	
   1.0940036e+04	   6.1012730e-05	
   1.0950035e+04	   5.9357110e-05	
   1.0960033e+04	   5.7638490e-05	
   1.0970003e+04	   5.6015970e-05	
   1.0980031e+04	   5.4437940e-05	
   1.0990001e+04	   5.2927560e-05	
   1.1000030e+04	   5.1380920e-05	
   1.1009999e+04	   4.9794060e-05	
   1.1019998e+04	   4.8125780e-05	
   1.1030025e+04	   4.6396130e-05	
   1.1039995e+04	   4.4767330e-05	
   1.1050023e+04	   4.3163340e-05	
   1.1059993e+04	   4.1645280e-05	
   1.1069992e+04	   4.0216730e-05	
   1.1080020e+04	   3.8735910e-05	
   1.1089990e+04	   3.7199600e-05	
   1.1099988e+04	   3.5533150e-05	
   1.1110016e+04	   3.3838340e-05	
   1.1119986e+04	   3.2115200e-05	
   1.1130043e+04	   3.0359810e-05	
   1.1140013e+04	   2.8663900e-05	
   1.1150041e+04	   2.6979570e-05	
   1.1160010e+04	   2.5436930e-05	
   1.1170038e+04	   2.4060010e-05	
   1.1180037e+04	   2.2872790e-05	
   1.1190007e+04	   2.1860230e-05	
   1.1200035e+04	   2.0975340e-05	
   1.1210033e+04	   2.0172890e-05	
   1.1220003e+04	   1.9434550e-05	
   1.1230002e+04	   1.8755460e-05	
   1.1240030e+04	   1.8150150e-05	
   1.1250030e+04	   1.7639550e-05	
   1.1259999e+04	   1.7223340e-05	
   1.1270027e+04	   1.6884390e-05	
   1.1279997e+04	   1.6590130e-05	
   1.1290025e+04	   1.6318400e-05	
   1.1299994e+04	   1.6032790e-05	
   1.1310022e+04	   1.5709970e-05	
   1.1320021e+04	   1.5326910e-05	
   1.1329990e+04	   1.4890810e-05	
   1.1340018e+04	   1.4388660e-05	
   1.1349988e+04	   1.3869650e-05	
   1.1360016e+04	   1.3311910e-05	
   1.1369986e+04	   1.2729790e-05	
   1.1380043e+04	   1.2137840e-05	
   1.1390013e+04	   1.1559550e-05	
   1.1400041e+04	   1.0992050e-05	
   1.1410040e+04	   1.0437800e-05	
   1.1420010e+04	   9.9074250e-06	
   1.1430037e+04	   9.3783570e-06	
   1.1440007e+04	   8.8988860e-06	
   1.1450035e+04	   8.4371750e-06	
   1.1460005e+04	   7.9867560e-06	
   1.1470033e+04	   7.5608270e-06	
   1.1480031e+04	   7.1650770e-06	
   1.1490030e+04	   6.7810490e-06	
   1.1500000e+04	   6.4266840e-06	
   1.1510028e+04	   6.0921750e-06	
   1.1520027e+04	   5.7716120e-06	
   1.1529997e+04	   5.4735260e-06	
   1.1540025e+04	   5.1913360e-06	
   1.1549994e+04	   4.9204990e-06	
   1.1560022e+04	   4.6640360e-06	
   1.1570021e+04	   4.4200480e-06	
   1.1579990e+04	   4.1849210e-06	
   1.1590018e+04	   3.9652820e-06	
   1.1599988e+04	   3.7562810e-06	
   1.1610016e+04	   3.5546690e-06	
   1.1620015e+04	   3.3669570e-06	
   1.1630014e+04	   3.1919360e-06	
   1.1640042e+04	   3.0208630e-06	
   1.1650041e+04	   2.8626160e-06	
   1.1660010e+04	   2.7154930e-06	
   1.1670038e+04	   2.5673940e-06	
   1.1680008e+04	   2.4323200e-06	
   1.1690036e+04	   2.3070980e-06	
   1.1700035e+04	   2.1866350e-06	
   1.1710005e+04	   2.0718160e-06	
   1.1720003e+04	   1.9670270e-06	
   1.1730031e+04	   1.8654430e-06	
   1.1740001e+04	   1.7709210e-06	
   1.1750030e+04	   1.6798800e-06	
   1.1760028e+04	   1.5924420e-06	
   1.1769998e+04	   1.5126400e-06	
   1.1780025e+04	   1.4357570e-06	
   1.1790025e+04	   1.3631110e-06	
   1.1799994e+04	   1.2953430e-06	
   1.1809993e+04	   1.2310850e-06	
   1.1820021e+04	   1.1679790e-06	
   1.1829990e+04	   1.1091310e-06	
   1.1840018e+04	   1.0514820e-06	
   1.1849988e+04	   9.9864040e-07	
   1.1860016e+04	   9.5034720e-07	
   1.1870015e+04	   9.0597890e-07	
   1.1880014e+04	   8.6137810e-07	
   1.1890042e+04	   8.2084310e-07	
   1.1900041e+04	   7.8287300e-07	
   1.1910010e+04	   7.4626400e-07	
   1.1920010e+04	   7.1304220e-07	
   1.1930037e+04	   6.8105330e-07	
   1.1940007e+04	   6.5079920e-07	
   1.1950035e+04	   6.2223060e-07	
   1.1960005e+04	   5.9580000e-07	
   1.1970033e+04	   5.7049760e-07	
   1.1980002e+04	   5.4694870e-07	
   1.1990030e+04	   5.2507410e-07	
   1.2000000e+04	   5.0479550e-07	
