   6.0000291e+03	   2.7225640e-04	
   6.1000466e+03	   2.7229710e-04	
   6.2000642e+03	   2.7235430e-04	
   6.3000526e+03	   2.7242990e-04	
   6.4000702e+03	   2.7247600e-04	
   6.5000582e+03	   2.7254070e-04	
   6.6000466e+03	   2.7258900e-04	
   6.7000933e+03	   2.7263410e-04	
   6.8000526e+03	   2.7269020e-04	
   6.9000702e+03	   2.7272660e-04	
   7.0000582e+03	   2.7273560e-04	
   7.1000466e+03	   2.7271510e-04	
   7.2000642e+03	   2.7260970e-04	
   7.3000526e+03	   2.7237580e-04	
   7.4000993e+03	   2.7197140e-04	
   7.5000582e+03	   2.7134970e-04	
   7.6000466e+03	   2.7034810e-04	
   7.7000933e+03	   2.6881550e-04	
   7.8000817e+03	   2.6665750e-04	
   7.9000993e+03	   2.6368690e-04	
   8.0000877e+03	   2.5995360e-04	
   8.1000757e+03	   2.5550060e-04	
   8.2000933e+03	   2.4994180e-04	
   8.3000813e+03	   2.4337120e-04	
   8.4000702e+03	   2.3572730e-04	
   8.5000582e+03	   2.2669630e-04	
   8.6000471e+03	   2.1654140e-04	
   8.7000933e+03	   2.0521630e-04	
   8.8000231e+03	   1.9295360e-04	
   8.9000702e+03	   1.7987210e-04	
   9.0000877e+03	   1.6604220e-04	
   9.1000471e+03	   1.5152990e-04	
   9.2000933e+03	   1.3702900e-04	
   9.3000526e+03	   1.2284530e-04	
   9.4000702e+03	   1.0866080e-04	
   9.5000582e+03	   9.5414500e-05	
   9.6000471e+03	   8.2489350e-05	
   9.7000637e+03	   7.0787460e-05	
   9.8000526e+03	   6.0339130e-05	
   9.9000702e+03	   5.0091010e-05	
   1.0000058e+04	   4.1120970e-05	
   1.0100047e+04	   3.3004660e-05	
   1.0200064e+04	   2.5848170e-05	
   1.0300023e+04	   1.9738020e-05	
   1.0400070e+04	   1.4660890e-05	
   1.0500058e+04	   1.0582130e-05	
   1.0600018e+04	   7.4081300e-06	
   1.0700064e+04	   4.9362120e-06	
   1.0800053e+04	   3.1061500e-06	
   1.0900041e+04	   1.7413560e-06	
   1.1000058e+04	   8.2900330e-07	
   1.1100018e+04	   3.1651650e-07	
   1.1200035e+04	   1.7744970e-07	
   1.1300023e+04	   1.0758320e-07	
   1.1400070e+04	   5.9828260e-08	
   1.1500058e+04	   3.8638140e-08	
   1.1600047e+04	   2.7559130e-08	
   1.1700064e+04	   2.2584880e-08	
   1.1800053e+04	   2.0152830e-08	
   1.1900041e+04	   1.8480380e-08	
   1.2000058e+04	   1.7039100e-08	
