   6.0000000e+03	   2.7329470e-04	
   6.1000466e+03	   2.7337270e-04	
   6.2000642e+03	   2.7343740e-04	
   6.3000526e+03	   2.7351260e-04	
   6.4000702e+03	   2.7357900e-04	
   6.5000873e+03	   2.7363840e-04	
   6.6000466e+03	   2.7362890e-04	
   6.7000642e+03	   2.7354410e-04	
   6.8000526e+03	   2.7333760e-04	
   6.9000702e+03	   2.7300750e-04	
   7.0000582e+03	   2.7245750e-04	
   7.1000466e+03	   2.7162440e-04	
   7.2000642e+03	   2.7047360e-04	
   7.3000526e+03	   2.6887560e-04	
   7.4000993e+03	   2.6688210e-04	
   7.5000582e+03	   2.6435080e-04	
   7.6000466e+03	   2.6128430e-04	
   7.7000933e+03	   2.5767900e-04	
   7.8000526e+03	   2.5326820e-04	
   7.9000702e+03	   2.4804930e-04	
   8.0000582e+03	   2.4206430e-04	
   8.1000471e+03	   2.3556260e-04	
   8.2000637e+03	   2.2814860e-04	
   8.3000526e+03	   2.2007920e-04	
   8.4000988e+03	   2.1100310e-04	
   8.5000582e+03	   2.0145660e-04	
   8.6000175e+03	   1.9142750e-04	
   8.7000933e+03	   1.8071690e-04	
   8.8000813e+03	   1.6944070e-04	
   8.9000702e+03	   1.5792920e-04	
   9.0000582e+03	   1.4574250e-04	
   9.1000471e+03	   1.3372600e-04	
   9.2000933e+03	   1.2194150e-04	
   9.3000813e+03	   1.1059120e-04	
   9.4000702e+03	   9.9454950e-05	
   9.5000582e+03	   8.8996640e-05	
   9.6000471e+03	   7.9044740e-05	
   9.7000637e+03	   6.9635780e-05	
   9.8000526e+03	   6.0700890e-05	
   9.9000702e+03	   5.2281340e-05	
   1.0000058e+04	   4.4519810e-05	
   1.0100047e+04	   3.7367880e-05	
   1.0200064e+04	   3.0950290e-05	
   1.0300053e+04	   2.5245150e-05	
   1.0400070e+04	   2.0210530e-05	
   1.0500030e+04	   1.5831510e-05	
   1.0600018e+04	   1.2135490e-05	
   1.0700064e+04	   9.0077770e-06	
   1.0800053e+04	   6.4983850e-06	
   1.0900070e+04	   4.5088330e-06	
   1.1000058e+04	   2.9458160e-06	
   1.1100018e+04	   1.7953790e-06	
   1.1200064e+04	   9.2764210e-07	
   1.1300023e+04	   5.0969690e-07	
   1.1400070e+04	   3.4810760e-07	
   1.1500030e+04	   1.8012330e-07	
   1.1600018e+04	   8.4948440e-08	
   1.1700064e+04	   4.6601130e-08	
   1.1800053e+04	   3.1485900e-08	
   1.1900070e+04	   2.5085090e-08	
   1.2000058e+04	   2.2188900e-08	
