   8.0000000e+03	   3.1838580e-04	
   8.0099993e+03	   2.7891730e-04	
   8.0200272e+03	   2.7913120e-04	
   8.0300255e+03	   2.7936890e-04	
   8.0399952e+03	   2.7958000e-04	
   8.0500231e+03	   2.7978640e-04	
   8.0600224e+03	   2.8001470e-04	
   8.0699921e+03	   2.8021370e-04	
   8.0800200e+03	   2.8041370e-04	
   8.0900183e+03	   2.8060300e-04	
   8.0999880e+03	   2.8079250e-04	
   8.1100159e+03	   2.8097570e-04	
   8.1199856e+03	   2.8115610e-04	
   8.1300430e+03	   2.8131130e-04	
   8.1400127e+03	   2.8148100e-04	
   8.1500406e+03	   2.8162220e-04	
   8.1600399e+03	   2.8176040e-04	
   8.1700382e+03	   2.8188390e-04	
   8.1800375e+03	   2.8200610e-04	
   8.1900072e+03	   2.8212440e-04	
   8.2000637e+03	   2.8223550e-04	
   8.2100048e+03	   2.8233760e-04	
   8.2200327e+03	   2.8242070e-04	
   8.2300024e+03	   2.8250690e-04	
   8.2400303e+03	   2.8257350e-04	
   8.2500000e+03	   2.8265590e-04	
   8.2600279e+03	   2.8273260e-04	
   8.2700272e+03	   2.8279820e-04	
   8.2799969e+03	   2.8284470e-04	
   8.2900248e+03	   2.8289900e-04	
   8.3000231e+03	   2.8293790e-04	
   8.3100224e+03	   2.8296110e-04	
   8.3200207e+03	   2.8297950e-04	
   8.3300200e+03	   2.8299900e-04	
   8.3400183e+03	   2.8300740e-04	
   8.3500175e+03	   2.8302920e-04	
   8.3600159e+03	   2.8304840e-04	
   8.3700151e+03	   2.8306450e-04	
   8.3800144e+03	   2.8309100e-04	
   8.3900423e+03	   2.8312400e-04	
   8.4000406e+03	   2.8313890e-04	
   8.4100399e+03	   2.8316050e-04	
   8.4200382e+03	   2.8314930e-04	
   8.4300375e+03	   2.8311850e-04	
   8.4400358e+03	   2.8302540e-04	
   8.4500351e+03	   2.8289550e-04	
   8.4600334e+03	   2.8272760e-04	
   8.4700327e+03	   2.8253280e-04	
   8.4800310e+03	   2.8231040e-04	
   8.4900303e+03	   2.8208780e-04	
   8.5000296e+03	   2.8187850e-04	
   8.5100279e+03	   2.8166940e-04	
   8.5200272e+03	   2.8149650e-04	
   8.5299969e+03	   2.8129560e-04	
   8.5400248e+03	   2.8111260e-04	
   8.5500231e+03	   2.8093670e-04	
   8.5599928e+03	   2.8075020e-04	
   8.5700207e+03	   2.8055520e-04	
   8.5800200e+03	   2.8037980e-04	
   8.5900183e+03	   2.8016530e-04	
   8.5999880e+03	   2.7997220e-04	
   8.6100159e+03	   2.7975430e-04	
   8.6200151e+03	   2.7952250e-04	
   8.6300144e+03	   2.7930480e-04	
   8.6400423e+03	   2.7906270e-04	
   8.6500120e+03	   2.7883840e-04	
   8.6600399e+03	   2.7858420e-04	
   8.6700382e+03	   2.7830170e-04	
   8.6800375e+03	   2.7802360e-04	
   8.6900358e+03	   2.7770360e-04	
   8.7000351e+03	   2.7737920e-04	
   8.7100334e+03	   2.7702330e-04	
   8.7200031e+03	   2.7666700e-04	
   8.7300310e+03	   2.7628530e-04	
   8.7400303e+03	   2.7590220e-04	
   8.7500000e+03	   2.7554310e-04	
   8.7600574e+03	   2.7517100e-04	
   8.7700272e+03	   2.7481200e-04	
   8.7799969e+03	   2.7444980e-04	
   8.7900248e+03	   2.7403030e-04	
   8.7999945e+03	   2.7359210e-04	
   8.8100224e+03	   2.7313580e-04	
   8.8200207e+03	   2.7264050e-04	
   8.8300200e+03	   2.7199080e-04	
   8.8399897e+03	   2.7126200e-04	
   8.8500175e+03	   2.7049740e-04	
   8.8600159e+03	   2.6959340e-04	
   8.8699856e+03	   2.6848510e-04	
   8.8800430e+03	   2.6724360e-04	
   8.8900423e+03	   2.6582530e-04	
   8.9000406e+03	   2.6402350e-04	
   8.9100399e+03	   2.6177510e-04	
   8.9200382e+03	   2.5892440e-04	
   8.9300375e+03	   2.5538740e-04	
   8.9400072e+03	   2.5121890e-04	
   8.9500351e+03	   2.4624020e-04	
   8.9600048e+03	   2.4049640e-04	
   8.9700327e+03	   2.3367890e-04	
   8.9800310e+03	   2.2563520e-04	
   8.9900303e+03	   2.1652320e-04	
   9.0000296e+03	   2.0643220e-04	
   9.0099993e+03	   1.9527070e-04	
   9.0200558e+03	   1.8331230e-04	
   9.0299969e+03	   1.7069650e-04	
   9.0400248e+03	   1.5752570e-04	
   9.0500231e+03	   1.4424170e-04	
   9.0600224e+03	   1.3033540e-04	
   9.0700207e+03	   1.1645330e-04	
   9.0799904e+03	   1.0330520e-04	
   9.0900183e+03	   9.0449050e-05	
   9.0999880e+03	   7.8622860e-05	
   9.1100159e+03	   6.7610930e-05	
   9.1200151e+03	   5.7509270e-05	
   9.1300144e+03	   4.8451090e-05	
   9.1400423e+03	   4.0360720e-05	
   9.1500406e+03	   3.3193490e-05	
   9.1600103e+03	   2.6984680e-05	
   9.1700382e+03	   2.1843660e-05	
   9.1800375e+03	   1.7616110e-05	
   9.1900072e+03	   1.4189500e-05	
   9.2000351e+03	   1.1341680e-05	
   9.2100334e+03	   9.1394800e-06	
   9.2200031e+03	   7.4267590e-06	
   9.2300310e+03	   6.0954770e-06	
   9.2400303e+03	   5.0346010e-06	
   9.2500296e+03	   4.2119200e-06	
   9.2600279e+03	   3.6481720e-06	
   9.2700272e+03	   3.2770950e-06	
   9.2800255e+03	   3.0292520e-06	
   9.2900248e+03	   2.8494880e-06	
   9.3000231e+03	   2.6979240e-06	
   9.3100224e+03	   2.6467610e-06	
   9.3199921e+03	   2.6236710e-06	
   9.3300200e+03	   2.5972320e-06	
   9.3400183e+03	   2.5858630e-06	
   9.3500175e+03	   2.5795640e-06	
   9.3600159e+03	   2.5764120e-06	
   9.3700151e+03	   2.5526700e-06	
   9.3800430e+03	   2.5573800e-06	
   9.3900127e+03	   2.5381180e-06	
   9.4000406e+03	   2.5339710e-06	
   9.4100399e+03	   2.4970120e-06	
   9.4200096e+03	   2.4833810e-06	
   9.4300375e+03	   2.4280030e-06	
   9.4400072e+03	   2.3838280e-06	
   9.4500351e+03	   2.3202080e-06	
   9.4600048e+03	   2.2471710e-06	
   9.4700327e+03	   2.1738780e-06	
   9.4800310e+03	   2.0964890e-06	
   9.4900007e+03	   2.0221880e-06	
   9.5000296e+03	   1.9594220e-06	
   9.5099993e+03	   1.8874100e-06	
   9.5200272e+03	   1.8246180e-06	
   9.5299969e+03	   1.7671660e-06	
   9.5400248e+03	   1.7115610e-06	
   9.5500231e+03	   1.6632200e-06	
   9.5599928e+03	   1.6183160e-06	
   9.5700207e+03	   1.5807670e-06	
   9.5799904e+03	   1.5549200e-06	
   9.5900183e+03	   1.5285270e-06	
   9.5999880e+03	   1.5185580e-06	
   9.6100159e+03	   1.5128940e-06	
   9.6199856e+03	   1.5154400e-06	
   9.6300430e+03	   1.5183250e-06	
   9.6400423e+03	   1.5257730e-06	
   9.6500120e+03	   1.5326480e-06	
   9.6600399e+03	   1.5417210e-06	
   9.6700382e+03	   1.5468090e-06	
   9.6800079e+03	   1.5527190e-06	
   9.6900358e+03	   1.5590380e-06	
   9.7000055e+03	   1.5621080e-06	
   9.7100334e+03	   1.5669710e-06	
   9.7200031e+03	   1.5750940e-06	
   9.7300310e+03	   1.5846480e-06	
   9.7400303e+03	   1.5929140e-06	
   9.7500000e+03	   1.6021230e-06	
   9.7600279e+03	   1.6065820e-06	
   9.7699976e+03	   1.6088970e-06	
   9.7800255e+03	   1.6127160e-06	
   9.7899952e+03	   1.6169560e-06	
   9.8000231e+03	   1.6187140e-06	
   9.8100224e+03	   1.6210460e-06	
   9.8200207e+03	   1.6175430e-06	
   9.8300200e+03	   1.6141010e-06	
   9.8400183e+03	   1.6122570e-06	
   9.8499880e+03	   1.6085630e-06	
   9.8600159e+03	   1.6001250e-06	
   9.8699856e+03	   1.5893040e-06	
   9.8800430e+03	   1.5774350e-06	
   9.8900423e+03	   1.5608800e-06	
   9.9000120e+03	   1.5439880e-06	
   9.9100399e+03	   1.5216640e-06	
   9.9200096e+03	   1.4954730e-06	
   9.9300375e+03	   1.4614980e-06	
   9.9400072e+03	   1.4275930e-06	
   9.9500351e+03	   1.3917250e-06	
   9.9600334e+03	   1.3558160e-06	
   9.9700031e+03	   1.3192550e-06	
   9.9800310e+03	   1.2799090e-06	
   9.9900303e+03	   1.2423830e-06	
   1.0000000e+04	   1.2067800e-06	
   1.0010028e+04	   1.1712690e-06	
   1.0020027e+04	   1.1396890e-06	
   1.0030025e+04	   1.1111090e-06	
   1.0039995e+04	   1.0846980e-06	
   1.0050023e+04	   1.0659350e-06	
   1.0059993e+04	   1.0531110e-06	
   1.0070021e+04	   1.0451330e-06	
   1.0080020e+04	   1.0421450e-06	
   1.0090018e+04	   1.0380780e-06	
   1.0100018e+04	   1.0320110e-06	
   1.0109987e+04	   1.0233410e-06	
   1.0120045e+04	   1.0150900e-06	
   1.0130014e+04	   1.0095890e-06	
   1.0140042e+04	   1.0052250e-06	
   1.0150041e+04	   9.9750550e-07	
   1.0160010e+04	   9.8526430e-07	
   1.0170038e+04	   9.6885780e-07	
   1.0180008e+04	   9.4992510e-07	
   1.0190036e+04	   9.3252920e-07	
   1.0200006e+04	   9.1957020e-07	
   1.0210033e+04	   9.1081630e-07	
   1.0220003e+04	   9.0496000e-07	
   1.0230031e+04	   8.9793580e-07	
   1.0240001e+04	   8.9274820e-07	
   1.0250030e+04	   8.8716800e-07	
   1.0259999e+04	   8.8127500e-07	
   1.0270027e+04	   8.7424750e-07	
   1.0279997e+04	   8.6517330e-07	
   1.0290025e+04	   8.5445140e-07	
   1.0300023e+04	   8.4591940e-07	
   1.0309993e+04	   8.4066060e-07	
   1.0320021e+04	   8.3620650e-07	
   1.0330020e+04	   8.3126050e-07	
   1.0339990e+04	   8.2624440e-07	
   1.0350018e+04	   8.1996960e-07	
   1.0360016e+04	   8.1426360e-07	
   1.0369986e+04	   8.1244400e-07	
   1.0380043e+04	   8.1359060e-07	
   1.0390013e+04	   8.1904250e-07	
   1.0400041e+04	   8.3037410e-07	
   1.0410040e+04	   8.4545100e-07	
   1.0420010e+04	   8.6389950e-07	
   1.0430037e+04	   8.8156010e-07	
   1.0440007e+04	   8.9750870e-07	
   1.0450035e+04	   9.1176090e-07	
   1.0460005e+04	   9.2444970e-07	
   1.0470033e+04	   9.3597990e-07	
   1.0480031e+04	   9.4631220e-07	
   1.0490001e+04	   9.5378390e-07	
   1.0500030e+04	   9.5767640e-07	
   1.0509999e+04	   9.5954450e-07	
   1.0520027e+04	   9.6108180e-07	
   1.0529997e+04	   9.6310810e-07	
   1.0540025e+04	   9.6867760e-07	
   1.0549994e+04	   9.7951240e-07	
   1.0560022e+04	   9.9327520e-07	
   1.0569992e+04	   1.0150770e-06	
   1.0580020e+04	   1.0447730e-06	
   1.0589990e+04	   1.0810950e-06	
   1.0600018e+04	   1.1269470e-06	
   1.0610016e+04	   1.1793380e-06	
   1.0619986e+04	   1.2334270e-06	
   1.0630014e+04	   1.2789550e-06	
   1.0640042e+04	   1.3136620e-06	
   1.0650012e+04	   1.3249060e-06	
   1.0660040e+04	   1.3192690e-06	
   1.0670038e+04	   1.2925220e-06	
   1.0680008e+04	   1.2383090e-06	
   1.0690036e+04	   1.1626560e-06	
   1.0700006e+04	   1.0675830e-06	
   1.0710033e+04	   9.6938730e-07	
   1.0720003e+04	   8.7205890e-07	
   1.0730031e+04	   7.7173960e-07	
   1.0740030e+04	   6.8264220e-07	
   1.0750000e+04	   6.1020780e-07	
   1.0760028e+04	   5.5732430e-07	
   1.0769998e+04	   5.2419630e-07	
   1.0780025e+04	   5.0464970e-07	
   1.0789995e+04	   4.9185960e-07	
   1.0800023e+04	   4.8172350e-07	
   1.0809993e+04	   4.7249720e-07	
   1.0819992e+04	   4.6411030e-07	
   1.0830020e+04	   4.5653830e-07	
   1.0839990e+04	   4.5201480e-07	
   1.0850018e+04	   4.4744640e-07	
   1.0859987e+04	   4.3859010e-07	
   1.0870015e+04	   4.2378510e-07	
   1.0880014e+04	   4.0351810e-07	
   1.0890042e+04	   3.8431240e-07	
   1.0900012e+04	   3.6792290e-07	
   1.0910040e+04	   3.5391930e-07	
   1.0920010e+04	   3.4173840e-07	
   1.0930037e+04	   3.3010640e-07	
   1.0940007e+04	   3.1823520e-07	
   1.0950035e+04	   3.0560010e-07	
   1.0960005e+04	   2.9188890e-07	
   1.0970033e+04	   2.7558030e-07	
   1.0980002e+04	   2.5915750e-07	
   1.0990001e+04	   2.4593880e-07	
   1.1000030e+04	   2.3806220e-07	
