   8.0000000e+03	   3.0310570e-04	
   8.0100279e+03	   2.6267270e-04	
   8.0200272e+03	   2.6266070e-04	
   8.0300255e+03	   2.6264210e-04	
   8.0400248e+03	   2.6260300e-04	
   8.0500231e+03	   2.6257320e-04	
   8.0600224e+03	   2.6252440e-04	
   8.0699921e+03	   2.6248260e-04	
   8.0800486e+03	   2.6242370e-04	
   8.0899897e+03	   2.6239000e-04	
   8.1000175e+03	   2.6236990e-04	
   8.1100159e+03	   2.6236170e-04	
   8.1200151e+03	   2.6236650e-04	
   8.1300430e+03	   2.6238820e-04	
   8.1400423e+03	   2.6241520e-04	
   8.1500406e+03	   2.6242880e-04	
   8.1600399e+03	   2.6244530e-04	
   8.1700382e+03	   2.6245160e-04	
   8.1800375e+03	   2.6242780e-04	
   8.1900072e+03	   2.6239800e-04	
   8.2000637e+03	   2.6234710e-04	
   8.2100048e+03	   2.6229560e-04	
   8.2200327e+03	   2.6222890e-04	
   8.2300310e+03	   2.6216640e-04	
   8.2400303e+03	   2.6211650e-04	
   8.2500296e+03	   2.6207870e-04	
   8.2599993e+03	   2.6203660e-04	
   8.2700272e+03	   2.6200440e-04	
   8.2800255e+03	   2.6199620e-04	
   8.2900248e+03	   2.6197880e-04	
   8.3000231e+03	   2.6196550e-04	
   8.3100224e+03	   2.6196310e-04	
   8.3200207e+03	   2.6195680e-04	
   8.3300200e+03	   2.6195830e-04	
   8.3400183e+03	   2.6195470e-04	
   8.3500175e+03	   2.6195960e-04	
   8.3600159e+03	   2.6195890e-04	
   8.3700151e+03	   2.6195250e-04	
   8.3800430e+03	   2.6194190e-04	
   8.3900423e+03	   2.6193780e-04	
   8.4000406e+03	   2.6192190e-04	
   8.4100399e+03	   2.6190540e-04	
   8.4200382e+03	   2.6190990e-04	
   8.4300375e+03	   2.6189360e-04	
   8.4400072e+03	   2.6189190e-04	
   8.4500351e+03	   2.6189550e-04	
   8.4600334e+03	   2.6189400e-04	
   8.4700327e+03	   2.6188950e-04	
   8.4800310e+03	   2.6190380e-04	
   8.4900303e+03	   2.6189840e-04	
   8.5000296e+03	   2.6190520e-04	
   8.5099993e+03	   2.6188970e-04	
   8.5200272e+03	   2.6188190e-04	
   8.5300255e+03	   2.6185390e-04	
   8.5399952e+03	   2.6182730e-04	
   8.5500231e+03	   2.6179270e-04	
   8.5600224e+03	   2.6178020e-04	
   8.5700207e+03	   2.6172810e-04	
   8.5800200e+03	   2.6170370e-04	
   8.5900183e+03	   2.6168550e-04	
   8.5999880e+03	   2.6167360e-04	
   8.6100159e+03	   2.6166720e-04	
   8.6200151e+03	   2.6165560e-04	
   8.6300144e+03	   2.6164910e-04	
   8.6400423e+03	   2.6163360e-04	
   8.6500120e+03	   2.6159810e-04	
   8.6600399e+03	   2.6153600e-04	
   8.6700382e+03	   2.6147480e-04	
   8.6800079e+03	   2.6141300e-04	
   8.6900358e+03	   2.6132010e-04	
   8.7000351e+03	   2.6119840e-04	
   8.7100334e+03	   2.6109540e-04	
   8.7200031e+03	   2.6100440e-04	
   8.7300310e+03	   2.6086440e-04	
   8.7400303e+03	   2.6066150e-04	
   8.7500000e+03	   2.6041370e-04	
   8.7600279e+03	   2.6013550e-04	
   8.7699976e+03	   2.5980270e-04	
   8.7799969e+03	   2.5935010e-04	
   8.7900248e+03	   2.5872910e-04	
   8.8000231e+03	   2.5790740e-04	
   8.8099928e+03	   2.5694400e-04	
   8.8200207e+03	   2.5565030e-04	
   8.8299904e+03	   2.5397610e-04	
   8.8400183e+03	   2.5167060e-04	
   8.8500175e+03	   2.4873260e-04	
   8.8600159e+03	   2.4515880e-04	
   8.8699856e+03	   2.4086370e-04	
   8.8800430e+03	   2.3570030e-04	
   8.8900423e+03	   2.2942210e-04	
   8.9000406e+03	   2.2229600e-04	
   8.9100103e+03	   2.1395190e-04	
   8.9200382e+03	   2.0419450e-04	
   8.9300375e+03	   1.9336830e-04	
   8.9400072e+03	   1.8187080e-04	
   8.9500351e+03	   1.6949320e-04	
   8.9600048e+03	   1.5676340e-04	
   8.9700327e+03	   1.4352770e-04	
   8.9800310e+03	   1.3008350e-04	
   8.9900303e+03	   1.1663190e-04	
   9.0000000e+03	   1.0367100e-04	
   9.0100279e+03	   9.1057820e-05	
   9.0200272e+03	   7.9153240e-05	
   9.0300255e+03	   6.7763740e-05	
   9.0400248e+03	   5.7331120e-05	
   9.0500231e+03	   4.8221260e-05	
   9.0600224e+03	   3.9902800e-05	
   9.0700207e+03	   3.2400490e-05	
   9.0799904e+03	   2.6236280e-05	
   9.0900183e+03	   2.0962140e-05	
   9.0999880e+03	   1.6567350e-05	
   9.1100159e+03	   1.3142210e-05	
   9.1200151e+03	   1.0477790e-05	
   9.1300430e+03	   8.3603000e-06	
   9.1400423e+03	   6.7418520e-06	
   9.1500406e+03	   5.5342620e-06	
   9.1600399e+03	   4.6186990e-06	
   9.1700382e+03	   3.9695770e-06	
   9.1800375e+03	   3.5135240e-06	
   9.1900358e+03	   3.1821440e-06	
   9.2000351e+03	   2.9522100e-06	
   9.2100334e+03	   2.8382820e-06	
   9.2200031e+03	   2.7410200e-06	
   9.2300310e+03	   2.6935150e-06	
   9.2400007e+03	   2.6732070e-06	
   9.2500582e+03	   2.6561260e-06	
   9.2599993e+03	   2.6578620e-06	
   9.2700272e+03	   2.6558170e-06	
   9.2799969e+03	   2.6600340e-06	
   9.2900248e+03	   2.6645480e-06	
   9.3000231e+03	   2.6649190e-06	
   9.3099928e+03	   2.6631170e-06	
   9.3200207e+03	   2.6608390e-06	
   9.3300200e+03	   2.6429150e-06	
   9.3399897e+03	   2.6036050e-06	
   9.3500175e+03	   2.5525630e-06	
   9.3600159e+03	   2.4906360e-06	
   9.3699856e+03	   2.4162730e-06	
   9.3800430e+03	   2.3395690e-06	
   9.3900127e+03	   2.2613400e-06	
   9.4000406e+03	   2.1835490e-06	
   9.4100399e+03	   2.1122310e-06	
   9.4200096e+03	   2.0326410e-06	
   9.4300375e+03	   1.9611240e-06	
   9.4400072e+03	   1.8917760e-06	
   9.4500351e+03	   1.8249290e-06	
   9.4600048e+03	   1.7683000e-06	
   9.4700327e+03	   1.7185600e-06	
   9.4800024e+03	   1.6826260e-06	
   9.4900303e+03	   1.6521660e-06	
   9.5000000e+03	   1.6399840e-06	
   9.5100279e+03	   1.6300640e-06	
   9.5199976e+03	   1.6325820e-06	
   9.5300255e+03	   1.6304670e-06	
   9.5399952e+03	   1.6361080e-06	
   9.5500231e+03	   1.6410680e-06	
   9.5599928e+03	   1.6449010e-06	
   9.5700207e+03	   1.6501630e-06	
   9.5799904e+03	   1.6542700e-06	
   9.5900183e+03	   1.6571060e-06	
   9.5999880e+03	   1.6643410e-06	
   9.6100159e+03	   1.6731080e-06	
   9.6200151e+03	   1.6868560e-06	
   9.6300144e+03	   1.6994600e-06	
   9.6400423e+03	   1.7096170e-06	
   9.6500120e+03	   1.7159200e-06	
   9.6600399e+03	   1.7223120e-06	
   9.6700382e+03	   1.7307930e-06	
   9.6800079e+03	   1.7404740e-06	
   9.6900358e+03	   1.7524770e-06	
   9.7000055e+03	   1.7612470e-06	
   9.7100334e+03	   1.7698720e-06	
   9.7200031e+03	   1.7846500e-06	
   9.7300310e+03	   1.7959500e-06	
   9.7400303e+03	   1.8053720e-06	
   9.7500000e+03	   1.8082840e-06	
   9.7600279e+03	   1.8072050e-06	
   9.7699976e+03	   1.8015920e-06	
   9.7800255e+03	   1.7913160e-06	
   9.7899952e+03	   1.7761250e-06	
   9.8000231e+03	   1.7551280e-06	
   9.8099928e+03	   1.7248390e-06	
   9.8200207e+03	   1.6849540e-06	
   9.8300200e+03	   1.6414600e-06	
   9.8400183e+03	   1.5962100e-06	
   9.8499880e+03	   1.5490390e-06	
   9.8600159e+03	   1.5025620e-06	
   9.8700151e+03	   1.4541230e-06	
   9.8800430e+03	   1.4113530e-06	
   9.8900127e+03	   1.3670100e-06	
   9.9000406e+03	   1.3336270e-06	
   9.9100399e+03	   1.3060730e-06	
   9.9200096e+03	   1.2836670e-06	
   9.9300375e+03	   1.2673000e-06	
   9.9400072e+03	   1.2548100e-06	
   9.9500351e+03	   1.2471820e-06	
   9.9600334e+03	   1.2410880e-06	
   9.9700031e+03	   1.2341510e-06	
   9.9800310e+03	   1.2258430e-06	
   9.9900007e+03	   1.2138090e-06	
   1.0000030e+04	   1.2018070e-06	
   1.0009999e+04	   1.1893200e-06	
   1.0020027e+04	   1.1768970e-06	
   1.0030025e+04	   1.1619890e-06	
   1.0039995e+04	   1.1459820e-06	
   1.0050023e+04	   1.1268380e-06	
   1.0059993e+04	   1.1054770e-06	
   1.0070021e+04	   1.0840400e-06	
   1.0079990e+04	   1.0637490e-06	
   1.0090048e+04	   1.0467980e-06	
   1.0099988e+04	   1.0347080e-06	
   1.0110016e+04	   1.0276500e-06	
   1.0120015e+04	   1.0218970e-06	
   1.0130014e+04	   1.0196800e-06	
   1.0140042e+04	   1.0199660e-06	
   1.0150012e+04	   1.0227040e-06	
   1.0160040e+04	   1.0245250e-06	
   1.0170038e+04	   1.0235400e-06	
   1.0180037e+04	   1.0201510e-06	
   1.0190036e+04	   1.0147010e-06	
   1.0200006e+04	   1.0075440e-06	
   1.0210033e+04	   9.9729970e-07	
   1.0220033e+04	   9.8448340e-07	
   1.0230002e+04	   9.6896250e-07	
   1.0240030e+04	   9.5413660e-07	
   1.0250030e+04	   9.4104510e-07	
   1.0259999e+04	   9.3025050e-07	
   1.0270027e+04	   9.2460450e-07	
   1.0279997e+04	   9.2564140e-07	
   1.0290025e+04	   9.3300450e-07	
   1.0300023e+04	   9.4741390e-07	
   1.0309993e+04	   9.6605730e-07	
   1.0320021e+04	   9.8803290e-07	
   1.0330020e+04	   1.0096510e-06	
   1.0339990e+04	   1.0285710e-06	
   1.0350018e+04	   1.0427930e-06	
   1.0360016e+04	   1.0568370e-06	
   1.0369986e+04	   1.0700750e-06	
   1.0380043e+04	   1.0813820e-06	
   1.0390013e+04	   1.0863310e-06	
   1.0400041e+04	   1.0829130e-06	
   1.0410040e+04	   1.0737460e-06	
   1.0420010e+04	   1.0652870e-06	
   1.0430037e+04	   1.0627120e-06	
   1.0440007e+04	   1.0665170e-06	
   1.0450035e+04	   1.0814070e-06	
   1.0460005e+04	   1.1086800e-06	
   1.0470033e+04	   1.1521370e-06	
   1.0480031e+04	   1.2085990e-06	
   1.0490001e+04	   1.2787630e-06	
   1.0500030e+04	   1.3563370e-06	
   1.0509999e+04	   1.4309500e-06	
   1.0520027e+04	   1.4939690e-06	
   1.0529997e+04	   1.5409030e-06	
   1.0540025e+04	   1.5669040e-06	
   1.0550023e+04	   1.5750530e-06	
   1.0559993e+04	   1.5586180e-06	
   1.0570021e+04	   1.5115300e-06	
   1.0579990e+04	   1.4358530e-06	
   1.0590018e+04	   1.3358850e-06	
   1.0599988e+04	   1.2200770e-06	
   1.0610016e+04	   1.0891950e-06	
   1.0619986e+04	   9.5658060e-07	
   1.0630043e+04	   8.3316150e-07	
   1.0640013e+04	   7.3542090e-07	
   1.0650041e+04	   6.6772890e-07	
   1.0660010e+04	   6.2502570e-07	
   1.0670038e+04	   5.9992380e-07	
   1.0680008e+04	   5.8512690e-07	
   1.0690036e+04	   5.7506760e-07	
   1.0700006e+04	   5.6702340e-07	
   1.0710033e+04	   5.6021680e-07	
   1.0720003e+04	   5.5620410e-07	
   1.0730031e+04	   5.5443770e-07	
   1.0740030e+04	   5.5094230e-07	
   1.0750000e+04	   5.4280420e-07	
   1.0760028e+04	   5.2871430e-07	
   1.0769998e+04	   5.1008610e-07	
   1.0780025e+04	   4.9042750e-07	
   1.0789995e+04	   4.6972470e-07	
   1.0800023e+04	   4.4978510e-07	
   1.0809993e+04	   4.3082210e-07	
   1.0819992e+04	   4.1435860e-07	
   1.0830020e+04	   4.0039030e-07	
   1.0839990e+04	   3.8818920e-07	
   1.0850018e+04	   3.7630900e-07	
   1.0859987e+04	   3.6459410e-07	
   1.0870015e+04	   3.5103710e-07	
   1.0880014e+04	   3.3852690e-07	
   1.0890042e+04	   3.3011740e-07	
   1.0900012e+04	   3.2431340e-07	
   1.0910040e+04	   3.1623810e-07	
   1.0920038e+04	   3.0282990e-07	
   1.0930008e+04	   2.8679680e-07	
   1.0940036e+04	   2.7242630e-07	
   1.0950006e+04	   2.6183290e-07	
   1.0960033e+04	   2.5491720e-07	
   1.0970033e+04	   2.4778390e-07	
   1.0980002e+04	   2.3851130e-07	
   1.0990030e+04	   2.2926080e-07	
   1.1000000e+04	   2.2188890e-07	
