   8.0000000e+03	   3.1040390e-04	
   8.0100574e+03	   2.7048040e-04	
   8.0199976e+03	   2.7039430e-04	
   8.0300255e+03	   2.7030330e-04	
   8.0400248e+03	   2.7020590e-04	
   8.0500231e+03	   2.7012090e-04	
   8.0600224e+03	   2.7002980e-04	
   8.0700207e+03	   2.6994380e-04	
   8.0800486e+03	   2.6986400e-04	
   8.0900183e+03	   2.6979550e-04	
   8.1000175e+03	   2.6970210e-04	
   8.1100159e+03	   2.6962550e-04	
   8.1200151e+03	   2.6955140e-04	
   8.1300430e+03	   2.6947110e-04	
   8.1400423e+03	   2.6938880e-04	
   8.1500406e+03	   2.6931690e-04	
   8.1600399e+03	   2.6924030e-04	
   8.1700382e+03	   2.6917750e-04	
   8.1800375e+03	   2.6909220e-04	
   8.1900358e+03	   2.6902300e-04	
   8.2000351e+03	   2.6892610e-04	
   8.2100334e+03	   2.6885870e-04	
   8.2200327e+03	   2.6878860e-04	
   8.2300310e+03	   2.6871440e-04	
   8.2400303e+03	   2.6865160e-04	
   8.2500296e+03	   2.6858590e-04	
   8.2600279e+03	   2.6851820e-04	
   8.2700272e+03	   2.6846200e-04	
   8.2800255e+03	   2.6839040e-04	
   8.2900248e+03	   2.6833030e-04	
   8.3000231e+03	   2.6826320e-04	
   8.3100224e+03	   2.6819020e-04	
   8.3200502e+03	   2.6810270e-04	
   8.3300200e+03	   2.6804110e-04	
   8.3400183e+03	   2.6795870e-04	
   8.3500175e+03	   2.6786500e-04	
   8.3600159e+03	   2.6778390e-04	
   8.3700151e+03	   2.6767800e-04	
   8.3800430e+03	   2.6759800e-04	
   8.3900423e+03	   2.6751760e-04	
   8.4000406e+03	   2.6741590e-04	
   8.4100399e+03	   2.6732980e-04	
   8.4200382e+03	   2.6722740e-04	
   8.4300375e+03	   2.6713770e-04	
   8.4400358e+03	   2.6701980e-04	
   8.4500351e+03	   2.6693200e-04	
   8.4600334e+03	   2.6682230e-04	
   8.4700327e+03	   2.6670270e-04	
   8.4800310e+03	   2.6659600e-04	
   8.4900303e+03	   2.6649110e-04	
   8.5000296e+03	   2.6637870e-04	
   8.5100279e+03	   2.6626140e-04	
   8.5200272e+03	   2.6613080e-04	
   8.5300255e+03	   2.6601170e-04	
   8.5400248e+03	   2.6588440e-04	
   8.5500231e+03	   2.6576880e-04	
   8.5600224e+03	   2.6563830e-04	
   8.5699921e+03	   2.6552290e-04	
   8.5800200e+03	   2.6540160e-04	
   8.5900183e+03	   2.6527590e-04	
   8.5999880e+03	   2.6517100e-04	
   8.6100159e+03	   2.6505910e-04	
   8.6200151e+03	   2.6494290e-04	
   8.6300430e+03	   2.6482910e-04	
   8.6400423e+03	   2.6471190e-04	
   8.6500120e+03	   2.6460030e-04	
   8.6600399e+03	   2.6447170e-04	
   8.6700382e+03	   2.6434260e-04	
   8.6800079e+03	   2.6420110e-04	
   8.6900358e+03	   2.6404290e-04	
   8.7000351e+03	   2.6388820e-04	
   8.7100048e+03	   2.6374420e-04	
   8.7200327e+03	   2.6358090e-04	
   8.7300310e+03	   2.6340930e-04	
   8.7400303e+03	   2.6325600e-04	
   8.7500000e+03	   2.6309200e-04	
   8.7600574e+03	   2.6292680e-04	
   8.7700272e+03	   2.6276970e-04	
   8.7799969e+03	   2.6261500e-04	
   8.7900248e+03	   2.6241970e-04	
   8.8000231e+03	   2.6219930e-04	
   8.8100224e+03	   2.6195880e-04	
   8.8200207e+03	   2.6167330e-04	
   8.8300200e+03	   2.6134450e-04	
   8.8400183e+03	   2.6095890e-04	
   8.8500175e+03	   2.6050950e-04	
   8.8600159e+03	   2.5991840e-04	
   8.8699856e+03	   2.5922570e-04	
   8.8800430e+03	   2.5837190e-04	
   8.8900423e+03	   2.5732560e-04	
   8.9000406e+03	   2.5598230e-04	
   8.9100399e+03	   2.5423680e-04	
   8.9200382e+03	   2.5193840e-04	
   8.9300375e+03	   2.4896410e-04	
   8.9400358e+03	   2.4533420e-04	
   8.9500351e+03	   2.4095660e-04	
   8.9600048e+03	   2.3592060e-04	
   8.9700327e+03	   2.2972290e-04	
   8.9800310e+03	   2.2253170e-04	
   8.9900303e+03	   2.1427380e-04	
   9.0000296e+03	   2.0498580e-04	
   9.0099993e+03	   1.9476440e-04	
   9.0200272e+03	   1.8374480e-04	
   9.0300255e+03	   1.7166950e-04	
   9.0400248e+03	   1.5899180e-04	
   9.0500231e+03	   1.4592480e-04	
   9.0600224e+03	   1.3249820e-04	
   9.0700207e+03	   1.1871500e-04	
   9.0799904e+03	   1.0572630e-04	
   9.0900478e+03	   9.2635610e-05	
   9.0999880e+03	   8.0492860e-05	
   9.1100159e+03	   6.9101330e-05	
   9.1200151e+03	   5.8887040e-05	
   9.1300430e+03	   4.9321130e-05	
   9.1400423e+03	   4.1084020e-05	
   9.1500406e+03	   3.3683460e-05	
   9.1600399e+03	   2.7300340e-05	
   9.1700382e+03	   2.2044370e-05	
   9.1800375e+03	   1.7659230e-05	
   9.1900072e+03	   1.4066400e-05	
   9.2000351e+03	   1.1191670e-05	
   9.2100048e+03	   8.9399330e-06	
   9.2200031e+03	   7.1628820e-06	
   9.2300606e+03	   5.8222190e-06	
   9.2400303e+03	   4.7905160e-06	
   9.2500296e+03	   4.0397630e-06	
   9.2600279e+03	   3.5052560e-06	
   9.2699976e+03	   3.1422400e-06	
   9.2800255e+03	   2.9079500e-06	
   9.2900248e+03	   2.7539620e-06	
   9.3000231e+03	   2.6627710e-06	
   9.3100224e+03	   2.6086620e-06	
   9.3200207e+03	   2.5850290e-06	
   9.3300200e+03	   2.5723550e-06	
   9.3399897e+03	   2.5692900e-06	
   9.3500175e+03	   2.5726060e-06	
   9.3600159e+03	   2.5757000e-06	
   9.3699856e+03	   2.5851080e-06	
   9.3800430e+03	   2.5862700e-06	
   9.3900127e+03	   2.6014780e-06	
   9.4000406e+03	   2.6028620e-06	
   9.4100399e+03	   2.5884270e-06	
   9.4200096e+03	   2.5544230e-06	
   9.4300375e+03	   2.5159850e-06	
   9.4400358e+03	   2.4502630e-06	
   9.4500351e+03	   2.3798750e-06	
   9.4600048e+03	   2.2996550e-06	
   9.4700327e+03	   2.2196680e-06	
   9.4800310e+03	   2.1415650e-06	
   9.4900303e+03	   2.0628140e-06	
   9.5000000e+03	   1.9874420e-06	
   9.5100279e+03	   1.9158500e-06	
   9.5199976e+03	   1.8434900e-06	
   9.5300255e+03	   1.7784350e-06	
   9.5399952e+03	   1.7182950e-06	
   9.5500231e+03	   1.6639430e-06	
   9.5599928e+03	   1.6184800e-06	
   9.5700502e+03	   1.5848290e-06	
   9.5799904e+03	   1.5625160e-06	
   9.5900183e+03	   1.5492790e-06	
   9.5999880e+03	   1.5463780e-06	
   9.6100159e+03	   1.5472300e-06	
   9.6200151e+03	   1.5503840e-06	
   9.6300430e+03	   1.5564990e-06	
   9.6400127e+03	   1.5597910e-06	
   9.6500406e+03	   1.5645560e-06	
   9.6600103e+03	   1.5660110e-06	
   9.6700382e+03	   1.5664700e-06	
   9.6800079e+03	   1.5706320e-06	
   9.6900358e+03	   1.5807360e-06	
   9.7000055e+03	   1.5938860e-06	
   9.7100334e+03	   1.6061970e-06	
   9.7200031e+03	   1.6155560e-06	
   9.7300310e+03	   1.6253630e-06	
   9.7400303e+03	   1.6352710e-06	
   9.7500000e+03	   1.6475630e-06	
   9.7600279e+03	   1.6629130e-06	
   9.7699976e+03	   1.6781400e-06	
   9.7800255e+03	   1.6931710e-06	
   9.7899952e+03	   1.7070250e-06	
   9.8000231e+03	   1.7202390e-06	
   9.8099928e+03	   1.7316310e-06	
   9.8200207e+03	   1.7413620e-06	
   9.8300200e+03	   1.7455120e-06	
   9.8399897e+03	   1.7429820e-06	
   9.8500175e+03	   1.7360110e-06	
   9.8600159e+03	   1.7271570e-06	
   9.8699856e+03	   1.7125000e-06	
   9.8800430e+03	   1.6898200e-06	
   9.8900127e+03	   1.6586870e-06	
   9.9000406e+03	   1.6197330e-06	
   9.9100399e+03	   1.5776470e-06	
   9.9200096e+03	   1.5299470e-06	
   9.9300079e+03	   1.4828120e-06	
   9.9400358e+03	   1.4367440e-06	
   9.9500351e+03	   1.3927660e-06	
   9.9600334e+03	   1.3491160e-06	
   9.9700031e+03	   1.3087380e-06	
   9.9800310e+03	   1.2772940e-06	
   9.9900007e+03	   1.2476670e-06	
   1.0000030e+04	   1.2233190e-06	
