   8.0000000e+03	   3.0151560e-04	
   8.0100574e+03	   2.6074710e-04	
   8.0200272e+03	   2.6073330e-04	
   8.0300255e+03	   2.6072930e-04	
   8.0400248e+03	   2.6071460e-04	
   8.0500231e+03	   2.6071100e-04	
   8.0600224e+03	   2.6069930e-04	
   8.0699921e+03	   2.6069510e-04	
   8.0800486e+03	   2.6070510e-04	
   8.0900183e+03	   2.6067510e-04	
   8.1000175e+03	   2.6066390e-04	
   8.1100159e+03	   2.6064680e-04	
   8.1200151e+03	   2.6063310e-04	
   8.1300430e+03	   2.6062590e-04	
   8.1400423e+03	   2.6062430e-04	
   8.1500406e+03	   2.6061420e-04	
   8.1600399e+03	   2.6059170e-04	
   8.1700382e+03	   2.6057570e-04	
   8.1800375e+03	   2.6056550e-04	
   8.1900358e+03	   2.6056370e-04	
   8.2000351e+03	   2.6055680e-04	
   8.2100334e+03	   2.6054130e-04	
   8.2200327e+03	   2.6053530e-04	
   8.2300310e+03	   2.6051480e-04	
   8.2400303e+03	   2.6051220e-04	
   8.2500296e+03	   2.6049510e-04	
   8.2600279e+03	   2.6048980e-04	
   8.2700272e+03	   2.6047660e-04	
   8.2800255e+03	   2.6046510e-04	
   8.2900248e+03	   2.6046450e-04	
   8.3000231e+03	   2.6046250e-04	
   8.3100224e+03	   2.6045040e-04	
   8.3200207e+03	   2.6044770e-04	
   8.3300200e+03	   2.6043410e-04	
   8.3400183e+03	   2.6042180e-04	
   8.3500175e+03	   2.6041370e-04	
   8.3600159e+03	   2.6040730e-04	
   8.3700151e+03	   2.6039290e-04	
   8.3800430e+03	   2.6039950e-04	
   8.3900423e+03	   2.6037540e-04	
   8.4000406e+03	   2.6037320e-04	
   8.4100399e+03	   2.6036760e-04	
   8.4200096e+03	   2.6035560e-04	
   8.4300661e+03	   2.6033780e-04	
   8.4400072e+03	   2.6033450e-04	
   8.4500351e+03	   2.6032630e-04	
   8.4600334e+03	   2.6031600e-04	
   8.4700327e+03	   2.6029950e-04	
   8.4800310e+03	   2.6029060e-04	
   8.4900303e+03	   2.6028190e-04	
   8.5000296e+03	   2.6028110e-04	
   8.5100279e+03	   2.6026990e-04	
   8.5200272e+03	   2.6026280e-04	
   8.5300255e+03	   2.6024760e-04	
   8.5400248e+03	   2.6024650e-04	
   8.5500231e+03	   2.6024040e-04	
   8.5600224e+03	   2.6023840e-04	
   8.5700207e+03	   2.6022510e-04	
   8.5800200e+03	   2.6021810e-04	
   8.5900183e+03	   2.6020630e-04	
   8.5999880e+03	   2.6019940e-04	
   8.6100159e+03	   2.6019440e-04	
   8.6200151e+03	   2.6017080e-04	
   8.6300430e+03	   2.6015860e-04	
   8.6400423e+03	   2.6014890e-04	
   8.6500120e+03	   2.6014060e-04	
   8.6600399e+03	   2.6011270e-04	
   8.6700382e+03	   2.6008410e-04	
   8.6800079e+03	   2.6007260e-04	
   8.6900358e+03	   2.6005840e-04	
   8.7000351e+03	   2.6004820e-04	
   8.7100334e+03	   2.6002390e-04	
   8.7200031e+03	   2.6000100e-04	
   8.7300310e+03	   2.5996380e-04	
   8.7400303e+03	   2.5992230e-04	
   8.7500000e+03	   2.5989830e-04	
   8.7600574e+03	   2.5984140e-04	
   8.7699976e+03	   2.5982810e-04	
   8.7799969e+03	   2.5980670e-04	
   8.7900248e+03	   2.5975640e-04	
   8.8000231e+03	   2.5969920e-04	
   8.8099928e+03	   2.5963200e-04	
   8.8200502e+03	   2.5949860e-04	
   8.8300200e+03	   2.5934130e-04	
   8.8400183e+03	   2.5914530e-04	
   8.8500175e+03	   2.5891330e-04	
   8.8600159e+03	   2.5862110e-04	
   8.8700151e+03	   2.5824790e-04	
   8.8800430e+03	   2.5773430e-04	
   8.8900423e+03	   2.5708480e-04	
   8.9000406e+03	   2.5625920e-04	
   8.9100399e+03	   2.5520240e-04	
   8.9200382e+03	   2.5378280e-04	
   8.9300375e+03	   2.5187020e-04	
   8.9400358e+03	   2.4944950e-04	
   8.9500351e+03	   2.4636640e-04	
   8.9600048e+03	   2.4260230e-04	
   8.9700327e+03	   2.3788740e-04	
   8.9800310e+03	   2.3220510e-04	
   8.9900303e+03	   2.2551590e-04	
   9.0000296e+03	   2.1777760e-04	
   9.0100279e+03	   2.0893810e-04	
   9.0200272e+03	   1.9912850e-04	
   9.0299969e+03	   1.8819150e-04	
   9.0400248e+03	   1.7640710e-04	
   9.0500231e+03	   1.6410000e-04	
   9.0600224e+03	   1.5113230e-04	
   9.0700207e+03	   1.3750310e-04	
   9.0799904e+03	   1.2434730e-04	
   9.0900183e+03	   1.1101110e-04	
   9.0999880e+03	   9.8113290e-05	
   9.1100159e+03	   8.5841370e-05	
   9.1200151e+03	   7.4309570e-05	
   9.1300430e+03	   6.3543280e-05	
   9.1400423e+03	   5.4122810e-05	
   9.1500406e+03	   4.5468000e-05	
   9.1600399e+03	   3.7617580e-05	
   9.1700096e+03	   3.1057290e-05	
   9.1800375e+03	   2.5296720e-05	
   9.1900358e+03	   2.0368570e-05	
   9.2000351e+03	   1.6421330e-05	
   9.2100048e+03	   1.3199500e-05	
   9.2200031e+03	   1.0578910e-05	
   9.2300606e+03	   8.6357840e-06	
   9.2400007e+03	   7.1202630e-06	
   9.2500582e+03	   5.9472450e-06	
   9.2599993e+03	   5.0879570e-06	
   9.2700272e+03	   4.4534110e-06	
   9.2799969e+03	   4.0371120e-06	
   9.2900248e+03	   3.7486480e-06	
   9.3000231e+03	   3.5572670e-06	
   9.3100224e+03	   3.4417670e-06	
   9.3200207e+03	   3.3742760e-06	
   9.3299904e+03	   3.3353870e-06	
   9.3400183e+03	   3.3222830e-06	
   9.3500175e+03	   3.3254020e-06	
   9.3600159e+03	   3.3178860e-06	
   9.3700151e+03	   3.3317770e-06	
   9.3800430e+03	   3.3363080e-06	
   9.3900127e+03	   3.3465650e-06	
   9.4000406e+03	   3.3589340e-06	
   9.4100399e+03	   3.3572730e-06	
   9.4200096e+03	   3.3525160e-06	
   9.4300375e+03	   3.3379630e-06	
   9.4400072e+03	   3.2896210e-06	
   9.4500351e+03	   3.2383740e-06	
   9.4600334e+03	   3.1666530e-06	
   9.4700031e+03	   3.0924330e-06	
   9.4800310e+03	   3.0078810e-06	
   9.4900303e+03	   2.9291860e-06	
   9.5000296e+03	   2.8436030e-06	
   9.5100279e+03	   2.7679080e-06	
   9.5199976e+03	   2.6876600e-06	
   9.5300255e+03	   2.6134210e-06	
   9.5400248e+03	   2.5388350e-06	
   9.5499945e+03	   2.4700530e-06	
   9.5600224e+03	   2.4084840e-06	
   9.5700207e+03	   2.3561820e-06	
   9.5799904e+03	   2.3115640e-06	
   9.5900183e+03	   2.2822750e-06	
   9.5999880e+03	   2.2676360e-06	
   9.6100159e+03	   2.2612750e-06	
   9.6199856e+03	   2.2570070e-06	
   9.6300430e+03	   2.2606510e-06	
   9.6400423e+03	   2.2620480e-06	
   9.6500120e+03	   2.2674740e-06	
   9.6600103e+03	   2.2684090e-06	
   9.6700382e+03	   2.2719410e-06	
   9.6800079e+03	   2.2721850e-06	
   9.6900358e+03	   2.2738130e-06	
   9.7000055e+03	   2.2803260e-06	
   9.7100630e+03	   2.2925370e-06	
   9.7200031e+03	   2.3032040e-06	
   9.7300310e+03	   2.3149680e-06	
   9.7400303e+03	   2.3248620e-06	
   9.7500000e+03	   2.3327750e-06	
   9.7600279e+03	   2.3428110e-06	
   9.7700272e+03	   2.3561030e-06	
   9.7799969e+03	   2.3711750e-06	
   9.7900248e+03	   2.3826470e-06	
   9.8000231e+03	   2.3959590e-06	
   9.8100224e+03	   2.4054140e-06	
   9.8200207e+03	   2.4170500e-06	
   9.8300200e+03	   2.4249360e-06	
   9.8399897e+03	   2.4273070e-06	
   9.8500175e+03	   2.4252520e-06	
   9.8600159e+03	   2.4148320e-06	
   9.8699856e+03	   2.4026770e-06	
   9.8800430e+03	   2.3848530e-06	
   9.8900127e+03	   2.3619140e-06	
   9.9000406e+03	   2.3304400e-06	
   9.9100399e+03	   2.2902410e-06	
   9.9200096e+03	   2.2445100e-06	
   9.9300375e+03	   2.1965870e-06	
   9.9400072e+03	   2.1443550e-06	
   9.9500351e+03	   2.0960800e-06	
   9.9600334e+03	   2.0489230e-06	
   9.9700031e+03	   2.0024220e-06	
   9.9800310e+03	   1.9614560e-06	
   9.9900007e+03	   1.9264070e-06	
   1.0000000e+04	   1.8944390e-06	
